0.07531484372608352
0.05224765772906322
0.04323505527184602
0.03727940659458519
0.03330424309443327
0.030473161156645792
0.028095178216159616
0.026257548697028826
0.024649180390697894
0.023533787450038264
0.02244682094510337
0.021580344305187002
0.020496392970582054
0.019964356107870843
0.019179144683915943
0.018706694483535798
0.017924979807945673
0.017361046213901162
0.017007728545173968
0.01668273933754942
0.01601276476382223
0.01568712825806027
0.015308432189342615
0.01480192387622502
0.014741380564420349
0.014318169986462743
0.014345127004738896
0.013931196257544728
0.013589687972190194
0.01355226318222352
0.013181170276699447
0.013068311570192117
0.012693695420758868
0.01266990020928894
0.012406790680468054
0.012231344636024976
0.012010709356700162
0.011882741461993106
0.01176478359063324
0.011392705735666335
0.011456448492562707
0.011247656270245333
0.011217284171816288
0.01107790826868091
0.010686193144065749
0.010785678659304618
0.010558073356723853
0.010472611734693778
0.010392749758453055
0.010203587230729257
0.010372799144766057
0.010112520635332104
0.010016143041300921
0.009851750980126198
0.009912577331788526
0.009803751646625884
0.00966209596247865
0.009494760586240143
0.009477489328941439
0.009354777632738563
0.00932091723736926
0.009253106028629356
0.009088049834827024
0.00915293982913092
0.008970811454042934
0.009037736339863385
0.00882056884322353
0.008741550368706434
0.008680743367864275
0.008573564631172249
0.008572219616578653
0.008541787414695285
0.008410308488232692
0.00849589107647642
0.008387573721690215
0.008323852740647243
0.008191529036513288
0.008040785715470252
0.007996784524228744
0.008001109274644638
0.007968860085528074
0.007866292475619313
0.00769124437832076
0.007801061843309825
0.00782452038286785
0.007593111735256845
0.007671481419624997
0.0075984897537177045
0.007607967784529427
0.0075132606543821
0.007501601867702216
0.007469814699416254
0.007326334090392405
0.007286881911038888
0.007311856181056738
0.007251052962179005
0.007196095726772616
0.007120099078073074
0.007054826129398217
0.006993364346828442
0.007138829345554545
0.007031257454853845
0.006973242210002859
0.006912987157440988
0.006886397690052078
0.006790510878269272
0.006753304634538396
0.0068224492092586
0.006738350175166221
0.006715327102824467
0.006611578220091508
0.006525089586035834
0.006634695548984774
0.006547950165752572
0.006558825711300552
0.006452002217582813
0.006502814150090947
0.006359278624225532
0.006455843201496305
0.00643838398914619
0.006353638376394917
0.006363685434233508
0.006325368425354595
0.00622515890379735
0.0062233124356808655
0.006198936896816632
0.006185959348715704
0.006117209319031704
0.006135212916728212
0.00603235178478976
0.006066398349656196
0.006117540764045439
0.0060049577383828705
0.00601216157920158
0.005900443770294183
0.005931029435866971
0.005885445034190405
0.005850683463364845
0.005859119333541725
0.005861170145825644
0.005868156715805362
0.0057396748243506105
0.005761499172384998
0.005827370227451074
0.0057029861816667955
0.005673695727641753
0.0057185759111070406
0.0056488109351351574
0.005633687100647769
0.005622564857961178
0.0056224805326465024
0.005591424920987966
0.0055901536114348555
0.005500264981862502
0.005465663252711508
0.005469422791596605
0.0054148439180269
0.005465053759552653
0.00546769023122195
0.005444963107646506
0.00538664414556407
0.005419052831350844
0.005289820123761517
0.005313038822190367
0.005353395270829631
0.0052475747121542024
0.005340708274785385
0.005269929955890918
0.0052391065115826325
0.005227616801464063
0.005260128408979656
0.005224072886481921
0.005161406232172969
0.005135232876131003
0.0051753349605732635
0.005026422612170588
0.005148583048677721
0.0050157050429586935
0.005056988309604019
0.00501795380412242
0.005025526045292531
0.0050442158840113506
0.005008247874051504
0.0049657088167974015
0.004922264151814331
0.004947908671309082
0.004913935874086279
0.004894619975554806
0.0048738443149754125
0.004850524789417614
0.00484266046752274
0.004784542175482289
0.00483251708278689
0.004810069168794135
0.004808553638922255
0.004755005819702243
0.004731923321407004
0.004759363873877621
0.004677503865059362
0.0047652652620585574
0.004728041662147713
0.004710995045863985
0.0046707379196443384
0.004700821149389699
0.004626899989111535
0.004711757764769352
0.004618557361739332
0.004559755783619816
0.004581572660461638
0.004585423598669978
0.0045464800883606975
0.004578770611100026
0.00456728476456258
0.0045197283738016274
0.004450138841331106
0.004458791960110444
0.004507277248520907
0.004474032816035236
0.004460575502919818
0.004461742265216236
0.004437568576887565
0.004395884550303219
0.004419627718496839
0.004411649786777106
0.0044164085545740335
0.00438456510653993
0.004263168830403938
0.004325920034789872
0.004388121064798704
0.004297088220056507
0.004294924875677985
0.004276975527927634
0.004319120405455281
0.004271387825512439
0.004280245600960115
0.004270087412766053
0.004231050198040145
0.004218583274197479
0.004207016844503919
0.004232346685016793
0.004164914559676615
0.004159506814992263
0.004135909027009742
0.004146423402348371
0.004133057261502906
0.004143817311982225
0.004116751591347572
0.0041016528118044794
0.004031243493365116
0.0040338708412242155
0.004105074574429285
0.004079258887003115
0.004020201247453954
0.0040598380085419775
0.0040465752889507324
0.00397320039979894
0.004026948922528309
0.004074552151097803
0.003938585353981167
0.003938082935555017
0.0039561560764223005
0.003936224451737769
0.003968567616860891
0.0039308397083460305
0.003939641078870043
0.0039728480789289556
0.003910395795554876
0.003946272459986558
0.003875605696924595
0.0038584780289970507
0.003883342473656222
0.0038975242908915932
0.003859674377337612
0.0038734552735867084
0.003875132927539184
0.00382861775130695
0.003819564532923784
0.0037862495280140615
0.0038043610619983184
0.00373058130826508
0.0037687340250930714
0.0037576355691053354
0.0037636777602623774
0.0037709283403955644
0.003729051649316172
0.003773442966014609
0.003709740634863786
0.0037362571700163285
0.0037175573666182985
0.003688675208137059
0.0037236284680765286
0.0036367461331672495
0.0036848565427102568
0.0036796604199182694
0.003681005522463269
0.0036470995557962038
0.0036287229348921607
0.003639127457675635
0.003649193116016543
0.003614112172475491
0.0036227486121789727
0.0035624032383064614
0.0035715031944146135
0.003608987294092781
0.0035387765915562055
0.003565969356226181
0.003515175842709833
0.0035584862280073205
0.003511447923738658
0.0035195961699069525
0.003518486210657892
0.0035084915059000214
0.0035010633972726336
0.0034726109694137525
0.003489719489823986
0.0034398312340859637
0.0035081290029720016
0.0034218263769395262
0.0034520127105843565
0.0034379802311180117
0.003438204333998272
0.003429368880346754
0.003419391058356308
0.003374173466459633
0.0033866118489319637
0.0033691975639976155
0.003393724010103311
0.0034474746445028776
0.003382382207889355
0.0033820643296032325
0.003343241279288316
0.0033518111698535007
0.0033560015950383363
0.0033019041728479803
0.0032930037258282786
0.0033139866736020883
0.003324944158107234
0.0032620110356395573
0.00329496909790821
0.003269418574674098
0.0032704913433012437
0.003261044887966986
0.00326816247586768
0.0032708317321854152
0.0033014784740273175
0.003240264804385997
0.003218814677426808
0.003192573451329683
0.00323268488648554
0.003187291610552589
0.003235317250425522
0.0031595347905293406
0.0032357114002388773
0.0031849948637598653
0.003199598502761516
0.0031932046242372026
0.0031631710400621222
0.003158991119789579
0.0031372824958384475
0.0031526695992809065
0.003146685321031788
0.003066378962400018
0.003119869110362932
0.00308246197528781
0.0030798663160053977
0.0031249473235849816
0.0031134812673190714
0.003088871764110565
0.0030871341379285215
0.003068320931148544
0.0030780623020539976
0.0030787710736525403
0.003059115179341215
0.0030666256982974645
0.003085968203577764
0.0030392767646504277
0.003018422997971177
0.003037483604416546
0.0030602582915978806
0.003000645877626997
0.002995953505129687
0.0029682677053480488
0.0030154865762804617
0.003008198875952394
0.002981880460784758
0.0029598712136533843
0.00295445696752733
0.0029685444029570484
0.0029308025827626664
0.002937977964378882
0.0029448026751976173
0.0029361033370226054
0.002915248098186647
0.0029514605311180696
0.0029132480769057567
0.0029254206735834717
0.002900337078688043
0.002885250155650753
0.002891549386303867
0.0028912705301948312
0.0028739256769298458
0.0028716673940209275
0.0028606266734823196
0.0028775613210715143
0.002868550133583075
0.0028652047683400484
0.0028395963817984516
0.0028349254659344645
0.002856538503530255
0.0028262819728327735
0.002849517964064247
0.0028038426818592856
0.0028341985388609316
0.00279813166409601
0.0028194352031410803
0.002767547316693608
0.002785483458573163
0.0027919362105217876
0.0027871036363408923
0.0027734728239372183
0.0027533217633602483
0.002757664088939636
0.0027924011504329035
0.0027557672224906046
0.002748994288092668
0.0027622107242942944
0.002726379583230639
0.0027321913111940546
0.002713864923323075
0.002710219085653662
0.002698923326650146
0.0027061901524569223
0.0026639467392712037
0.002710636717308941
0.0026948323238003176
0.0026578197614518665
0.0026699007706647375
0.0026740694745394813
0.0026563369307826324
0.0026607747261418436
0.0026423744670763627
0.002665297447717008
0.0026015225231544327
0.002623782775391118
0.002631364093871774
0.0026241084458584756
0.0026086090749815913
0.0026496826727741445
0.0025736488578821746
0.0026003481519989865
0.002601543901573868
0.002597159366330904
0.0026001961238125244
0.002567361212646931
0.0025827188698948167
0.0025920340523110795
0.0025784807207152784
0.0025683490064958665
0.002583060158711675
0.002566958625373668
0.002584369672411818
0.0025290322619816075
0.0025351121732922763
0.0025470279233243526
0.0025465389713298643
0.002505763793848554
0.0025120938724830077
0.002521521462601689
0.0025109469964949556
0.0025038985400344326
0.0024896947210522858
0.002470967227302341
0.00250945218665807
0.0024750188312614245
0.0024699002770225084
0.002472849145276209
0.002452255758555658
0.002511403972598133
0.002480091245987599
0.0024565864170011864
0.0024446737771671645
0.002446409772531139
0.002441338678819849
0.002428262486692912
0.0024385192097955205
0.002416286618121857
0.002434058136627967
0.002416420948081947
0.002413541070217158
0.0024174516273423883
0.0024054647734708477
0.0023933224732165972
0.0023939657048681383
0.002396159332154314
0.002419010879145335
0.002378890700591503
0.0023977528304876612
0.0023813022151819695
0.002370247131552331
0.0023493330883300103
0.0023639619133993682
0.00237043758488525
0.00236172012869772
0.0023528277805979145
0.0023245165769024004
0.0023367118173186945
0.0023310976359382824
0.002306010306509425
0.002280779542421776
0.00233171888516854
0.0022865306431677683
0.0023329922894927612
0.002290334945009501
0.002279717965010915
0.0022999788144035705
0.002285402728102919
0.0022704685935447566
0.002277391030338941
0.0022549731563586773
0.0022628376199419226
0.002286213704345479
0.002275593837952542
0.002245858388582516
0.0022523981836667685
0.0022329117293579657
0.0022506129850115944
0.002207900095451558
0.0022260724748843254
0.0022371845771929012
0.002230119181804986
0.0021971041483457615
0.002210523325624066
0.002224699006706024
0.0022458221194314883
0.002199305469422822
0.002190749008073271
0.0022115821357052406
0.002191995398811593
0.0021753605904259302
0.0021985883282774504
0.0021871844790834227
0.0021811035118049454
0.0021715943194160914
0.00216841021187483
0.0021473626145931206
0.002146161907381473
0.0021767610732234257
0.002147359490259751
0.00214350738578631
0.002146261862765153
0.0021163733173047996
0.0021379956652687443
0.002137880787497642
0.0021371057238534575
0.0021161005435056655
0.0021012804617642593
0.0021068497912636115
0.002091549935753891
0.002101631836678391
0.002091038010702138
0.0021057176514628208
0.0020899688755654103
0.0020938318200475823
0.0021047457277827654
0.002044012977140819
0.0020788337662090866
0.0020534718982559664
0.002035052904240572
0.0020557106998905133
0.00207147069362901
0.0020433552191115568
0.0020244225024350308
0.0020272290085458907
0.002027468329038664
0.002035729021373856
0.002019048275121842
0.0020064308545647007
0.0020201190346928544
0.0020269898114027357
0.002030401225150671
0.001990143233333467
0.0020066105406840056
0.0020099226185927195
0.001991108381129105
0.0019825793888517446
0.0019952561755934373
0.001966862819395598
0.001976790593987738
0.0019743370503161987
0.0019526395171801936
0.0019841184617156405
0.001970530774091529
0.001977115469187466
0.001948092832967909
0.0019494743307370774
0.001955393671706165
0.0019324099115271168
0.0019279160623347027
0.0019474506767742405
0.0019327125138809773
0.0019233624640743634
0.0019488600697880327
0.0019035411882853505
0.0018977374107835296
0.0019205188952886253
0.0018878960419818054
0.0019087024978234838
0.001905773064458309
0.0018636324421886816
0.0018708699491185123
0.001883054243878669
0.0018917086760985983
0.0018995180390528376
0.001862999816312552
0.001848726827693128
0.0018525288981991847
0.001872910972966101
0.0018381102542776682
0.0018456505007945457
0.0018411571626949933
0.001831283238779033
0.0018648373685013332
0.0018387746912057854
0.0018307778143659395
0.0018417343305262583
0.0018227698956963495
0.0018130320654266092
0.001793122577382038
0.0018224709888075923
0.001813187539574396
0.0018082779977082056
0.0017950832134724633
0.001797705925134291
0.0017712533184778378
0.0017805260120884897
0.0017728898145376022
0.0017587383425067464
0.0017600929683243775
0.0017681088465399642
0.001761597593628129
0.0017501479884749914
0.001762953127943928
0.0017586155947374627
0.0017553661972435626
0.0017634371882133113
0.00174175492142236
0.0017419974874592944
0.0017536818437580953
0.0017363158121445226
0.0017221280383774337
0.001741910714831024
0.0017282299165093113
0.0017245805373434743
0.0017137092368847172
0.0017164929097197269
0.00170379389295252
0.001701150982103218
0.0017003239384661166
0.0016906820591952583
0.0016909127702970774
0.001687619254400967
0.0017028171908399733
0.001687491378647452
0.001670090889720174
0.0016699523554024502
0.0016464678718876343
0.0016671172683107045
0.00168466243994444
0.0016510435133429303
0.0016636826005780997
0.0016530970793238538
0.001648150749620371
0.0016275753231018283
0.0016373003578137844
0.001651993112533855
0.001640018566654782
0.0016366938024347077
0.0016268173149437647
0.00164122896199506
0.0016242377767447152
0.001607229238658781
0.0016046365246537807
0.0015869566696201014
0.001579552279907291
0.0015957612021829444
0.0016014214831606224
0.001582313640503696
0.001581253945733624
0.0015776657006205752
0.0015731881425874524
0.0015573923228441983
0.0015852744364111564
0.0015587364961301517
0.0015616826407593373
0.0015735537716793952
0.0015426731420142227
0.0015589237366850622
0.0015422781768638478
0.0015286546940732496
0.0015591404655076054
0.0015295119242407715
0.0015367178892626637
0.0015577694876675444
0.0015135495998782366
0.0015140014267199808
0.0015326667231711508
0.0015197827579515278
0.0015270944986886235
0.0014984244340869458
0.0015207958867769244
0.0015143561917861147
0.0015120426658520154
0.001498006088111748
0.0015028063733209035
0.0014968176288348031
0.0014849029101783417
0.001494221596305908
0.001463013821886907
0.0014772871627775424
0.0014619508168265888
0.001482327449209072
0.0014504322218886097
0.001467109649307125
0.0014375141214959572
0.0014460934961719662
0.0014495610894244074
0.001437471474060466
0.0014453636061449694
0.0014613413662494595
0.001444405536736658
0.0014289605941326512
0.0014197470275470216
0.0014372869744615573
0.001395614769325281
0.0014310359520070654
0.001394220490293493
0.0014164235120386252
0.001409208269938942
0.0013722939646753527
0.0014093527052058575
0.001394764794154141
0.0013913643839821785
0.0014010351177871129
0.0013834430191892264
0.0013828346252906909
0.0013637965251087818
0.0013771648431704499
0.0013696556947426005
0.0013687899713192165
0.001357162414427616
0.0013619085587786924
0.0013667059272100246
0.0013424730656380677
0.0013552737880325257
0.0013491196168973999
0.0013639194384635217
0.0013391005317830913
0.0013486246864166007
0.0013365885983119116
0.0013271008385904277
0.0013184523660703406
0.001318415659490969
0.0013320193102171196
0.001307185007376913
0.001315145112270799
0.0013051419132748712
0.0013052323214741814
0.001311115208102107
0.0013164567937067554
0.0012880238205192562
0.001287182374533198
0.0012915937168494012
0.001275244779298891
0.0012566734911991584
0.001270517009184525
0.0012739294507998296
0.0012593763879639168
0.0012600291377919042
0.0012600426432318801
0.0012536456244017014
0.001244656440763903
0.0012622130494151491
0.00125096882437889
0.001239601260754298
0.0012247957600293826
0.0012499952262097422
0.0012347750011031079
0.001231295340579476
0.0012069419130573392
0.0012164853185427482
0.0012135043924065233
0.0012109281033720798
0.0011971399044570278
0.0012040307413675284
0.0011911142836738221
0.001197542222044162
0.0011941440013096814
0.001191981587845342
0.0011900776864960463
0.00117657465247121
0.001172383571459976
0.0011774906034997415
0.0011572300853817405
0.0011602460845438196
0.0011640784805604135
0.0011442289297468023
0.0011497700817159927
0.001146579692419993
0.0011460743827750054
0.0011461412151169055
0.0011505055196920938
0.001153354616154482
0.0011342270098966796
0.0011312644974492685
0.0011263702277295702
0.0011175692413412884
0.0011091144155367006
0.0011054127191623348
0.001105405267692879
0.0011104971140865531
0.0010911486004990566
0.0010967461075114308
0.0011135943223471558
0.0010992229664941306
0.001081230453383352
0.0010788748578090803
0.0010838170517933651
0.0010680305678792967
0.0010846344631738037
0.0010743436263141869
0.0010655124460459782
0.0010486877514057614
0.001052812518981562
0.0010473099257716468
0.0010613315254776455
0.001039001453414084
0.0010397583621381055
0.0010304262434880456
0.0010320197144279247
0.0010335957974520376
0.001029467053501497
0.001026765432090171
0.0010262987677833436
0.001013584408880213
0.001011955565273871
0.0009966870639346206
0.0010029940331709613
0.0009955135467373953
0.0010014644399642025
0.0009763964684913662
0.0009986462846615185
0.0009964391082018704
0.0009860927544968403
0.000980560342018419
0.0009713852716369477
0.0009611933167076388
0.0009642435015340117
0.0009695449631137985
0.0009461591486317364
0.0009534790271329202
0.0009511886469420326
0.0009400052745231857
0.0009563794033796128
0.0009296887309563264
0.0009329852611577216
0.0009222710157871612
0.0009293993444007886
0.000931175248119408
0.0009108929479950875
0.0009052783175263997
0.000913770278942348
0.0009045061044067496
0.0008927856461112717
0.0008993980599547747
0.0008882375585150136
0.0008970746260654227
0.0008851891010080424
0.0008800623417861257
0.000871076933271016
0.0008682191917242409
0.0008645297675023331
0.0008627054709200229
0.000860358716521227
0.0008643820679176647
0.0008449784338675878
0.0008479964291319762
0.0008363849346240324
0.0008373947799170788
0.0008427010258682176
0.0008408572983637718
0.0008237862098295141
0.0008130354436837053
0.0008126032375803133
0.0008188695761689546
0.0008065220612462491
0.0008108507016625966
0.0007988109029434325
0.0007998039306084856
0.0007740311335018401
0.0007809570221888436
0.0007826481366898686
0.0007762165598152431
0.000776939762165577
0.0007676791564200637
0.0007617564483898347
0.0007610095585154892
0.0007655074875441125
0.0007551913660755352
0.0007527356673097861
0.0007427117908209049
0.0007345073451356862
0.0007354009307651578
0.0007233801772470252
0.0007252703719691273
0.0007105984386421534
0.0007278061176860415
0.0007069688858019534
0.0007079549638343113
0.0006905176018648107
0.000691198228446504
0.0006944013485389418
0.0006866568922295551
0.0006815052792308268
0.0006792363451816667
0.0006688488729679112
0.0006633922772666305
0.0006563495716114743
0.0006626515421085839
0.0006578997237509704
0.0006496081132540885
0.0006434567982743342
0.000639281381002067
0.0006348188160389828
0.0006391028810280598
0.0006215298475033205
0.0006115054184919275
0.0006168586301585402
0.0006020066705657112
0.0006048459834476008
0.0005910639854981896
0.0005920666180901942
0.000590734194596535
0.0005839225556119316
0.0005778040779178931
0.0005763454380196403
0.0005602962515925597
0.0005526601512988505
0.0005559600345145995
0.0005461880008675154
0.0005371177979529825
0.0005370071627593178
0.000523763910256364
0.0005174007119059872
0.0005159602434275629
0.0005124411014320972
0.000510831882614579
0.0004978524010191759
0.0005001487599239721
0.0004928830269602644
0.000488204412623692
0.00047351184312669517
0.00047586695977868754
0.0004613344563493423
0.0004623559938214982
0.0004521579886623436
0.0004426977189982376
0.0004337416330287493
0.00042999370943689816
0.00042182908759804435
0.0004158304347384762
0.000407931238861143
0.0003984451055362712
0.0003952211202628205
0.00038603930188733644
0.0003790468012976416
0.00036771959325084067
0.0003610040391017187
0.00035245187164961554
0.0003479598664420389
0.0003399064032417581
0.0003314119933278808
0.0003165964011694745
0.0003069539470897051
0.0002996396414743281
0.00029368225689679667
0.0002837059009443459
0.00026884857699684876
0.0002598609841761213
0.0002496835094778602
0.00023824133400403682
0.0002251887287551167
0.0002141401056237138
0.00019783631067246327
0.00018434606727164014
0.0001666179556025129
0.00014984656176135163
0.00013026824533995097
0.00010545458858442429
7.424392082532733e-05
3.7026395606548176e-17
