0.17538496020665056
0.12331834275657833
0.10094735365361095
0.08756776828195068
0.07835234895103267
0.07092616822383549
0.0657972147571224
0.060696120961739736
0.057053025973979106
0.05457618169421571
0.052112330924516545
0.05011367308866408
0.048122078740576446
0.046632628930364226
0.044818998427105856
0.04305596004911067
0.04187173119162264
0.040454431331969264
0.039496612238579434
0.038670229641422686
0.03750275364589841
0.03681026460765458
0.03584855155494933
0.035356198175888094
0.03419471230918957
0.03382736704491733
0.033251941092371784
0.03271156238483403
0.03190159960564813
0.030998820518759743
0.0310259834776851
0.030515588899297105
0.029862100043168725
0.029767659650330267
0.029021775109141328
0.02879440107533367
0.028066545855613963
0.028070949028310227
0.0274501346181175
0.026750655291967632
0.026634523715745657
0.026265469457985975
0.026226002392574194
0.026152588672295873
0.025462355368246106
0.02526544986493872
0.0249405565095408
0.02462377649548086
0.024425299727490593
0.024295030520049114
0.023675154318718923
0.023611746311392946
0.023552881146499414
0.02296439232838156
0.022957510435882917
0.02274200050276349
0.02268589585653256
0.022222500869501588
0.022015092510759292
0.021868017495881083
0.021508226635808026
0.021431571882272123
0.02124087229359393
0.02104475450741998
0.020834727203064788
0.02086182978105803
0.020586701817914978
0.020213460203353958
0.020330341113506796
0.02014547939615073
0.020229921827067763
0.01994280261642523
0.020050324817775696
0.01949657500735744
0.01942817370052379
0.019377833820603374
0.019117751679245752
0.019104715083998382
0.01879385275124186
0.018843459953225408
0.018663190672276952
0.018483192458153497
0.018386969991803403
0.01817603203933033
0.01822939807155437
0.01805735471130712
0.017808336303226625
0.017787977344255697
0.017719902138493365
0.017447357124336923
0.01747432315516953
0.017383847182162335
0.017241217419249992
0.01719924445442609
0.017243934666628095
0.016984274186305874
0.016809159164101705
0.016564501163215842
0.016579121352823856
0.01667730211493634
0.01635747316437435
0.01641096532126184
0.016536161774349682
0.016294042640369606
0.016247943846054387
0.01605391611152051
0.016155702542722167
0.015942914117247617
0.015568508400105468
0.015668688924748025
0.01576483359750109
0.01574347262980725
0.015431677861381212
0.015573551262182355
0.01533946916232163
0.015114034297571593
0.015103267891955516
0.014887404689094608
0.015151053724381984
0.014871533669005942
0.015046228791394499
0.014706341639919926
0.014769814620061428
0.014800193668978454
0.014589698064039073
0.014731730892836005
0.014324073534882128
0.014406086999978147
0.01428196038197975
0.014368646729162196
0.01425168228861512
0.014201561066629668
0.013986387356420051
0.013903619353112056
0.013951430874112946
0.013856651813012169
0.013796762336702345
0.013720932669303212
0.013734534037543888
0.013624616524794133
0.013676615667589537
0.013582217358366757
0.013452020179342944
0.013469786683089376
0.013381590684080881
0.013487605394534407
0.013396675448980643
0.013331742028345622
0.0131039787589131
0.01339174968051304
0.01318748418366601
0.012967689838743518
0.013044096213454166
0.012882548037368255
0.013096140701744146
0.012885526079975432
0.01271891132641095
0.012710184728866168
0.012763725732811943
0.012706455310883644
0.012656720796010164
0.012446675086761677
0.01251665441071533
0.012565061935489726
0.01245962757752114
0.012357680829740808
0.012317651123300181
0.012317791473968297
0.012296999901456714
0.01214435822394295
0.012127165314048664
0.0121648019524966
0.012094641574159846
0.012134752906313629
0.011963808191848698
0.01195593271290864
0.012013719846916385
0.011762555366574242
0.011810351771365775
0.011772183620763889
0.011639147174436199
0.011728892589975429
0.011863362237184663
0.01159905366901418
0.011614548289846512
0.011519546300141901
0.011544258752290294
0.011595851937585812
0.011440337465002183
0.011242195709298857
0.01145042574545119
0.011385493186882222
0.011464639338698382
0.011283948360443323
0.011236317719024766
0.011340282686373247
0.011129266879599926
0.011076480020966926
0.011106465025180794
0.011040456187949445
0.011124739409015585
0.01089509256102627
0.011083175335618423
0.010976448369629245
0.01082075850378562
0.010967968645459084
0.010804327533204788
0.01081554144343897
0.010713495577317505
0.010713825205700297
0.010709864231497522
0.01068968747846237
0.010603006295629124
0.01048118664793956
0.010599932607199667
0.01049398602423065
0.01059239432266909
0.01044237878609402
0.010358596349471765
0.010338124010123476
0.010415772268980458
0.0104336405783439
0.010431516369604996
0.010313314834521064
0.010304512834337917
0.010282731402984342
0.010141881512875808
0.010097610751753354
0.010101319365344436
0.010078774028033515
0.010191841892000493
0.010194835445297146
0.009931759265747428
0.010076200267148781
0.009988401900405975
0.009993202889030942
0.009917627355443423
0.009765013309519854
0.009887570192705116
0.00977251043468535
0.009808666638658545
0.009771643015432662
0.00979794955194517
0.009736299493150177
0.009679361863261508
0.009777691439876742
0.009659528017445587
0.009645751422368867
0.009564793029351473
0.009481081008033285
0.00944548692135079
0.009467708618539282
0.009504947733508542
0.009464633138848438
0.0094551876705168
0.009466398431051869
0.009257497058932066
0.009381124198893226
0.009341801487712624
0.009254422123728904
0.00941284868662781
0.009371079336190274
0.009231328075504905
0.009288092946704761
0.009150401245961722
0.009182294986928538
0.009109210874519887
0.009059152044078285
0.009045997658739553
0.00900556605533417
0.009071643823305846
0.00906993556598126
0.008980816641807889
0.009033315978684538
0.00903888294525136
0.008936335482790554
0.008924936805023154
0.008955184355021028
0.008864535080014582
0.008966926648484653
0.008823030759460112
0.00869090880212748
0.008833550792532856
0.00874466842763543
0.008642788149063812
0.008817178866274984
0.008724368408140112
0.008684442844859669
0.00862051403901448
0.008716627319247047
0.008549251018910103
0.008600425623019358
0.008536044680166197
0.008482311068939935
0.008638049706517532
0.00855259497000418
0.008571874400409593
0.008553080907007533
0.008538827837988485
0.008413675918282246
0.008468810443719846
0.008482321465806242
0.00835672845811174
0.00828598440804501
0.00830769373797499
0.008366720810341934
0.008248451662542953
0.00831181836891933
0.008245334954743494
0.008417489455089593
0.008219735086505038
0.008256191952564726
0.008187589424054667
0.008243878913891143
0.008180979211574202
0.008199008888928948
0.00812415262815352
0.007970318377802151
0.008052207938975495
0.008060186734691142
0.008009090098268926
0.00814147046816463
0.008045980934571033
0.007849613080001186
0.007965707177238409
0.007934975696008819
0.007845853957976713
0.007911456842343888
0.007934544782015891
0.007923593342321301
0.007913795496806486
0.007830901042779666
0.007835383997354645
0.007792107556396969
0.007735584486863694
0.007737451617072511
0.00771040931130183
0.007732276680047365
0.007672295083982355
0.007745336086496875
0.007647317356112421
0.007673263324318002
0.007702374001326112
0.007533229500130873
0.00762607443988255
0.007584737822745011
0.0075912093098220185
0.007546866626457427
0.007612946496816271
0.007548925447055879
0.007522372960955692
0.007480408309054489
0.00735797454126956
0.007491134656523061
0.007434465798031431
0.007438669211899046
0.007421412300221419
0.007409256329339002
0.007368100345777323
0.0072929217948372775
0.007349775308781764
0.007280647261635844
0.007278436668291005
0.007386851604510614
0.007299772895962093
0.007318803079370986
0.0072280700003137
0.00719607248777587
0.007298068510649894
0.007111517057910441
0.0071272262633413595
0.007226902213673291
0.00718410884425147
0.007149421866266491
0.00709176163972646
0.007131637321063949
0.00702639800050697
0.007051364290811115
0.007078396099022584
0.007070951618047454
0.0070204185037073446
0.007069364233333764
0.007026960157928838
0.007041502632050463
0.006982278136729096
0.007008904301185339
0.006960984926754499
0.006892371054665482
0.006910180476578415
0.006966555912246369
0.006990798240588864
0.006866290544281926
0.006866104863434541
0.006802238354270466
0.006848181227095518
0.0068512303117253875
0.006772520897761985
0.006813566124937362
0.0068081909716253336
0.006680953121397205
0.006715731826693041
0.006747795565176267
0.006713826153196314
0.006707374626832871
0.006681179653059934
0.006672015240091354
0.006662691015731194
0.006592850563456044
0.006646354905243858
0.006553782219632541
0.0065902111038459036
0.006608985234275275
0.006555982019874725
0.0065201536428034145
0.006539264718215059
0.0065463218836850105
0.006566039206641312
0.006582890994031335
0.006510490982777066
0.00645738376552321
0.006501600652685712
0.006496090906263271
0.006387376266202182
0.006403301695923325
0.006444144240912203
0.006348463987807097
0.00640575619325005
0.0064134599068745735
0.006457493115328999
0.006414326466854695
0.006362982483745391
0.006420934513265908
0.006259219233635451
0.006279859723802166
0.006290792104533468
0.006398676871701435
0.006259028275003054
0.006266580435207969
0.00622476360730738
0.006241038080658004
0.0061756277085393005
0.006239698605050654
0.006204078494909148
0.006141375583777091
0.006126530555703318
0.006156665692735105
0.006135967917773033
0.006128666511166855
0.0060748362578619975
0.006145559487573696
0.006121773119916478
0.006112866605411934
0.006086675158052985
0.006018190552480575
0.006014782386602089
0.006076791057860595
0.006048946971639509
0.005999271037635613
0.0060122344512040385
0.005966037798008918
0.005926627900126821
0.0059544977516429376
0.0059446320078670985
0.0060499819308322935
0.005901527462321849
0.005909664702056718
0.0059155893469449465
0.005893377363409458
0.0058923256447994355
0.005875381120690778
0.005861608268664751
0.005804850207348937
0.005803279892915418
0.0057966175886307765
0.005771562609965842
0.005694479901153234
0.005859067923077646
0.00582608270790902
0.0057919076894247246
0.005718532163675491
0.005743040660299005
0.0057137674110788895
0.005683659444844795
0.005708880990819941
0.005669747389681354
0.005729392423114095
0.005682452053157739
0.005626290713398237
0.005651483341486181
0.005626099872575568
0.005612854293312495
0.005523445227268807
0.005594595459980995
0.005508607848342968
0.0056101585927183124
0.0055520564677860465
0.005571795983089685
0.005567529946873474
0.005506450852597651
0.0055513820135585324
0.005468290053801953
0.005506856291730553
0.005432933744641881
0.005472676701302434
0.0054672751793629695
0.00541371493496619
0.005386221512067837
0.005441288091410201
0.005459219010791151
0.005479089254255199
0.005464146053048801
0.005384024935931715
0.005376339309026965
0.005320158549137585
0.005334458514474692
0.005291435559688513
0.005335615257286645
0.0053787874516077055
0.005349590874237099
0.0054027189179288075
0.005308837627347721
0.005322930539721606
0.005347415757316431
0.005302052749827308
0.005210603326442142
0.005230788440772127
0.005210619505063127
0.005229851762499145
0.00523136841741601
0.005181416150178638
0.005142171057801353
0.005145781299206345
0.005155926680054212
0.005154829645950352
0.0051025134650831035
0.005136271976728245
0.005176604046522361
0.005142888945405519
0.005133550059506083
0.005132938720323755
0.005097379458960895
0.005062280820187998
0.005086016899533363
0.005084944431818592
0.0050824701105415876
0.005034412674712759
0.00499274545098313
0.004983918502404607
0.005018789473936657
0.004968225964804253
0.004999766434380825
0.004992507418439905
0.004944754603094505
0.004946046123208311
0.004922351970958496
0.004960642671928397
0.004895920143872776
0.004926456549828077
0.0049714754616356546
0.004903500755968452
0.004899740800666067
0.004850549605949655
0.004939523925720347
0.004892171844014647
0.004907405228793261
0.004845261915299184
0.004852022118803329
0.004800042592842325
0.004822137171410697
0.004848923628192647
0.004761613768992788
0.004797022967888136
0.004747553315885879
0.004768203266381909
0.004735157870051372
0.004746880553178727
0.004800873731854513
0.004751648260491948
0.004780555283792609
0.004716948060858821
0.004685794777961825
0.004715811324004762
0.004694313972718929
0.004682759011571507
0.004680169665675765
0.004625833270776548
0.004639022512717723
0.004586617396221453
0.0046408525507328725
0.004580790515650739
0.0045912969657202615
0.004555783333867915
0.004577039042034899
0.004575872041989995
0.004594629831933049
0.004586181625722827
0.004449662068556305
0.00454478887250145
0.0045103740519213216
0.0045187077221308545
0.004455455727448814
0.004523935721853661
0.004494267612774846
0.004431661611133261
0.004449038006742824
0.004450784149417068
0.004432683555021996
0.004393531494471987
0.004432506148863232
0.004392306335351673
0.00446588823626354
0.004439727656673273
0.004423733470938993
0.0044621041174773
0.004363160118604357
0.004339620335248079
0.004302545113292944
0.0043605021551161175
0.004264962370583087
0.004271206956316614
0.004308462583176707
0.004341280960425649
0.004323867875072917
0.004306945812201282
0.00423799675535984
0.004244786970441598
0.004230267123886955
0.004252528287707704
0.00423724678156541
0.0042469388090851795
0.004253400548271602
0.004264890024803226
0.004178528479377355
0.004228083932425218
0.00421195005887439
0.004188668237369214
0.004192287368002919
0.004157358321948603
0.004146321378832273
0.004189675907112492
0.004100393369094665
0.004104005770602943
0.004118483852049143
0.004118794606974078
0.004139762629930442
0.004042940519520952
0.0040983141715302054
0.004088425063962219
0.004099677592526875
0.004031510395643525
0.004093659117624385
0.004115452391886762
0.004066286547975762
0.004061071238177389
0.003987433622718356
0.004070511021773076
0.004003744232756713
0.004066332240387508
0.004011006633511242
0.003992825796178487
0.003959006243685067
0.0039665590625496015
0.003940963030596024
0.003933666326938433
0.003918880222897765
0.0039274063139909735
0.003945276529423476
0.003913547157387695
0.00391135443622844
0.003873816421977153
0.0039064946643209975
0.003830250847122006
0.0038914924714206632
0.003865655291161896
0.003852536227737189
0.003821097056561725
0.003846620122545676
0.0038144194055012635
0.0038043209792459716
0.0038080229936060506
0.003815595501502522
0.0037998115786350957
0.003799090091848876
0.003733736042404236
0.0037773069660707267
0.0037197598125612076
0.0037330850531726934
0.003699255964931898
0.003745951915150845
0.0037310430043631716
0.0036689924253610943
0.0036912790336733423
0.0037112150750429423
0.0036905463771029373
0.003679126582272179
0.003648143283610403
0.0036732871100630337
0.0036690784868809224
0.003601509983770375
0.003632951725109092
0.0036327891972415265
0.0035729552276771684
0.003607316290622107
0.003588022917785201
0.003596617524423059
0.0035441425534314406
0.003618571815025284
0.0035562599177355794
0.00351944942084305
0.0035580797001852453
0.003536605894050249
0.003516130735490395
0.0034890288801710024
0.0035053145659273326
0.00348480143408894
0.0035199889468551003
0.0034504325493436216
0.003479002247728609
0.0034611335159669752
0.0034512442854108924
0.0034410058723593484
0.003448966311247605
0.0034545983932319662
0.003392271599500039
0.0033950803132530875
0.003401341458431652
0.003387289815571991
0.0033955620468185603
0.0033720614771034787
0.003355572588934965
0.003355239178199678
0.0033169510730312757
0.0033684247693527582
0.003305509807275098
0.003292989417717117
0.003358220784886738
0.0033051953841972187
0.003343334824639105
0.0033029460743468275
0.0032670533818429104
0.0032781866290478743
0.0032766903046789
0.0032451571919816916
0.003290424512031818
0.003277827555108648
0.003208685123651594
0.0032144313118382013
0.0032056240998442117
0.0032057839569368937
0.003179661893141209
0.0031739029247519123
0.0032173521340326393
0.0031662653669883804
0.0031378306410873367
0.00319415962215705
0.003156762911910339
0.003150981156062506
0.003097930429349442
0.0031310396155598695
0.003105732764787334
0.003098391994404971
0.003084914528900219
0.0030811755842563887
0.0030723778770793343
0.0030238462932959155
0.00301659133291743
0.0030770885736224195
0.003013897992785821
0.003013108895026877
0.0030145263077251024
0.003007457174941155
0.0030426410448770734
0.0029689948444754774
0.002977587153164245
0.002955775831787382
0.0029415523713159537
0.002937493557263184
0.0029383144608231895
0.00293049923048987
0.002944734718272454
0.0029376484526661157
0.0028707610397621184
0.002887475459225867
0.0028928517888963845
0.0028686963550122965
0.0028704404944117855
0.002836047689945699
0.0028819000893072965
0.002861168593559965
0.0028608729067572157
0.002852061119500622
0.002838013682081994
0.0028424078385344775
0.002822712256564144
0.002773073220587404
0.0027625712525185743
0.0027936096471885543
0.0027493259096546623
0.0027769927051825116
0.0027368445201873177
0.0027269941566803687
0.0027497077279269888
0.0027507286333493847
0.0027425148871102717
0.0027274348840017667
0.002696185929317952
0.002739751724605705
0.002666398491536777
0.0026915726356616177
0.0026801819770010684
0.002666334911849134
0.0026957873088342904
0.002654479914538807
0.002603609747123019
0.0026185312423872525
0.0026332681904970854
0.002607438063721423
0.002609329046367349
0.0025777126172885642
0.0025693032410134924
0.0025751216109493004
0.002590291109987556
0.002534676187415504
0.0025772209205547248
0.0025480560107773186
0.0025480120063949277
0.002536693957183309
0.002510627541504375
0.002496988191304153
0.0024954883867547902
0.0024788372444768066
0.002477762872187748
0.002456760787201827
0.0024693844430835462
0.0024230235342504293
0.002444223238862035
0.0024303995141594916
0.0024316692142046037
0.002409937637525868
0.0024169651162923994
0.0024113087069792412
0.0023817381599492674
0.0023766724021953363
0.0023501321040805016
0.0023535590695618162
0.0023742412755509293
0.0023662690390022028
0.0023211073380573722
0.0023413837608818253
0.0023126666664931676
0.002314267345184967
0.002288593958937553
0.00229557320207878
0.00227667060273005
0.002246341260063567
0.0022750879050080393
0.0022580286002760424
0.002278910380035452
0.0022518668662197135
0.002233012395778994
0.0022290753530578556
0.0022090271854989197
0.0021969900487709424
0.002191501717757384
0.0021671056299140843
0.002158722037269178
0.002150499170683011
0.0021747931302288285
0.0021369342890309746
0.002143686409565687
0.0021140542560954623
0.0021217319317118
0.0021146726304485325
0.0020868381243778268
0.0021015968904796235
0.002080661041283139
0.0020628398065968825
0.00207456478406719
0.002068136299299445
0.002037867108070556
0.0020206206445062603
0.0020556440919290465
0.0020084892292383757
0.0020199828686517786
0.0019917542963334917
0.001979433098864445
0.0019583555472613826
0.001958486638580726
0.0019692183157095865
0.0019441670087969993
0.0019232287412532017
0.0019239207516321983
0.0019123076495947758
0.0019226288191408895
0.0018855874984028706
0.0018803795937679423
0.001868707207706076
0.0018349902076994866
0.0018467007487886595
0.0018265853043408062
0.001811754676180478
0.0018403945037318112
0.0017869335127682021
0.0018046176426811994
0.0017817015026557166
0.0017705746761253768
0.0017694541736154468
0.0017512368984586892
0.001733753403732168
0.0017360403633825503
0.001725320922207322
0.0017208870195279749
0.0017194966154011574
0.0017077649466486996
0.0016861878231259411
0.001665239558805351
0.001670445227306262
0.001659556082707944
0.0016566987971101954
0.0016292673276924732
0.0016151101961443014
0.0015941799663866034
0.0015966676333701555
0.0015838792208905102
0.0015820508536588855
0.00155496055670907
0.001555997545675941
0.001537761502739826
0.0015313626859161564
0.001519479283201991
0.0015062169055895548
0.0014803174300029244
0.001481137797394855
0.0014822902496314685
0.0014611622805312014
0.001430047822052491
0.0014383894089931132
0.0014247430340748755
0.0014222230089337411
0.001398613166110602
0.0013851244901745545
0.0013790166064334846
0.001364336025627774
0.0013431028552295166
0.0013449329045310714
0.0013288417166827458
0.0012971087269797012
0.0012943247874815282
0.0012899071810621493
0.0012726740623526273
0.0012726114155761294
0.0012557254287214098
0.0012248532235514212
0.0012120327550911199
0.001195965714073082
0.001188085303615514
0.0011702650047136255
0.0011487742395786134
0.0011466779011466012
0.0011311111089202708
0.0011145729992909856
0.001115873636958957
0.0010809244534800697
0.001080605156713528
0.0010461300582585683
0.0010376174903589394
0.0010280799244956806
0.0010053146212582735
0.0009891973904828026
0.0009723744693472127
0.0009429589837450558
0.0009452146215049503
0.0009200174086211796
0.0009041976322437734
0.000878871306787055
0.0008658655990834678
0.000847212842192766
0.0008229111053422072
0.000817685971818216
0.0007986377945717797
0.0007570223237125945
0.0007447918772355954
0.0007343263383556108
0.0007012261707571657
0.0006813360809115685
0.000651504219278587
0.0006399646644157894
0.0006014230106810525
0.000585334304264537
0.0005516725984004483
0.0005265824462851408
0.0004969671931507624
0.00046431555743027986
0.00043101077062491236
0.00039208187920067566
0.0003493299990201795
0.0003042903529804826
0.0002487728337112549
0.00017456132151114995
3.5224351582338756e-16
