0.09401527038436261
0.06857763072149581
0.05469264930887358
0.0483213317849964
0.04373300476454806
0.03899260207533821
0.03558567667097025
0.03428419077296289
0.0318074783095455
0.030530618970876732
0.029281225717339855
0.027380533885732614
0.026619491477521542
0.025291703266312197
0.02462057722258065
0.024035316447269302
0.022988890407023933
0.022348946120200955
0.021933393177094133
0.02142394144934235
0.020922835571977112
0.020263701604404754
0.019876121770262344
0.019501150552291992
0.01893703613654433
0.018558205838722645
0.01825145495362662
0.017553760572535472
0.01753224608689394
0.017098381220743742
0.016894926271067583
0.016609666586185675
0.016392438289053166
0.016055547691678614
0.015943944659405237
0.015611642065720216
0.015642559508172366
0.01523237861552418
0.015148002279501367
0.014786554389486816
0.014644566463588901
0.014254857025378535
0.01415584748338303
0.014165759765404495
0.013981611918972233
0.013781277234779536
0.013846904417045324
0.013346593329284484
0.013283617474893695
0.013157645452672584
0.013157665963286817
0.013012325050663662
0.012807698656393805
0.012910693392755985
0.012445818033365487
0.0124295432690485
0.012327517405914198
0.012213620874349702
0.012156938139388717
0.011890178542658591
0.011854771876405974
0.011667124236830672
0.011580011528588717
0.011509795536800043
0.011476863282391038
0.011503389478408139
0.011287508460001594
0.011299976223264853
0.01100376176895629
0.011034171439481532
0.011021661441290204
0.011012656366579237
0.010847563432602523
0.01072298939947576
0.01053402570263029
0.010570828118360983
0.010601483768408793
0.010364902394433472
0.0105001549095221
0.010373146051583723
0.010175054313149643
0.010145425186776738
0.010177682393448146
0.00996525970235853
0.009942335081869336
0.009963943092824057
0.009834600463135994
0.009828767661540427
0.009619917151289745
0.00953596377003865
0.009561140945334612
0.009502078970377586
0.00954136823837235
0.009470611492200402
0.009320945888688616
0.009396471076856174
0.009304843796178516
0.009217306468130092
0.009154009520180847
0.009096518629971689
0.009119328316952769
0.009053328512654491
0.008942502010080774
0.008992366962098939
0.008911336682295204
0.0088153434962993
0.008784872789011997
0.008656525164424875
0.008843551288109054
0.0085923102347104
0.008598202191643032
0.008577902919110524
0.008472919461702469
0.008376125045580243
0.008378891497698965
0.00838957185289526
0.008192489551321281
0.00824494240181294
0.008203955379102446
0.008269190405942789
0.008204702971116872
0.008101641741657367
0.00812521949448005
0.0080894722134673
0.008078161844123237
0.008013763472275427
0.007893943582169818
0.0079693477790578
0.007949405134614894
0.007828163288787125
0.0077313580947580085
0.0077265548132541715
0.007773094454112703
0.007620173038426957
0.007716249914088076
0.007656266845882198
0.007537331957659074
0.00765219812926773
0.007571427712106209
0.007428795726847405
0.007397085709932781
0.007457555475557022
0.007449197574239657
0.007360027398828819
0.007295375667590309
0.007296738374445728
0.007310923959853722
0.007298844465081137
0.00730019046801303
0.007142564482392249
0.007245652279972823
0.007104579656345523
0.007070806561404795
0.007132738196071896
0.00706262690979134
0.007077789800021589
0.007082582329358729
0.007042439763039328
0.007061615857209606
0.006912818136395853
0.006990405626404791
0.006867072512144128
0.006878359956995223
0.006829915599182586
0.0068555827666846635
0.00685188611285092
0.006813774714432535
0.006799356825829846
0.006777846304169877
0.0067256168492846125
0.006721090612980557
0.006698562788108159
0.006616419204506405
0.006564085309443604
0.006537591035644457
0.006669114626925178
0.006612339864979275
0.006566887269720894
0.006548050470797233
0.006441691516040038
0.006469579790214738
0.006452986848499432
0.006441173078143335
0.006426844418678953
0.006391946715301573
0.006328776195079442
0.00635600955059274
0.006315799719896819
0.006288042479332191
0.006312810972709496
0.006273355103482958
0.0062211037882999995
0.006268347894468832
0.00622214967666395
0.0062186458826945555
0.0061489777107830304
0.006155712882824573
0.006106673373087376
0.00606970536731154
0.006001054275932258
0.006065646855552458
0.006056416723523898
0.006033363896189728
0.006006370891176801
0.005939715378259058
0.005957052385358396
0.0059793899474188126
0.005943664794385121
0.0058771662734257435
0.005917787258847502
0.005854814091574781
0.005795694271045317
0.005842556502493706
0.005767502766326749
0.005713567216613535
0.005766702047213794
0.0057598127391991875
0.005703856239557718
0.005791898921306984
0.005727187793464999
0.00564577769565997
0.005732915116328478
0.005669996346046196
0.005603833542971967
0.005672531324834658
0.0055701515320384296
0.005549466883718517
0.005514630891961262
0.005560349561174385
0.005561666942111655
0.005528263034344691
0.005537028999393976
0.005456113765565929
0.005502102047851977
0.005471322171583008
0.005450857987054355
0.005439528408832221
0.005476806645525279
0.005457219295622464
0.005362143515286158
0.005383707856575646
0.005396219947652605
0.005317175285919453
0.00534060023351068
0.005376695977956027
0.00533362590920393
0.005293771336615584
0.00531563947608012
0.005279573731521849
0.005244238239790366
0.005261103683084886
0.005210727192881253
0.005211016657602398
0.005250078719731184
0.0052101823755659115
0.005184758072101039
0.005214682125757229
0.005200476237294097
0.00515824137497441
0.005151751349183726
0.005112392750107157
0.004978076535890951
0.005062319108185782
0.005013186269980493
0.005003966005221542
0.0049784307476686005
0.005002310728750973
0.004939676857320732
0.004963928372524708
0.00497174608140027
0.004938268140292012
0.004966673580428259
0.00494609738366988
0.004974075704650983
0.004897020381428904
0.004923566874257016
0.004862578863756778
0.004894226217231152
0.0048715959871314845
0.004851824740837828
0.00478474768475253
0.004815145018893141
0.0048106782315702834
0.004801554857494878
0.00486725683263738
0.004761724629381031
0.004779463297137926
0.004797212866188552
0.004762419708425829
0.004715043759208561
0.00468014688122943
0.004726095644450415
0.004715398691032296
0.004668684693674477
0.004654345715839369
0.004675979954209113
0.004652161155399538
0.004658029118860395
0.004671818577718428
0.004631377864590882
0.004578057849068142
0.0045526522026892
0.004582835931851496
0.0045510439254139385
0.004572429558538961
0.004598100708694733
0.00461132567581946
0.004581922295738788
0.004485415867415719
0.00453229604831807
0.004497678062203005
0.004539997981800442
0.004500501514723795
0.004526601334444886
0.004429369285748238
0.0045236943124472555
0.004474875555896958
0.004426471022514478
0.004460085934889505
0.004401348376592069
0.004382128761726831
0.004422556388760161
0.004366264579481909
0.004399149059751488
0.00439542878516888
0.004430454165747042
0.004354886308520074
0.004315032265251871
0.004373117516492753
0.004281581764265892
0.004325853665247021
0.004292954351025616
0.004305624692898343
0.004318653703707581
0.004273578587621473
0.004298757797865701
0.0042262762617246465
0.004235975672438992
0.004232905374964197
0.004199073104763184
0.004194841110483733
0.004217853204695987
0.0041640882191091525
0.004182428312915932
0.004188308324135703
0.00413765848772509
0.004175930710724479
0.004198473312621247
0.004175489742389282
0.004191321175490186
0.004090457840861567
0.004085077537290086
0.004096933567100129
0.004041086027449996
0.00407985607330918
0.004128174538797131
0.004044679151712356
0.004060795669437513
0.004099236001315439
0.0040708998168094606
0.004036521069844881
0.004045483083136895
0.00402199842538407
0.00398028150696505
0.003989487610965819
0.004033520294309057
0.004020886766480206
0.003955824967176495
0.0038893785728301845
0.003961619331202018
0.003951548820057697
0.003949837445941306
0.003917417763984865
0.003927158301204962
0.00391074340527906
0.003937299309661874
0.00385481400957268
0.003897147637912357
0.0039037814271684896
0.0038453662229459
0.003840366820194324
0.0038296087723586167
0.0038448442423875398
0.003862408193117674
0.003846967129131546
0.0038105927316568785
0.003788494231543166
0.0037488723212982357
0.003808760846799232
0.0038142416916452497
0.0038157688157294247
0.0037560576075871305
0.0038008315815369533
0.0037492503223796906
0.003790649741566987
0.0037419011853229065
0.003740734618792496
0.003724131924272885
0.0037700306787924235
0.003707048676611637
0.0036629520604916153
0.003655551784010197
0.0036837386482393994
0.0036851353531425785
0.003707596728967255
0.0036777382914018656
0.0036925876856675707
0.0036679203618250836
0.0036344433917557496
0.0036433716696936498
0.003580268744405615
0.003611425616488411
0.003581991625370468
0.00364350098712736
0.003624471471438466
0.0035711389289851555
0.0035940545517791334
0.00356877617520004
0.0035934040999429165
0.003598043502745217
0.003531291862791971
0.0035380879675368454
0.003594395692663541
0.0035409966685815146
0.0035079541487332117
0.0035039290605407953
0.0035628250039977088
0.0034996489296932752
0.0034961256237198914
0.0035344944814311467
0.0034530069006554237
0.0034254100682948284
0.0034464857229348587
0.00346986413309801
0.0034390806435096403
0.0034681296906875388
0.0034623715271234192
0.0034707594202884654
0.003443378283518975
0.0034101091841722588
0.0034462181296347084
0.003398740907541111
0.003419619650791657
0.0033903370682212067
0.003444115767987887
0.0034200095241877383
0.003374597623622706
0.0033718159684353547
0.00340598382997497
0.003329677301619818
0.0033559143555043345
0.0033381741559930624
0.0033289543666687807
0.003314610873496268
0.0033505976198072275
0.0033261922027474407
0.0032732991828885905
0.003327901771929628
0.0032801512732736878
0.003314147635077026
0.003290931386183203
0.0032629624282608932
0.0032564967079515817
0.0032511359943729326
0.003212849953903782
0.0032598739545651907
0.0032144343211937608
0.003222964053020527
0.0032043331552842995
0.0032180168802719315
0.0032007654885713656
0.003194944023573562
0.0031740292179853183
0.0031939331277346518
0.0031565539196100473
0.0031450227933765133
0.0031419625603929797
0.0032059385466452926
0.003150602597776084
0.0031745041329494746
0.003147369750808074
0.0031966754363619123
0.0031453763700160864
0.003133150416241084
0.00313646187002397
0.0031153747209171473
0.0030916690605029165
0.003142207261932305
0.0031266354233730133
0.003063016590055788
0.00309476318559228
0.003086187397245164
0.0030287200754499444
0.0030988382825133335
0.0030792638248799188
0.0030527331135131058
0.0030181793331623625
0.0030498745084770215
0.0030215527058790755
0.003027143951141064
0.003046269443147921
0.003018677868138004
0.002989336756804374
0.0030300331086619103
0.0030329158063362623
0.0030177970850176275
0.0030144784558083304
0.0029947445559828185
0.0029794423866061413
0.002978644336129307
0.0029775311959195395
0.002956800360038569
0.0029531473889348385
0.002965180931422491
0.0029241160405473307
0.0029804787767796844
0.0029279028359868488
0.0028938564996090267
0.0029238593708516675
0.002904780453424648
0.0029085533121362794
0.002909971004209078
0.0029372630264661212
0.0029188704727379994
0.0028643303795142633
0.0028659694901997544
0.002869947672371731
0.0028601595635889825
0.002871336918836289
0.002823516733829429
0.002860201185470829
0.002833555826527976
0.002845571156209092
0.0028329290305081486
0.002855370637430191
0.0028565365792300153
0.002845301841342974
0.0028507205758603552
0.002790952698380349
0.002822440922131776
0.002797910275333343
0.0027659297977092137
0.002784504265088145
0.0027605697312527836
0.0027679871567245413
0.002753619221470977
0.0027511153982736325
0.0027501847478308816
0.0027536059174491684
0.0027438060200729924
0.002747217728328775
0.0027237065597580275
0.00273990360112588
0.002717930026709391
0.002763185191785854
0.0026989968590391887
0.0026936952147193897
0.002713076980669128
0.0026708966588881496
0.002698344941956265
0.0026914987606759537
0.002628001430765365
0.0026782133048624686
0.002636587279079462
0.0026339568739404975
0.0026571695893813155
0.002663899126789543
0.002653882781473713
0.002629851645649386
0.0026011754059696
0.00262004739992133
0.002622013285689322
0.0026225702556594245
0.0026206394191303135
0.0026089106135289844
0.0025964013034395924
0.002604270258786949
0.0025564463313639514
0.0025819628845145325
0.002597764658607953
0.0025554326577796314
0.0026015193293688673
0.0025540292308229005
0.002543281749310206
0.002570450333165035
0.0025818399081166954
0.00254777156631522
0.002527385039057637
0.002556454805561323
0.0025128645323673725
0.002525262908142102
0.002499670370800313
0.0025145796767967023
0.0025077853829096734
0.002519513266859008
0.0024928128812722913
0.002475665253496215
0.0024867230139329777
0.002495795983766147
0.002454673973275544
0.0024807517577812898
0.0024756291667881384
0.0024529127104435037
0.0024353155789150573
0.00245499375342939
0.0024249368453356742
0.002431637508311105
0.002427935251245308
0.0024580815574913664
0.002414498427779488
0.002421378462451643
0.002385514470163931
0.002381700403864561
0.002414883629463045
0.002378242516687226
0.0023822242310697866
0.0023923472960887585
0.002406715064633685
0.0023975454570313607
0.002373658781546535
0.002347113791853297
0.0023608890409404413
0.0023391946497073966
0.002379683189581406
0.002352502065819434
0.002350209721875502
0.0023421644204233063
0.002343230868306669
0.002300706152617253
0.002311678137510712
0.002348018968422381
0.002304684658097765
0.0023634365755410614
0.002332094274296485
0.0023230292705886547
0.002298360400986697
0.002309420105401724
0.0022719394729288456
0.0022996385641411484
0.0022794150552717446
0.0022703244930570663
0.002259772727732371
0.0022597642002232217
0.002247957492648127
0.002247564590458815
0.0022764612984126384
0.0022119459824922433
0.0022508549415640408
0.0022432404171282045
0.0022165642952856972
0.002202466726632545
0.002216668736797663
0.0022163404831582758
0.0022025380966377906
0.002217248881517556
0.002193687053931152
0.002168734151538427
0.0021812576035084535
0.00220609475447625
0.002198773073605023
0.002190329858397198
0.002183209699315719
0.0021437965655134437
0.0021787202531297818
0.002157388581904244
0.002146932580825765
0.0021718308096689938
0.0021533278356933687
0.0021364894986224325
0.0021366124641269907
0.0021232434772357053
0.0021100069450244413
0.0021138919650534028
0.002105951723138054
0.0020877673005612663
0.002091358559023947
0.0021048555285444353
0.0021162742167534034
0.00207112861945181
0.00208214638106309
0.002061617684811848
0.002070445315219819
0.0020540394867458243
0.002056501124440608
0.0020694542697200767
0.002077348893376019
0.002042024092275955
0.0020397215696347356
0.002036070082259169
0.0020594678774154152
0.0020347077985865647
0.002010436717816303
0.001996284579568762
0.0020073226974655052
0.0020121589746201303
0.001995585787898578
0.001990975634432788
0.002020594497710515
0.00199844969134651
0.002000263972462986
0.0019780403235712825
0.001975161382308623
0.0019612775019425548
0.0019774677744227817
0.0019608814077485804
0.001966524713571919
0.0019582110106031326
0.001937315026707297
0.0019373443523265023
0.0019476333507628262
0.0018988254797476314
0.001955977103934783
0.0019432213001789836
0.0019340286516587916
0.0018815183379006365
0.001934046791371632
0.0019213966196575131
0.0019165812452732647
0.0018847374683167747
0.0018971765673021833
0.0018878090075458904
0.0018786310202934696
0.0018929542262666199
0.0018776073296050454
0.0018711726402966184
0.0018727322742446055
0.0018506139104385807
0.0018711555868880674
0.0018437296356167583
0.0018449974119670964
0.001851436234425058
0.0018321814017014737
0.001836014820769721
0.001821721214663488
0.001809461260937922
0.001833203886413703
0.0018258259926011424
0.0017846120117721938
0.0018200324678871354
0.0017802176835380729
0.0018052333065505923
0.0017982163268398426
0.0017636452249455907
0.0017854301143767528
0.0017685792786519237
0.001774433602190448
0.0017772729980101145
0.0017681150858972362
0.0017583135556348873
0.0017423218890422077
0.0017305189296693483
0.0017560790701579034
0.0017333514783874607
0.0017408491855468067
0.0017363510339974463
0.001724764360373963
0.0017234930390650526
0.001714231774967492
0.0016905852568542196
0.0017081180677989342
0.0016869966958009419
0.0016925997958946173
0.0016950772977885717
0.0016993122167926209
0.0016925215060329085
0.001701858243495751
0.0016687207306592252
0.0016497205113674574
0.0016795924361938984
0.0016614801888270806
0.001634602470943471
0.00164391603485695
0.0016274556064552648
0.0016547615903109696
0.0016338402443613206
0.0016370422771688064
0.0016267000419786528
0.0016170287722741968
0.0016124711938880897
0.0016260155448587102
0.0015944121246597805
0.001600638334645752
0.0015991416475846932
0.0015892636030318285
0.0016010149891447206
0.0015783426739378248
0.001578264870527501
0.0015698499130391427
0.0015559144040189073
0.0015516904655847356
0.0015583144941570212
0.001578465575558175
0.0015487937756738452
0.001523416225070178
0.0015304824041253843
0.0015405212807794483
0.0015283079904183094
0.0015299367274956529
0.0015094178672976663
0.0015372111161942985
0.0015107652873328232
0.001510317514857512
0.0014926521821280122
0.0015146508312862124
0.001486652552388194
0.0014942787230330414
0.0014749422714184903
0.0014819687893754543
0.0014804815635503297
0.001484857313673701
0.0014827015785939261
0.001464480456505998
0.0014397737621397605
0.0014429469639987314
0.0014328446654355046
0.0014495855104883198
0.0014382067759712996
0.001435642781829949
0.0014073230063384105
0.0014222623457052605
0.0014262955158201
0.00142233231654683
0.0014133154348830014
0.0013978200463551295
0.001396571747190175
0.0014027425801084652
0.0013786652314512237
0.0013933170155425174
0.0013784243931568056
0.0013700393028498804
0.0013650869525566585
0.0013829581351514934
0.0013551167663331683
0.0013554286546529084
0.0013425961257401576
0.001333577997891569
0.001335974431792755
0.0013423634787388563
0.0013254716086942783
0.0013043671915454653
0.0013297186083452007
0.0013085830790584686
0.0013091470593485559
0.0013131253040736968
0.001309085723285742
0.0012824968224282541
0.0012942718719169172
0.001272175857137546
0.0012793059899415828
0.0012619891859463458
0.0012526324959179728
0.0012732451798188487
0.0012511597607296223
0.0012571681474109488
0.001253242271459764
0.0012525893004277115
0.0012303717796513054
0.0012489735687527463
0.0012336374302655553
0.0012209029966425498
0.0012101105102917946
0.001210979070640861
0.0012091698697591338
0.0011935987557856328
0.0011958923600218132
0.001193530978531893
0.0012025422285853128
0.00117887994532365
0.0011680515355780602
0.0011679026939014987
0.0011731085948736965
0.0011623113814190078
0.0011589723571431218
0.0011531598505258392
0.0011402798988746435
0.0011629878006449651
0.001143011353800965
0.0011342589149458016
0.001125118577638708
0.0011137595154486976
0.0011040362567034372
0.0011080400236834118
0.001100825991962144
0.001102206871772018
0.0010799217389112206
0.0010909502373737604
0.0010808328845109748
0.0010700460861702166
0.0010781518800359565
0.0010615179510498557
0.0010573426763418757
0.0010609630348530335
0.0010521099147594918
0.0010413033339805825
0.0010387836129673027
0.0010313536365753422
0.0010182455889882292
0.0010212594037441027
0.001018326953378003
0.0009961932981988589
0.0009957924280372395
0.001004088188882208
0.0009923029233788398
0.0009917393102096969
0.000985374504182231
0.0009790733114621792
0.0009682327628700838
0.0009568752711939679
0.0009594742291642046
0.0009519149451413889
0.0009495709068098885
0.000943613050330003
0.0009361707826464692
0.0009138479221224996
0.0009303773595088042
0.0009135927115783191
0.0009106200027686069
0.0009088401569050232
0.0008908986683096846
0.0008884093843926384
0.0008855508296320117
0.000876692044484043
0.0008749167673226599
0.0008652680201339599
0.0008615601371280614
0.0008606344741952651
0.0008549793688657029
0.0008442383493889341
0.000841500857931256
0.0008394198895848414
0.0008240801147521577
0.0008271885836842483
0.000816550172842502
0.0007987379968968878
0.0007968946235749425
0.0007988679867797418
0.0007883834274063552
0.0007892380149593385
0.0007758317423487716
0.0007741370713021295
0.0007537165216624262
0.0007521677854396129
0.0007460850298234657
0.0007299021938564469
0.0007338697979784659
0.000726114325956577
0.0007178133512973485
0.0007139359083477932
0.0007071956533932195
0.0007003650980463105
0.000690814745813791
0.0006774662941412016
0.0006725354525930082
0.0006590418915170319
0.0006526996435543941
0.0006590623553572895
0.0006424902082969438
0.0006312735827557816
0.0006327169909679532
0.0006235034249499173
0.0006203689143144131
0.0005978864040330413
0.0005944170565910002
0.0005832545086711166
0.0005745925546534809
0.0005620076927656105
0.0005574779468349565
0.0005476634149867077
0.0005425408118320328
0.0005326908001630328
0.0005266935101518752
0.0005155159055792436
0.0005088754643277796
0.0004931755621236616
0.00048647884995256345
0.0004763697151422331
0.00046984117999308183
0.0004574635884146915
0.0004517889390149129
0.00043904262141987265
0.0004164350348474148
0.0004104318140010646
0.0003984923073586101
0.0003888299988337462
0.00037363324669927603
0.0003641273891557075
0.0003509114646147461
0.00033071358811585084
0.00032168089989897323
0.0003067546238944207
0.0002888284159737651
0.00027429379892708757
0.0002519894826249162
0.000235538657529699
0.0002150940901414411
0.00019286487618498625
0.00016713647386554185
0.00013376926517241018
9.450288831761381e-05
4.759737295462422e-17
