0.5640630266324551
0.5634463150669596
0.5632000029657288
0.5636342287925775
0.5636254227816426
0.5637452268659615
0.5630827327904322
0.56389123248243
0.5642028456220362
0.5633411681364938
0.5638503044898895
0.5633281780661252
0.5637324910498908
0.56354059409015
0.5638440111544059
0.5633093975322063
0.5636356108564387
0.5633338241095952
0.5634758223350562
0.5634820297678507
0.5635367464133711
0.563362267334628
0.563359177840491
0.5634254267963217
0.5638105985688542
0.5639651080066895
0.5638338227163329
0.563479504773218
0.5634941747296329
0.5638088376562871
0.5636094468327006
0.5634375332912188
0.5635089060018298
0.5635902039936508
0.5635656469888394
0.5633805108651193
0.5636057866111994
0.5636832122254205
0.5636746229398948
0.563516742845158
0.5634918908337233
0.5634996380525539
0.563537925584406
0.5633262542028629
0.5637425016315515
0.5637038303794005
0.563628354192842
0.5636663964086556
0.5633941076249722
0.5633512793702885
0.5634227970234691
0.5636027463897925
0.5635339788956335
0.5635903876767767
0.5634528009308606
0.5636711186237237
0.5632839348904197
0.5635314010040297
0.5636872281391616
0.56359960415451
0.5635945851953164
0.563661020298604
0.5634625711077108
0.5634105533258867
0.5637390378731587
0.5636372773468366
0.5635453936842643
0.5633810098836053
0.5635292185445224
0.5636019040278203
0.5635446674264349
0.5634480487703853
0.5636243669732705
0.5635715260407286
0.563712368401315
0.5635275591548581
0.563684317866097
0.5636404816317473
0.5635157093248169
0.5633979907700686
0.5634548488590874
0.5632704647112672
0.5635731215252127
0.5633595727523433
0.5636647654855506
0.5634457644296492
0.5634342458239132
0.5634887177460863
0.5634380965721046
0.5634530884033792
0.5636634078485958
0.5635120236193765
0.5635869401395975
0.5636751883696656
0.5634170547216787
0.5634367311133044
0.5636240584486178
0.5635618045773546
0.5634194099504388
0.5634617942998317
0.563464107288486
0.5635148727077997
0.5634098166716369
0.5634149037545165
0.5633904838299991
0.5634322411518655
0.5634803982858717
0.563608888740215
0.5635078910112424
0.5634941972206068
0.5635682120175064
0.5635707474953923
0.5633209030660499
0.5635336002531818
0.5637794937954197
0.5635687807453365
0.5635052666531423
0.5634776974341408
0.5635043621482948
0.5636667870324826
0.5635660214428512
0.5635535543935551
0.5635951758688497
0.5635114506269057
0.5634792452711826
0.5636637679837149
0.5635257994486534
0.5635003814169648
0.563717232939163
0.5633857381774089
0.5635001400650097
0.5635427065607017
0.5634935646944926
0.5636462514477042
0.5635540261841624
0.563612734616332
0.5635459074052628
0.5635688641432924
0.5635587580584852
0.5636535752745432
0.5635208064836151
0.5635262822684992
0.5636558982272096
0.5634346373789964
0.5635574615779135
0.5635541276407043
0.5637385278908889
0.5634309579288405
0.5636496329493503
0.5634439837626548
0.5636314436994647
0.5635252866453011
0.5636711497979017
0.563583837548802
0.5635203965880241
0.5636454736586728
0.5635845630453628
0.5636780777152804
0.5636733664864007
0.5634386452950073
0.563587919410271
0.5635058396024255
0.5635284501948508
0.5636140423759772
0.5635317129502293
0.5634850456123499
0.563584569149197
0.563520087761679
0.5636704590994769
0.5636482683221995
0.5635681208421659
0.5635733487945045
0.5635594574544641
0.5635238775702349
0.5634734462336204
0.563570379232696
0.5636705572025429
0.5635812079420394
0.5634438724784927
0.5636177302612121
0.5636569832016461
0.5635877392029742
0.5634117038856442
0.5635579471939043
0.5635144970948933
0.5635889391799245
0.5634663370333165
0.5636076483171097
0.5634635132867531
0.5635622950250906
0.563566101682426
0.563411741245694
0.5635556744718846
0.5635629615594635
0.5635450669526588
0.5633997063123698
0.5636005145128428
0.5636388199713419
0.5635710810848827
0.5635797577629089
0.5635993823893898
0.5636314495153656
0.5635940206109724
0.5634766889918199
0.5634722801143404
0.5635507697572198
0.5636452688994643
0.5636096450775735
0.5636482055468152
0.5636254470435648
0.5635850057593083
0.5635372642897184
0.5634589223384028
0.5635836941897612
0.5635275590146509
0.5635496567083538
0.5635413319576639
0.5635044909967973
0.5635886681244061
0.5635544869096687
0.5635005851788923
0.563543036834947
0.5636428955998178
0.5634911167350573
0.5634661435988706
0.5635128713067624
0.5636239138524208
0.5634504646020341
0.5636122532722176
0.563532532533511
0.5635652833515574
0.5636252488807129
0.5635601052819271
0.5635521351192027
0.563660423597263
0.5636247883523939
0.56357002551181
0.563509297255399
0.5635992640971109
0.5636829986468813
0.5634535661644503
0.5635121195910849
0.5636252085475228
0.5636051389570768
0.5635575210363297
0.5636616132366811
0.5635873004138573
0.5634445950012967
0.5636223080184211
0.5635488976167198
0.5635288031062116
0.5636207282497174
0.5636266127852623
0.5636053757618861
0.5635067227254088
0.5635720339797711
0.5636005757107917
0.5635567859819605
0.5635243375723638
0.5635318361539304
0.563543233863097
0.5634981473034166
0.563500539267471
0.5635873400129866
0.5636268717226208
0.5635699251293037
0.5635023828208239
0.5635833700265404
0.5636051126352939
0.5635814550461544
0.5635567932533754
0.5634772833278605
0.5635612824351534
0.5635539843397886
0.5636168659214971
0.5635735826985413
0.5635480583437122
0.5635262253072405
0.5636155943033893
0.563531286235448
0.56354515687114
0.5635760145835111
0.5635716946685158
0.5635230008256837
0.56354929585381
0.5636092000742787
0.563532346210065
0.5635495281877263
0.5635309809962527
0.5634910941952612
0.5635891656925929
0.5635389413988594
0.5636027495867595
0.5635607496828786
0.563592153148219
0.5635745092445302
0.5635375065362932
0.5634785976503434
0.5635205894756117
0.5635883793974938
0.5635973217242912
0.5635276722759973
0.5635245879052343
0.5635837286923057
0.563536731045516
0.563565392846133
0.5636070383536853
0.563633834471963
0.5635697417598816
0.5635524845500883
0.5635381154724576
0.5634726022040546
0.5635330387137388
0.5635808716514317
0.5636080412558261
0.5635911297829146
0.5635785543355208
0.5635424340853793
0.5636048820332847
0.5635846100382179
0.5636132543019625
0.5635472991972945
0.5635544794430077
0.5635513073047153
0.5635883447373214
0.5635850871299726
0.5635396226187868
0.5635531335085882
0.5635084491026909
0.5634474341693598
0.563587378583516
0.5636878416739759
0.5635578465896758
0.5635573163063629
0.5635788593529273
0.5635258733677383
0.5635399764982949
0.5635052590316559
0.5635910776675942
0.5635886031057941
0.5635388760358881
0.5635521656104163
0.5635887320933183
0.5635202520579868
0.5635570189745164
0.5634988535625461
0.5635490992013727
0.5635748959646341
0.5635942701849408
0.563574475527397
0.5635747399815939
0.5635854027783507
0.5635643132186329
0.5635857495843031
0.5635864868111293
0.5635947323731718
0.5635855881755155
0.5636371684783394
0.5635595954671367
0.5635393457696504
0.5635153653833544
0.5635572093508358
0.5636044073165974
0.5635491156269391
0.5634691117537388
0.5634947351189683
0.5635679534492641
0.5637124131080129
0.5635595387755847
0.5635341177830491
0.5635623207751927
0.56361686456139
0.5635558264507969
0.5635198482106705
0.5636048519329707
0.563600496207341
0.5635842098193845
0.563521327025876
0.563534376036918
0.5635756459116584
0.5635685098239169
0.5635937357975057
0.5635764668438714
0.5635313061059033
0.5635997588123243
0.563510433063459
0.5635450699882286
0.5635939048464417
0.5635050593833787
0.5636124110852715
0.5635738411628614
0.563668996012877
0.5635513180299211
0.5635717247886664
0.5635835084081008
0.5635327018577385
0.5635901991567718
0.5635461070967489
0.563552682100711
0.5636099707020528
0.563571202417779
0.5635454670228164
0.5635633569691563
0.5634993190951048
0.5635851046398404
0.5634433383985281
0.5635245668379824
0.5635392550471817
0.5636010673734108
0.5635996429161195
0.5635372454410487
0.5635703799692066
0.5636046608955219
0.5635510288901535
0.5635402245781874
0.563624070444635
0.5636549992096513
0.5635605172599293
0.5635311366133493
0.5635753413294338
0.563522339085521
0.5635062313994897
0.5634996264114472
0.5635670928085463
0.5636114939093725
0.5635261103806729
0.5635493046529094
0.5635317895516261
0.5635880529889943
0.5636474929282793
0.5635673721320478
0.563530259093515
0.5636116041888369
0.5635677054898006
0.5635828269154867
0.5635463371181131
0.563610934944305
0.5635719396942624
0.5635348270855131
0.5635558323263392
0.5635565257284924
0.5636062386254571
0.5635797104053112
0.5635961604444493
0.5635598729573983
0.5636291897220408
0.563553195254738
0.5636060676263215
0.563579688252441
0.5635742855249791
0.5635880440536466
0.5635842841245942
0.5636265576429436
0.5635086509982827
0.563592365941156
0.563558683698469
0.5636098399449495
0.5635580056817212
0.5635558646664447
0.5635185365930817
0.5635551382562614
0.563569959005686
0.5635352688038399
0.5635719071712131
0.563547199712989
0.5635638020935199
0.5635223901249399
0.5635540345309111
0.5635227681802281
0.5635762827376232
0.5635239891440998
0.5635968079918493
0.56351293430029
0.5635689715210549
0.5635900900928319
0.5635738339727951
0.56352840943346
0.5635378717359655
0.5635215635412077
0.5636215410925577
0.5635189663036898
0.5635576264952051
0.5635429399031445
0.5636136941740444
0.5635184206309598
0.5635527627149383
0.5635889665109609
0.5636091878937056
0.5635614326788665
0.5636032438208112
0.5635493505605189
0.5635979282621872
0.5635642621178321
0.5636223807649935
0.5635825521594746
0.5635541953658453
0.5635422720927344
0.5635707353187592
0.5635309229409741
0.5635628269506621
0.5635090216832348
0.5635857221136427
0.5635786680046398
0.5635627563030399
0.5635510066931968
0.5635108114032958
0.5635370836182341
0.5635080687984416
0.5635925978521484
0.5635223195343042
0.5636074071912197
0.5635599144816118
0.5635464369009315
0.5635563214616405
0.5635091304352621
0.5635486712238801
0.56360293515061
0.5635594641701919
0.5635707585194398
0.5636058538694251
0.5636496339934912
0.5635577520249828
0.5636051041382841
0.5635268637955391
0.5635354388742245
0.5635358238941948
0.5635440351686978
0.5635877706552611
0.5635608393283519
0.563570007458301
0.5636216895932599
0.563619714203284
0.5635454038052903
0.5635194269034272
0.5635487662493777
0.5635992651201681
0.5634834969539536
0.563553016577349
0.5635684188112506
0.5635741177571459
0.5636088480799266
0.563540351598071
0.5635780242988346
0.563544461891317
0.5635776503088229
0.5635742188457274
0.563570150038237
0.563597544267864
0.5635563952779887
0.5635533699100043
0.56357624507085
0.5635155076558259
0.5635858007541887
0.5635659309803752
0.5635595213465818
0.5635600797112844
0.5634997172502425
0.5635372178790458
0.563551565792197
0.5635312542151817
0.5635730139212957
0.5635587179041385
0.5635676026718468
0.5635251979686721
0.5635044888812761
0.5635998564023628
0.5635710178577034
0.5635781715120229
0.5635584368916734
0.5635147355013872
0.5635532041432086
0.5635723279101975
0.5635666751234202
0.5635785934358489
0.5635949100104968
0.5635875780782666
0.5635942406848543
0.5635657119694828
0.5635623468228649
0.5635594056183906
0.5635937384730487
0.5635717594510821
0.5635853115490831
0.5636079983472673
0.563566165593755
0.5634814310563812
0.5636199355591094
0.5635275458599419
0.5635834474869736
0.5635519313265944
0.5636247245626349
0.5635638690532508
0.5635119628726311
0.5635824864550848
0.5635961251257511
0.56353419365535
0.5635606666319982
0.5635926620803436
0.5635511339501891
0.563540428311484
0.5635877015230965
0.5635204803198874
0.5636138670116629
0.5635898549612759
0.563571044714705
0.5635421814075726
0.5635211077312301
0.5635538133039509
0.5635923568676225
0.5635307701783672
0.5635753123304827
0.5635754008593019
0.5635808657273929
0.5635876675636099
0.5635547008021071
0.5635339616009245
0.5635653145839064
0.5635434880355115
0.563554453899508
0.5635285555988502
0.563604616944359
0.5635135162140213
0.5635489164902295
0.5635491347618925
0.5635511274872745
0.5635615021814351
0.5636026272284381
0.5635366513170604
0.5635813375630792
0.5635789203402294
0.5635701181363214
0.5636150411171401
0.5635351072103731
0.563560365026119
0.5635647249995687
0.5635264471524835
0.5635522470118338
0.5635844203960539
0.563543415148189
0.5635698327082859
0.5635762104318288
0.5635681646273847
0.5635799372268703
0.5635486514389555
0.563602239210411
0.5635729801987239
0.5635695112347155
0.5635412635999354
0.5636061832604164
0.5635481158046498
0.5635727473994115
0.5635954750333756
0.5636031314819518
0.5635609838174622
0.5636159589357378
0.5635681259148396
0.5635435914638711
0.5635701981392898
0.5635088055106344
0.5635813683984933
0.5635617876985726
0.5635547588381752
0.5635400541580833
0.5635343076919272
0.5635278139455775
0.5635819168284681
0.5635903285183768
0.563560342620671
0.5635619104160402
0.5635331504500276
0.5635345813699661
0.5635280327959817
0.563560675940059
0.5635928231688943
0.5635721148767822
0.563531747217148
0.5635658890624115
0.5635546805885022
0.5635626931292969
0.5635833645689253
0.5635507048021955
0.5635418824941185
0.5635665480692625
0.5635495296951211
0.5635449524753161
0.563572591201602
0.5635910799613355
0.563572754435451
0.5635532003579766
0.5635604260548225
0.5635788406745009
0.5635712864118531
0.5635767542938357
0.5635681287524125
0.5636272593468675
0.5635463269691089
0.5635548436042808
0.5635641664886963
0.5635884670282928
0.5635687614002057
0.5635552674348623
0.5635514021233552
0.5635808320248958
0.5635593640507116
0.5635641613238346
0.5635471562881775
0.5635263705676556
0.5635724631974566
0.5635436682129136
0.5635558428124539
0.5635921042385763
0.5635962897470179
0.5635634244959472
0.5635809517011827
0.5635178344218712
0.5635822707564763
0.5635367274272727
0.5635356148812035
0.5635455555815996
0.5635464493701002
0.563576647040484
0.5635689972864696
0.563559123393908
0.5635488261341863
0.5635806909297632
0.5635254357412723
0.5635576792564454
0.5635609155799122
0.563568996086944
0.5635661086933914
0.5636032813866343
0.5635568450183492
0.5635785026351928
0.5635864746749165
0.5635511168738987
0.5635790411604862
0.5635267539233204
0.5635657520223751
0.5635319475614905
0.5635365057643332
0.5635355931459503
0.5635393328515286
0.5635700912475551
0.5636033041392096
0.5635561424861623
0.5635487540831241
0.5635577921627646
0.5635296642115769
0.5635552018453531
0.5635863859465747
0.563533533486654
0.5635542112405377
0.5635693446534205
0.5635245385590942
0.5635582170872256
0.5635372289967232
0.5635694444054224
0.5635332129098805
0.5635272819234366
0.5635805881096442
0.5635543530283145
0.5635492707863218
0.5635439238141743
0.5635797454783631
0.563572645736004
0.5635750663776782
0.5635598567453722
0.5635513787509097
0.563598168349945
0.5635788998859976
0.563569857146271
0.5635526658737938
0.5635637544500745
0.5635581691140759
0.563562476852334
0.5635609390466404
0.5635736093677906
0.5635505335773211
0.5635915308705944
0.5635979713868382
0.5635807967696412
0.5635745071545217
0.5635647656062691
0.5635903865281794
0.5635682199708597
0.5635443345017308
0.5635648960535687
0.5635729328007518
0.5635440719817603
0.5635485531209479
0.5635552514036622
0.5635926139298828
0.563574195936624
0.5635781686586023
0.5635444797097685
0.5635829760469858
0.563556045255442
0.5635442235612956
0.5635519480584349
0.5635937643352898
0.5635735618126685
0.5635730872356496
0.5635820351675569
0.5635597441874692
0.5635240961658357
0.5635817212499424
0.5635605272181752
0.5635654043711815
0.5635514864767392
0.5635613679175943
0.5635750950079432
0.5635668569133379
0.56355521638679
0.5635761858554797
0.5635750544223338
0.5635809544026821
0.5635506175892073
0.5635769658974216
0.5635766068949778
0.5635532968520491
0.5635701899104841
0.563554878434141
0.5635543193495051
0.5635720417463125
0.563562562605815
0.5635776503603033
0.5635631081372939
0.5635545430210823
0.5635507071547002
0.5635545819670201
0.5635688933512648
0.5635617363987978
0.5635620185613534
0.5635347064209957
0.5635477454744373
0.5635743417871634
0.5635876877683393
0.5635559172097161
0.5635655909160204
0.5635748674500375
0.563561746900243
0.5635616164299808
0.563565976133422
0.5635875753239994
0.5635435017062674
0.5635647020479185
0.5635540851532356
0.5635511922185548
0.5635613334385947
0.563591999382608
0.5635679528818622
0.5635596870869879
0.5635631590883827
0.5635608711261213
0.5635572812370271
0.5635759813788825
0.5635802743134248
0.5635412075540102
0.5635615121568402
0.5635491751192064
0.5635655888593452
0.5635397276065823
0.5635387573030618
0.5635582248672009
0.5635433785916666
0.5635580714959455
0.5635540988367347
0.5635682654184335
0.5635561440879147
0.5635557679394984
0.5635698987866106
0.563572804984899
0.5635617448719937
0.5635552386570923
0.5635722860040172
0.5635403102005224
0.5635456894229599
0.5635776029516312
0.5635563998460424
0.5635650687163547
0.5635640655464166
0.5635676249090574
0.5635497109109516
0.5635625632840796
0.5635542410796613
0.5635659259827883
0.5635507308776758
0.5635617351528406
0.5635637227913423
0.5635553699317346
0.5635599567350978
0.5635625255493527
0.5635563022335606
0.5635603287675481
0.5635496179822294
0.563574374486247
0.5635613432706048
0.56357494214654
0.5635514460759643
0.5635666942779485
0.5635651194367521
0.5635515130047225
0.5635705486246084
0.5635581740358603
0.5635621349557564
0.5635678065624922
0.5635568613284964
0.5635580008593245
0.5635735710462324
0.563575850155224
0.5635544335476771
0.5635402553242622
0.5635534276769573
0.5635608736771828
0.5635615006599312
0.563579597651322
0.5635485115410468
0.5635674951080151
0.5635569235296968
0.5635525349992213
0.5635670139031643
0.5635677050798836
0.5635712523045299
0.5635515017057628
0.5635450944180181
0.5635610822526358
0.5635428213757492
0.5635577516630111
0.5635533878079372
0.5635740580802336
0.563574146598703
0.5635670802040621
0.5635620317837433
0.5635708455000259
0.5635714970612561
0.5635544165625852
0.5635610385170986
0.563550764771443
0.5635559516849808
0.5635558523488747
0.5635551233773511
0.5635691601102774
0.5635593574048299
0.5635659459357174
0.5635539831922253
0.5635582137871489
0.5635628504349995
0.5635626891433322
0.5635683935993719
0.5635595744776607
0.5635675450514981
0.5635679398932575
0.5635621402694728
0.5635664672888032
0.5635675781785038
0.5635475812759385
0.563549892325333
0.5635560789400915
0.56355834517993
0.5635493268590779
0.5635556348000746
0.5635641002661856
0.5635684425589725
0.5635586402243649
0.5635588895761195
0.5635671851060589
0.5635551367258225
0.563550483186855
0.5635550469264116
0.5635584801911315
0.5635633295603554
0.5635649922519113
0.5635632504966729
0.563564645017824
0.5635647604751056
0.5635535904829311
0.5635593847331045
0.5635653200964779
0.5635564665909663
0.5635651116295933
0.5635638506548598
0.563554313297516
0.5635689751578437
0.5635609776538858
0.5635560594356289
0.5635559989778502
0.5635634371401106
0.5635614015354858
0.5635594868131111
0.5635602695545119
0.5635615389860542
0.5635618392036315
0.5635582307306045
0.5635594092720291
0.5635654979422501
0.5635615373230702
0.5635620087098404
0.5635603784803936
0.5635614355599403
0.5635608066996189
