0.09030223941675362
0.06391762791196207
0.05232619813439265
0.04445502753328271
0.04002788038452705
0.037055904638691954
0.033538840591314706
0.031919612465337845
0.029887038178899043
0.028287916489744103
0.026506793078971014
0.025858141930049705
0.024931631561035242
0.024009241514481562
0.02338575081033623
0.02245645475368402
0.02160332711120423
0.021016562799851007
0.020408677040601463
0.01980465912599208
0.019512046319770687
0.01894879151020973
0.018512033071747803
0.018180367874963736
0.0178363151555776
0.017400583677957666
0.017049095313358072
0.017061482506243928
0.016473385963757636
0.01614963887834708
0.015847517206687207
0.015797167586907555
0.015365177569389057
0.015221067880862115
0.015061963399868532
0.014899585661233223
0.014613034172401118
0.014450140513831798
0.01413374107693563
0.01399187108974233
0.013655782383380827
0.01358598211177111
0.013355205651232561
0.013207644061663165
0.01321131490866448
0.013036608874407688
0.012979691601414965
0.012602697117841977
0.012609235837255168
0.012312246813751655
0.012339286784157768
0.012403922127171878
0.011993658976347755
0.011905676586304197
0.011875355915227077
0.011742948329440409
0.01147702673958081
0.011435998251245385
0.011375145429833915
0.011240686973743166
0.0111562342168222
0.011068923441100928
0.010994008091193837
0.01095771388808088
0.010731263321041129
0.010691843544594178
0.010582235628812437
0.010555584265540652
0.0104382786598651
0.010384234679843956
0.010273140395384876
0.010185542544332127
0.010227561695526438
0.010101223803053396
0.009960335748607604
0.009961767796905212
0.009906035663595082
0.009731443482436953
0.009777696904683896
0.009706503671136192
0.009492111398259258
0.009643318791146636
0.00948475489232852
0.00943781112203028
0.009276633073328315
0.009298029617932026
0.00937146089009246
0.009081211068862729
0.009084081695823908
0.00896077821739372
0.008930012044615635
0.008893908828743418
0.008907157363060398
0.008845342326800011
0.008806186892984373
0.008799648519064769
0.008743649910301689
0.008695669413070654
0.00857190580709388
0.008494991229675997
0.00856458636650681
0.008419742463068433
0.008409714957026264
0.008316548545960237
0.008302575000444514
0.008240211083388713
0.008191529266620734
0.008165334094000906
0.00813841019540188
0.008076338907887524
0.007977731577060629
0.008037442688989217
0.007924158129081475
0.008068210854600405
0.0079609908399802
0.007880621577511371
0.007852666883468916
0.007838253212405359
0.007720817678165089
0.007753842558171839
0.007639747348555065
0.007653410662188927
0.007637657064533159
0.007553460022900016
0.007584361944048338
0.007449899936681241
0.007435322261038046
0.007422876072649065
0.007433116541977476
0.007362951179967119
0.0074406124587839545
0.007270586037326064
0.007252197128136132
0.0072222765573229245
0.007387252447869896
0.007056708991459414
0.0072557795616027395
0.00718356242074821
0.007035913371368462
0.007040892159008491
0.007057160823789975
0.00695329338533376
0.006955459639607742
0.006899833516539412
0.006854642205017553
0.00696303914867876
0.006842998830965418
0.006825726099482588
0.006707188241172346
0.0067157732696674875
0.006783532693745091
0.006663770522077126
0.0066853256474434875
0.006681562910635547
0.0065779010449212106
0.006597540170744326
0.006607149154456628
0.006573606206458627
0.006580702138576969
0.006474036930502148
0.006450526910390393
0.006526656852237266
0.006449909239258
0.006393299300298101
0.0063195412643158545
0.006364930914767448
0.0063515705992242015
0.006269163209096579
0.006319710789846025
0.006289122108747535
0.0063185955362942145
0.006243479249580536
0.006143633940493472
0.006133177636182784
0.0061981032600514135
0.006227180997998792
0.006121012298743018
0.006150581045453383
0.00617971730587394
0.006031549170511377
0.0059982979498104435
0.0060693675147827355
0.00599813398781062
0.005968180266528313
0.005958753500329673
0.0059093248680754905
0.0059096588058240385
0.0059013571672498644
0.00581477445819274
0.005867059864687652
0.00585446768252324
0.00589940084410898
0.005801632180401344
0.005870526283465076
0.005775879011934018
0.005764320721742441
0.005791258043429025
0.005711422430120208
0.0057577812713040695
0.005751244907389785
0.005687766588410963
0.005685290390484803
0.005652542005446048
0.005638486951491045
0.0056488361607067656
0.005607152677063755
0.005583208270202677
0.0055561498862708916
0.005535616327585927
0.005542735601729419
0.005510520866869914
0.005444302386830034
0.005430938644847815
0.005491179176578703
0.0054453303610052335
0.0053925703605007995
0.005418639448599302
0.005386450193035848
0.005420593679524102
0.005415711091069167
0.0054047187893495685
0.005353787210975262
0.005397690819049803
0.00527099018774382
0.005241476783244461
0.005289536090673143
0.0052522765101287346
0.005250534333779745
0.005198192942144891
0.005280828429439163
0.005257993039517337
0.005190282406989881
0.005202379298730655
0.005200522768806018
0.005131364780859453
0.005100977978687513
0.005136359153575796
0.005132609975078928
0.005026240907088353
0.005049742909015876
0.005028707188989208
0.005008120555247394
0.005081593133689781
0.00502975102303831
0.00501027692072353
0.005001122092855262
0.004907564121522498
0.005019173936135483
0.004908742304090733
0.004916736325967012
0.004923278763111188
0.004914267088883356
0.004919745364505891
0.004871944817810245
0.00484595863431634
0.004967742643492983
0.0048076702941245684
0.004858774465225313
0.004876463259394266
0.0048250575571507645
0.00473042798527115
0.00478109884830419
0.004780230820409575
0.0047623582654487025
0.004714956689898186
0.004684281958434238
0.004767412226820089
0.004714518273064125
0.00465535784913448
0.004665757220558778
0.004688194202199154
0.004670405947098227
0.004626944622193325
0.004660444108145434
0.00465172361499262
0.004563615407157012
0.004600918045250492
0.004569235539045834
0.004524215742586551
0.004577957707694243
0.004584388342139007
0.004535605699780451
0.004530616179883756
0.004531017299912645
0.004457676128887907
0.004416562753631251
0.0044367274242469446
0.004487534002727922
0.004450445144633093
0.004408722744987642
0.0044400738816468615
0.004498734798170234
0.004465049024525913
0.004409940713989157
0.004379395884635656
0.004340046329944706
0.004359465820688299
0.004356532804058849
0.004361324934676234
0.004340504162349765
0.00432591494382535
0.004328369164404401
0.004261542108844342
0.004348596105627584
0.004314708753452881
0.00432789811481219
0.00425228746292356
0.004268004091421297
0.004226254645831386
0.004269956136289339
0.00426194798458314
0.00421757163194819
0.0042526321348930795
0.004179391426982537
0.004174863965395882
0.0042001042734420724
0.004194825770059416
0.004205625187433683
0.004147711331130658
0.004147793161273122
0.004094476115041088
0.004143027793808091
0.004138534165514202
0.004141566392496439
0.0041281410333597005
0.004133655473791896
0.004063057984001365
0.004120509551425737
0.004071720487830757
0.004052956666440769
0.004098080018940583
0.004030415489946294
0.004049779502239122
0.004026701198085762
0.004062954803863209
0.004049616921990378
0.004032610109265552
0.0040319001086860035
0.0039343165598159195
0.003961179636797058
0.003931521702715961
0.0039618425400074495
0.0039275443694243295
0.003969581651897259
0.0039474738298439765
0.0038798152999935448
0.0038702986845894423
0.003893196718132771
0.0038873096434649244
0.003912311944736635
0.003864213203588664
0.003929903780594645
0.0038618124749933104
0.003832556759735293
0.0038452470346142633
0.0038233566241934924
0.0038436926974691563
0.0037733138299866744
0.0037834481000210496
0.003797645962633957
0.0037681689527417133
0.0037486177973731793
0.0037954896802367853
0.003744824191825994
0.003742999896031823
0.003735272908862532
0.0037359496288389884
0.0036758280752842696
0.0037261207121964896
0.003695141576702019
0.0037118703915230053
0.0037178579712815693
0.0036999284970484496
0.0036609520070866684
0.003673096599822066
0.0036277314043098897
0.0036195791624921408
0.003641712868908544
0.003618914917512851
0.003632446795028488
0.003606434460356007
0.0036630473260306066
0.0036169569202445756
0.0036615403055436447
0.003574452451129109
0.003616572470068491
0.0036289987463489224
0.003601864247521299
0.0035709056625826126
0.003562831130370836
0.0036153345331515563
0.0035054445480256643
0.003552825670983343
0.0035019676610725703
0.0035331374740001226
0.0035136562238855056
0.0034725302453015396
0.0034938986722342635
0.00347230757213769
0.003518324976374904
0.0034805168181128274
0.003448499085132041
0.0034192611622531725
0.0034452932920429774
0.0034673955974265113
0.0034899923222829797
0.003433151680195406
0.003445114857176986
0.003437695596921306
0.0034031477718882586
0.0034476711615037247
0.0033856630016282745
0.0033571670767341133
0.0033871989885029424
0.0034312350670121653
0.0033640777039502497
0.003332991234828052
0.003379013420214858
0.003323566114745361
0.0033239248221483336
0.003331568862853599
0.0033624502905762414
0.0033676137216814123
0.003331472866991691
0.0033042767949156915
0.0032839516705809083
0.0032454763467862926
0.0032897419133476706
0.0032513708229742187
0.0032794574647374403
0.0032705642872692506
0.003283214343120619
0.003252275843157907
0.003247078140272605
0.0032252268349349422
0.0032198885266138152
0.0032220019655603096
0.0032599288228435247
0.003255254112857658
0.003202957199334103
0.0032411040228187307
0.0031920140140750033
0.0031781654524000395
0.0031713953756004475
0.0031873578160129448
0.00315972282077043
0.0031705865719317745
0.0031373362428700475
0.003181145883003646
0.0031409465441565526
0.003137907471572859
0.003124661352091498
0.0031128630678023636
0.0031096424999964766
0.003082373374414437
0.003150586006643278
0.0031055351873623556
0.003103346178292937
0.0031074825174913366
0.0030700845538986278
0.0030498973839156486
0.0030760477529900043
0.003066848883922151
0.003039532711338645
0.003025192005796086
0.0030615880097739803
0.0030445867415387997
0.003043829488763651
0.002998703480557985
0.0030618844915816326
0.0030142764397507295
0.0030033317676597133
0.0029970571324482304
0.002984339751078427
0.0029884896058924803
0.002974102767153795
0.003011502043068007
0.0029485854768347077
0.002957772225975782
0.0029682556983918963
0.0029588363583585194
0.0029832030520671156
0.0029739778708505133
0.002933554252524726
0.002953368016005423
0.002908263326050619
0.0029078543711173713
0.0028861394709895054
0.0029123582894251994
0.002894347028547602
0.0029180979503258646
0.0028670031715580333
0.002877111226220382
0.0028936510852898213
0.0028763652265444486
0.002912007060518817
0.0028653634720346415
0.002839272254439465
0.002844779649211632
0.0028311514540492167
0.0028800669175899907
0.0028703898396620544
0.0028409695108377567
0.002798507903054248
0.002846808707930864
0.0028382393368777143
0.0028170627966476224
0.002795779399417048
0.0027949782696895225
0.002823214245008144
0.002770794012760675
0.002761723213142196
0.0027711607188132164
0.0027705332918789294
0.002787086646789145
0.0027223058240231977
0.002712674937838202
0.002749498564364701
0.0027638762897476193
0.0027344040128163224
0.0027096882178260086
0.0027271513979050302
0.0027300344623675684
0.0026982278367769287
0.0027237591759970434
0.002669106983764754
0.002688291527906428
0.00269773367526467
0.0027035905045376626
0.002692149415672548
0.0026821261830108287
0.002669740333645112
0.002645515623321545
0.002666616627637893
0.002643803505122606
0.002621044988932826
0.0026385989615422623
0.002619086118215118
0.0026284581244696518
0.0026305661810232263
0.002638329745880114
0.0026199064913361783
0.002627948136539585
0.0025975747073390815
0.0026362086746866296
0.002621061439214292
0.002603519956288563
0.002580877659382121
0.0025572572271551847
0.0025702059196892548
0.0025731570667596898
0.0025668212316493177
0.002520817355223055
0.002575151609812813
0.002556046712878161
0.002499991886602725
0.002557036361782578
0.002516410328282868
0.0025398475596130864
0.00252755057519455
0.002492020685797295
0.002504534372328139
0.002492511956453911
0.0024880295261193305
0.0025348662195394905
0.00247972294411736
0.002500559852069378
0.002478375850881505
0.002477619839137794
0.002512045843100413
0.002455454924323492
0.00245312553781553
0.00244512239371124
0.0024348158929091146
0.0024424552976205056
0.0024550782251827508
0.0024571107195008133
0.0024340838458299006
0.0024495704064123546
0.0024230928847623176
0.0024026371036135674
0.0024300988330540766
0.0024254816821624855
0.002406067416379208
0.00241635525987559
0.0023740173171609884
0.002415397118433265
0.002372967036602996
0.002365111709366592
0.002391318539099535
0.0023636282901810107
0.002355201537709704
0.002367563493870581
0.0023429717357707314
0.002370301699507929
0.0023437629779475126
0.002334630476005487
0.002301748254628634
0.00229575129192211
0.002345235823183051
0.0023355459654331038
0.002290737150428505
0.00233906330022322
0.0023168297530143066
0.002296468167318768
0.0022737579444323604
0.0022908507909471056
0.002287238917643338
0.0022969066703538064
0.002298245461793344
0.0022424029373213977
0.0022727221077187103
0.00227677785609053
0.00224694624483776
0.002254587850311216
0.0022861910512961365
0.00221434943203654
0.0022227048463300137
0.0022477273188214967
0.002247276233437176
0.0022323450485368527
0.0022111829449684385
0.0022122987762389413
0.0022152875500814724
0.0021810199519725865
0.0022018508559052646
0.0022091866227828758
0.0021920235492635344
0.00218049693057825
0.002177310493165203
0.0021545603518141523
0.002161406786733724
0.0021573881397462576
0.00215257854581222
0.0021441605800143985
0.0021670591339362673
0.0021326080858729466
0.0021360298120749687
0.00213612206917899
0.002108113745285563
0.0021264914020471294
0.002134433641445685
0.002116475244558353
0.002108671548248671
0.0020880482390957167
0.0021188381788036104
0.0020906787718382447
0.00207489464637698
0.0020920788968871265
0.002086133152619069
0.002082185546027008
0.002060982456787983
0.0020808929704145655
0.0020933627001279015
0.002112205715483228
0.002079674402923042
0.002083545359603174
0.0020568131090699785
0.0020534894149491067
0.0020360068702320175
0.002058166436516099
0.0020062810999827846
0.0020265770080643134
0.0020223840972384954
0.0019848101668525136
0.002015639585848754
0.0020334220466106333
0.002012897983500317
0.001981953969363531
0.002018285887415194
0.001976164381846629
0.0020041603716909407
0.0019593684313633833
0.0020008735279489157
0.0020012452493999872
0.001976414341423697
0.0019618765210386215
0.0019510081215094453
0.0019553490152547166
0.001960609279424891
0.001948597412514034
0.0019361519663655099
0.001932692558073167
0.0019320226915079202
0.0019303297481672946
0.0019066224576217504
0.0019220703543450725
0.0019028438735656317
0.0019255781944990365
0.0019035661150153744
0.00194797790244876
0.0019013540091724626
0.00190451623450285
0.0018888150226762932
0.0019024906791016447
0.0018961643828752388
0.0018761261462853847
0.0018433539048551193
0.001854844597853323
0.0018655714276408924
0.0018484733297682108
0.0018356562784301476
0.001854392026873039
0.0018518627648181757
0.0018361945359416203
0.0018240712184090253
0.0018379173340319708
0.001844260527494186
0.0018186903509453238
0.0018326485936991375
0.001831421361855857
0.001796185473263619
0.0018101849358606867
0.001817959586772567
0.0018111388091104608
0.001799879602732623
0.0017926257644466377
0.0018036425121234327
0.001776882867886258
0.001783101153918023
0.0017700236741470614
0.001742418212980257
0.0017380083303329557
0.0017426541419610486
0.0017680813806712906
0.0017601226706100283
0.0017420675627317255
0.0017348875285003713
0.0017202475595442606
0.0017286520245155053
0.0017221896978573176
0.0017203256324558492
0.0017243351452679414
0.0017236567412908844
0.0017322596709265087
0.0016800844654040238
0.0017176406145820021
0.001701037241985531
0.0016804313151872507
0.0017079223424678622
0.0016801578266360884
0.0016748306942168559
0.0016721475295073296
0.0016906818524612863
0.0016581671168100106
0.0016659678097517077
0.00164892936088728
0.0016540611843542086
0.0016622935154283103
0.0016290083799876413
0.0016735499499410124
0.0016396423778994868
0.0016116629280972907
0.0016246901119633633
0.001624644670732761
0.0016222071167655708
0.0016186347261353358
0.0016200311448509796
0.0016130360634087908
0.001601911217230694
0.00160468252804425
0.001581909066208666
0.0015914425987817017
0.0015768971970971817
0.0015749810769759406
0.0015949655696184334
0.001555327218078319
0.001579851310971402
0.0015434278266855733
0.001575989748698867
0.0015517339070436089
0.0015374421790232784
0.0015155063896633047
0.001535315596978373
0.0015290302664084901
0.0015307031097573638
0.0015366651054248579
0.0015160221163487808
0.001491208716195913
0.0015138554522632415
0.0015065201832004385
0.0014949760644286877
0.0015020179556656764
0.001504394897431247
0.0014983554430256926
0.0014928150401549432
0.0014746812825372506
0.0014801514648084696
0.0014617969543687928
0.001478493150525742
0.0014596917059251093
0.0014604744624379215
0.0014472778745366268
0.0014538381952420637
0.0014373988901204154
0.0014293454049418603
0.0014450198924315554
0.0014211236593949619
0.0014481532254654106
0.0014247047791303119
0.0014129806175888992
0.001417833562226023
0.001391468009297669
0.0014088301499173804
0.0014101192828310035
0.0013846123361403906
0.0014016325694314205
0.0013896915507734908
0.00137194061952778
0.0013767884692003495
0.00136087045290006
0.0013690350710061372
0.0013746687718505218
0.0013811783276717097
0.0013576720430685347
0.0013513171487003275
0.001343065451019353
0.0013361214308107792
0.0013570530564788264
0.0013282931347812464
0.0013319792962742407
0.0013314149962807152
0.0013242309654678361
0.0013085420224574807
0.0013195134772976732
0.001310446483092953
0.0013185851652404114
0.0012953028878622238
0.0013023448729574804
0.0012903521654012593
0.001278322592651988
0.0012776397047536017
0.001292722010248441
0.0012586422699230864
0.0012552929201960113
0.001260892918282257
0.0012537198075775826
0.0012600746360431822
0.0012561336290356172
0.001243465893668684
0.001252709613344542
0.0012380250931544848
0.0012266373777852567
0.001217993138471517
0.001229853410771422
0.0012243995327934334
0.001215587052654658
0.0012009696249265756
0.001203254952621334
0.0012033021205622477
0.0011793149312160631
0.0011875839771021712
0.001195471200810485
0.0011755376320001039
0.0011563377055329317
0.0011563337183711395
0.0011696302857325143
0.0011537914005670957
0.001153291744046408
0.0011540730667366629
0.001141519185894956
0.0011451208875935344
0.00114201343226963
0.0011333187008210597
0.0011405961047680753
0.0011123261590644479
0.001117973787439679
0.0011152192781851778
0.0011089110112635352
0.0011010845258323395
0.0010975137803355386
0.0011037017404712367
0.0010783413324607612
0.0010838329415419343
0.0010744827581062853
0.0010636475796712802
0.0010591501772479063
0.0010631673165833531
0.001059872490077455
0.0010525791458221205
0.0010553620099814102
0.0010483363724369055
0.0010328654247532755
0.0010263971262349473
0.0010287937897063095
0.0010264669819034543
0.0010291718748788735
0.001022052529859363
0.0010007397621305306
0.0009999262773387847
0.0009983666686376907
0.0009903999912455083
0.000988099370089945
0.0009812887497619453
0.000972040275868091
0.0009728963830404171
0.0009695736166416343
0.0009623869039620107
0.0009662120164653925
0.0009304309392104625
0.0009484798658237182
0.0009466053391037965
0.0009279905012045966
0.0009325536490656435
0.0009283666291070579
0.0009054054883003884
0.000915854475227226
0.0009076895423014326
0.0008909247271509071
0.0008903312848800871
0.0008974543486981412
0.0008816937617566353
0.0008725232972064645
0.0008645706339296772
0.0008701617475315554
0.000842323748226492
0.0008615136331208605
0.0008455933016806662
0.0008434805922443445
0.0008477722665404723
0.0008332305081723034
0.0008425062660137429
0.000818188789477087
0.0008170903648576082
0.0008158188821484421
0.0008099392498385948
0.0007953197939687409
0.0007939015547946792
0.0007901717957736079
0.0007789668332491182
0.0007828560183285493
0.0007676402325600994
0.0007613350481824725
0.0007627568500438628
0.0007550562567247795
0.0007473477309221827
0.0007346470223627673
0.0007315144724894785
0.0007363232624086612
0.0007199408804007047
0.0007142237318226863
0.0007041706767749455
0.0006965247541464554
0.0006895290643945041
0.0006903405836849851
0.0006856983893614275
0.0006785608777845669
0.0006689680567803733
0.0006634351122827519
0.0006510329867482266
0.0006473650149750995
0.0006364784708703726
0.0006282464348690932
0.0006188659900934506
0.0006145591781092299
0.0006096303646888243
0.0006055820498122739
0.0005943195785504202
0.0005868419671007708
0.0005756115422828462
0.0005727618476034978
0.0005673415118547168
0.0005623833795402063
0.0005563909201305936
0.0005361993456731001
0.0005322290979114772
0.0005236723222623098
0.0005236862579572225
0.0005050443329169427
0.0004929302656734423
0.0004896089910645985
0.0004870715302540539
0.0004755032841252505
0.0004660226360602001
0.00045225021049832224
0.0004461848831511752
0.00043101078912953993
0.0004278441073961504
0.0004125398387377867
0.0004015265779832271
0.00039146697046452854
0.0003861081153537015
0.0003709417339774569
0.00036761396386774477
0.0003545974814675028
0.00033704768443639334
0.0003262969844476886
0.0003111144054141446
0.000299821931750453
0.0002857598920138892
0.0002667364468824523
0.0002545979651635232
0.00024019808771460962
0.00022163076751248958
0.00020103984207881688
0.00017951663012372008
0.0001552485005695416
0.00012660948750623966
9.007910337959425e-05
1.72528086482418e-16
