0.06830955928025546
0.04790834108228115
0.03955052529545354
0.03402773003064448
0.030663447414270847
0.028123161249480593
0.02593578256918981
0.024086505204416925
0.022573493341069027
0.02120172970960617
0.020416354433277
0.019427965067041027
0.019196841940520962
0.018276092504116617
0.017700930466656075
0.017214863187601025
0.016429516444588576
0.016042062080922164
0.015468649827702815
0.015219571071340808
0.014675627069961368
0.014516074791934112
0.014031411953266248
0.013824086564761816
0.01358534268154034
0.013288948218944654
0.01291855413888447
0.012747794393804496
0.012592388848597078
0.012281670514454276
0.012141397622945192
0.011985425511848802
0.011690254092546336
0.011426480070993623
0.011368801105018301
0.01107052015600169
0.011029440055915376
0.010853958779247658
0.010638919669658709
0.01052447063602667
0.01045967958541108
0.01024499111543775
0.0102473512832385
0.010075795760617762
0.009987718789851776
0.009931493857439137
0.00978982539373978
0.009719043632021465
0.009552458704647063
0.009428520209837442
0.009344206450939065
0.00930585127859207
0.009243155247050773
0.009011407154113497
0.009007674169879715
0.008824531237948288
0.008767650574942274
0.008695751895922988
0.008677511153664203
0.008620563774491712
0.008476299950901406
0.008389707967742849
0.008328480515270326
0.008336483470478615
0.008107466553198753
0.008125700344502083
0.008062296867065586
0.007990611336703972
0.00798489805849871
0.007816483613626182
0.007768590940279114
0.007705797921644655
0.0077580015465421115
0.0076807401591442405
0.007603739253289465
0.007560043335616152
0.007473110388331348
0.007432498625458011
0.007369061874036745
0.007445672931246945
0.007292435201484327
0.007242969232459934
0.007127858368863849
0.007187656452149252
0.007069433817348524
0.007045354017073702
0.0070534907881147375
0.006975043727141734
0.006966233035995525
0.006895887142274849
0.006892684419642909
0.006702487667163014
0.006770525034890821
0.006632113318177998
0.0067046695568693535
0.00668398037704578
0.006640052422104228
0.00653021713546498
0.006567693450145032
0.00646284971940135
0.006398393210306444
0.006418786332146475
0.006341808221611835
0.00631873116435966
0.006326341149455489
0.006278677332244586
0.006262131046527187
0.006130971023676662
0.006087634486570671
0.00612802692820875
0.0061599869910035345
0.006107214868965658
0.006089200574487723
0.006070007617491379
0.006053209215129468
0.005984092102614048
0.005997906636552464
0.006007200025741507
0.005843456909676295
0.005892916515774529
0.005828707228839045
0.005751728651982599
0.005804335169801497
0.0057806675658973235
0.005761608145762787
0.005696246011970906
0.00570293737792786
0.005676074112391936
0.005634845690422461
0.005660475169832298
0.005649387359157868
0.005471941815038104
0.005487684209241103
0.005502374173562151
0.005500419735743549
0.005324843615338103
0.005429520676906115
0.005384839391591609
0.005364934658963693
0.00529198428166178
0.005337158295104541
0.0053199139765301405
0.005297315439405208
0.005279147448632622
0.005304807815944933
0.005259913513326159
0.005229597070792181
0.005243008180622201
0.005176568806017763
0.00515277165114772
0.005215431454949484
0.005050944712380658
0.005148053398688203
0.00504567250267804
0.005117820940436459
0.005058805815083835
0.005040035285582195
0.005021384532978138
0.004926620074435904
0.004980296455016799
0.0048719249896634915
0.004916483334717162
0.004893502974388544
0.004843440302205943
0.004855574197617118
0.004900013068007919
0.004765204567716693
0.004799352370555957
0.004841583283018993
0.004741154822625742
0.004827801328844426
0.004772827959130817
0.004695330474254532
0.004679143767083233
0.004675441738671145
0.004668370317701682
0.00469562717502425
0.004690094290359776
0.004647512988206097
0.004603122345306605
0.0046173292707876274
0.004609681308689403
0.0046035441301655
0.004481259500458095
0.004566051876691394
0.004534563418342113
0.004516298639659011
0.004526766355211409
0.004495376666378557
0.004432673417144058
0.004400237833027575
0.004441078807628535
0.004379257383948642
0.004360440300384487
0.00437183899009518
0.004382281602695422
0.004345495908137284
0.004383002474263184
0.00433498853955317
0.004314376340098391
0.004370633372493479
0.004308822173301168
0.004276597031518246
0.004255816392441165
0.004246123761738317
0.004271551703732598
0.004242481605599888
0.004259464273337281
0.004295271976662077
0.004221281183230584
0.00421430899052003
0.00416239258313899
0.004137943275203751
0.0041397107797040665
0.004143503592941551
0.004135520210559527
0.004092469860450408
0.0041191819912106
0.004119273628589189
0.004032202568654566
0.004062124908236308
0.004086320234363961
0.004025188991445538
0.004027856156351109
0.004064810946640805
0.0039890272365701975
0.003986078391474102
0.00398393815807072
0.004000191469794516
0.003930028899994264
0.0039528194076373195
0.003907803074973804
0.003905518966539236
0.003930439418344335
0.00388029088445174
0.003964744865270493
0.003917413535556604
0.003901585912493721
0.003936981426464748
0.0038528591299332275
0.003835912083376312
0.003784362249877694
0.0038355513856796813
0.00378018599952339
0.003793480708066873
0.0037890568298008607
0.0037826506043746044
0.0037978868161202455
0.0037804015104215705
0.003769404582545163
0.0037357016516587163
0.0037043078790813468
0.0037592263433222422
0.0037653484083243166
0.003695967587550797
0.0036841112866144517
0.0037055876471127117
0.0037269150831360266
0.0036889847483968334
0.0036917079045326036
0.0036304133398438933
0.003644624547652962
0.0036361805735975667
0.003601462390446987
0.003636957538823699
0.003609256677631734
0.0036221699445299804
0.0035943825839310547
0.0035599615722559743
0.0036051872735691826
0.0035309241123388123
0.003543327863921325
0.0034871417679959178
0.0034944405425547426
0.0034797921540400314
0.0035009068886380067
0.0035039692032108245
0.0035155474765921455
0.0034765935381343275
0.003463228796289114
0.003503714029704873
0.003430427672847403
0.0034891712212859706
0.003464236091394508
0.0034160639850157612
0.003405300922704694
0.003394206811262855
0.0033865306176264877
0.0033458536504453896
0.003329872751147057
0.0033750139734733016
0.003387052361140272
0.0033664078261727553
0.0033632606854901155
0.003377038718114348
0.0033427729974512903
0.003345920172849836
0.0033069320284227757
0.0033232177245670676
0.003306716843738493
0.0032913190457299004
0.0033038244604014937
0.003240504138086691
0.0032788086743988113
0.0032819352053861674
0.003205491265022788
0.003258161574489137
0.003241542605958524
0.0031976229438658867
0.003259264605637946
0.0032244888608300073
0.0032050162026976614
0.0031522660801806953
0.003172193451598453
0.0031822197169058034
0.003189557571248148
0.0032025279577710297
0.0031847751497317786
0.0031821650787682504
0.00318132994580221
0.0031055725475197856
0.003198853336869661
0.003136588835351967
0.0031816352289279364
0.003098102935553013
0.0031366407483969035
0.003113429736067785
0.0031075260816204988
0.0030984922395653368
0.003048168650883212
0.0030820644879613877
0.0030852092195180255
0.0030511923176367254
0.0030535755723670784
0.0030496856804764984
0.00304152145737333
0.0030286679328944
0.003015483496915879
0.003021687182926797
0.003032700316041477
0.0029937828950820063
0.0029757806804726282
0.0029825347877993937
0.003008490799446843
0.0029799551509988942
0.003000748684845867
0.0029615218056013855
0.0029418695976937284
0.002976051587713703
0.0029662839804353233
0.0029257003328785392
0.002946833774490296
0.0029563382372407424
0.0029424423322287605
0.002933311218173921
0.0029390449388494284
0.0029073069468493903
0.0028819883446549645
0.0028790678139550712
0.002904290017355088
0.0029132330507991534
0.0028644672720385756
0.002870447624489045
0.0028838019020520377
0.002826323920625807
0.002854327662835063
0.0028411488636679804
0.002817719056750009
0.00282090078826441
0.002797413713447645
0.002804544233571328
0.002800673614486012
0.0027833721307244253
0.002788459199249316
0.002817199508459137
0.0027605913477697645
0.002819898107663811
0.0027680196753156615
0.0027991460202615613
0.0027680144221858076
0.002752542078929759
0.002764937139554973
0.0027218821943916648
0.002732573282976083
0.002724608057057105
0.002737726777763411
0.002739230048808716
0.002718765594260727
0.0026975463964524497
0.002674917605250614
0.002689963308094442
0.0027048656208897466
0.0026382425838857616
0.0027066016066916577
0.002678122639624816
0.0026840635429179953
0.0026756371154729093
0.002680950413408402
0.0026216637856689012
0.0026700476358281424
0.0026643969145878415
0.002608770117114146
0.0026295734700726003
0.0026315939641350272
0.0026386086675213452
0.0026164114480707007
0.0026009534446411495
0.002626690039922942
0.002626496660699679
0.0025943661948384955
0.0025985283804959764
0.0025782472753822813
0.0025814340389876253
0.002581384633590071
0.0025580649269907494
0.0025587168723215747
0.0025457802592753994
0.0025478225547429212
0.0025217170661198706
0.002544142642143364
0.002527372346888096
0.0024988928006016878
0.0025129751477560467
0.002532383332125507
0.002496470013444729
0.0025166931294749177
0.0024905763157678775
0.002496786034164525
0.002457198458079902
0.002529624399666852
0.0024818642603386524
0.0025055002867201068
0.0024612774223899477
0.0024540290959440135
0.0024687612556972215
0.0024883120033883607
0.002471071789456933
0.002451430796476711
0.002464169035461192
0.002418578644662898
0.0024323117088753186
0.00241512979639047
0.002417375375713117
0.0024019068581598384
0.0024163607856975276
0.0024271549917465186
0.002426246061673504
0.002396359922862482
0.0024029333437375682
0.002388931413862866
0.0023734348631661937
0.002412258216357612
0.0023932756559482443
0.002358876137709009
0.002350119511267828
0.0023562201034692276
0.0023738895178249714
0.0023420023701981423
0.002362130175743013
0.002342473378113154
0.002321504596671587
0.002367159456469962
0.0023164842265910963
0.002351557622818163
0.00233077363337738
0.0023084495937598054
0.0023432165658092224
0.002299925440381643
0.0023204364143356716
0.0023047381456461147
0.0023076760309962002
0.002288236865149889
0.0022688051092765783
0.0022848196730320606
0.0022683024228583475
0.002264033024651529
0.0022348929995469396
0.002239365968271385
0.002275664422104821
0.0022622973875166524
0.002252987234674178
0.0022488008064624043
0.0022621968466815506
0.002229780635882508
0.002250866078306899
0.0022372634263890874
0.0022397744952153366
0.0022046469422522925
0.002192997455781604
0.0022081892203125526
0.0022090811255124306
0.002182914538894753
0.002197547580834847
0.002203006737088302
0.002204878423591987
0.002159971846155994
0.0021968315311361895
0.0021906460028453725
0.0021774727615120363
0.0021640535051743216
0.0021524313920883577
0.002161745378599114
0.002157459710375825
0.0021384170749790222
0.0021572337174626107
0.0021637196744131574
0.002135475680784297
0.002147853107289129
0.002125163273280321
0.002106291994981414
0.002101122513796803
0.0021327081871289435
0.0020895175307183217
0.0021137763871974372
0.002085670493565869
0.0021193321886526424
0.0021050677141571093
0.002074136500151969
0.0020988680318742552
0.0020654198151368775
0.0020816807247307787
0.0020855084372795626
0.0020883781419037076
0.002091530534091823
0.002037980157430187
0.0020550894348171245
0.0020426913895258848
0.002061084179534567
0.002050453138839871
0.002031922854497058
0.0020219106248514813
0.0020323945819765306
0.0020053058499245532
0.0020038206268492217
0.002018169480531732
0.002018139226862466
0.0020314792716539395
0.0020181761125466205
0.00198743054411154
0.0019989964518359092
0.001986300353993311
0.0019754561496910946
0.0020109796915011714
0.0019690641453750297
0.0019828737403900266
0.001987673017022855
0.0019684722136993076
0.0019617342390551387
0.0019464446801117795
0.0019482952911238625
0.0019654032796551624
0.0019413004914479227
0.0019449280441041644
0.00195678934530388
0.0019542307526980267
0.001934238408737895
0.0019419713846125055
0.0019189438438862831
0.0019415310152489274
0.0019328973020931181
0.0019049618008227835
0.0019096988787174955
0.0018873309484806523
0.0019054769546835706
0.0018881802617317978
0.0018912214156612973
0.0018808028626861152
0.0018853407968172924
0.0018789824966239503
0.001887833607013919
0.0018741675761771968
0.0018873725680817674
0.0018658279732694189
0.0018540148220560998
0.0018571640806556643
0.001863605491227739
0.0018641647616181257
0.0018429551250256696
0.0018524746517744096
0.001822680774684833
0.0018481083654088273
0.0018398355238848025
0.0018093606174384397
0.0018410015285539357
0.0018433142632012422
0.0018183261354027082
0.0018188882551900222
0.0018140047301894266
0.001827869725142397
0.0018140873204771587
0.0017960890378642994
0.0017943348275753772
0.001793325246317874
0.0018004995780064913
0.0017908728509964194
0.0017678697786335448
0.0017798062229560474
0.001780019487710974
0.0017551453590083823
0.0017726549867129089
0.0017654741195765322
0.001749509569543869
0.0017386649239379789
0.0017673952711481917
0.001743194898093923
0.0017418060504316725
0.001729617040930924
0.0017452579118256073
0.001743137026903443
0.0017437860169951499
0.0017333875072820118
0.0017236017867508565
0.001708131896607505
0.0017268828785944243
0.0017091707346002369
0.0017147062405257199
0.0017070601313224562
0.0017060217315921862
0.001699492144000231
0.0016878098329390495
0.0017002036062992226
0.0016719821794288147
0.0016747663485977562
0.0016696654851519942
0.0016625866116171037
0.0016878380991653826
0.0016674756178547048
0.0016615783888984277
0.0016408079356598835
0.001644095970182072
0.0016578945900722188
0.0016626602563712665
0.0016372488428837884
0.0016579792053453852
0.0016307488075925443
0.0016331206769675027
0.0016451270798437492
0.0016275773322358988
0.0016197511428010082
0.0016179536454542479
0.0016072344773816643
0.001615012122009045
0.0016230606507071056
0.001613307699565507
0.0015989604314253214
0.0016124741810937216
0.0015843036210080417
0.001585321039899157
0.0016035264895019675
0.0015935343040119631
0.0015672587355426105
0.0015760541147714384
0.001581751522154171
0.0015772937686473246
0.001573039697093594
0.0015637315588282147
0.0015558440987868472
0.0015532737873828475
0.0015623819051793937
0.0015669188289486877
0.0015591630398558423
0.0015647837922570292
0.0015401049968152263
0.0015286206872197534
0.001527662079101855
0.001554916606437679
0.0015206152945782237
0.0015293989265842878
0.0015103741099773075
0.0015280123311307101
0.0014908339807734178
0.0015163849056653426
0.0014945234371788324
0.0015160997121914635
0.0015113987455772971
0.0015059473906846805
0.001509256438202935
0.0015103246810707612
0.001486196269475323
0.001456928259400761
0.0014898135820192318
0.0014866142540770652
0.0014837193655833148
0.0014763154084259705
0.001464300718261145
0.0014605774283580383
0.00146059520297112
0.0014541085262831713
0.0014650713319400133
0.0014386221884432763
0.0014395447635545612
0.0014500459649550602
0.0014587525918582267
0.0014369746838390075
0.00142367331098983
0.0014165758761915132
0.0014352436042071595
0.0014136027547224208
0.0013987999888923487
0.0014137646384851082
0.0014243058671624257
0.0014179289056785156
0.0014063826659675223
0.0014205996809217463
0.0014055670440270196
0.0013949579370423671
0.0013885317764053388
0.0013997808314577997
0.0013769768679860377
0.0013891373418133028
0.0013859221695886057
0.0013758788493434934
0.0013734200144071204
0.0013547236001958424
0.0013613619609536929
0.0013612651108330035
0.0013663530372917346
0.001372155738922465
0.001353420475164945
0.0013650085642386207
0.0013622792118038961
0.0013383150348169172
0.001356725783044073
0.0013476610277577065
0.0013410783309241933
0.0013440052897190338
0.0013310566779237334
0.0013219408602948351
0.0013209645638965495
0.0012947625127325453
0.001300920995052871
0.0013055458761439152
0.0013073098127093863
0.0013111191745976566
0.0012930450536367008
0.0012958528824843524
0.0012797464156187226
0.0012841294927565957
0.0012996411120799185
0.0012800476612963626
0.0012691294570261625
0.0012868938030647008
0.0012793629646630418
0.0012794622708151716
0.001252371232953408
0.0012743833556129551
0.0012646234618006378
0.0012624115569653275
0.0012560794350929534
0.001241067362967635
0.0012463220051735597
0.0012407850324302255
0.001253549911358863
0.0012380686991144293
0.0012223439544548041
0.0012425057045962328
0.0012236212373303841
0.001221150175531335
0.0012297601970881504
0.0012172351881092436
0.0012112102679581733
0.0012251760743883376
0.0012135600083573684
0.0012082900406529076
0.0011873207042575123
0.0011853801830593944
0.0011881563106919478
0.0011814631384979414
0.0011780254031657877
0.0011901990647471012
0.0011692084861859603
0.0011699136289610005
0.0011923355752870848
0.0011661890635885819
0.0011787471815005452
0.0011791453243750335
0.0011516587638387703
0.0011581807948391803
0.0011583773546576647
0.001150004230133493
0.0011313150382762707
0.0011402718375826165
0.0011309947961587008
0.0011316175694049153
0.0011285566346848346
0.0011458953994419633
0.0011289074996905647
0.0011341628593980256
0.00110145598413057
0.0011206080783214964
0.0011134875025918256
0.0011034883707441634
0.0011023056265745121
0.001105403308293902
0.001099149598608407
0.0011011382940136936
0.0010855198564449081
0.0010908064975841594
0.0010861921091679155
0.0010817054275373723
0.0010875794073477295
0.0010809034535720706
0.0010635521088771516
0.00106415142021155
0.001061953525284005
0.0010752631196996956
0.0010576968729664811
0.0010435441273199202
0.0010540829085830088
0.0010521396860950017
0.001030639618166686
0.0010312013993956676
0.001028958799344645
0.0010442376119000302
0.0010356918651280441
0.0010320610440217224
0.001015208748370338
0.0010243069447524113
0.0010073795639507807
0.00100774366886099
0.0010017244472146412
0.0010102510684321785
0.001003973302020438
0.0009834366845890919
0.0009994591866906242
0.000989097023009469
0.0009953940822287845
0.0009824567594777915
0.0009953722269012404
0.0009758689945201546
0.0009776521097348734
0.0009861516179861564
0.000977870871650912
0.0009660946911737227
0.0009712415288568924
0.0009397216042005893
0.0009558630673872194
0.0009459278705267605
0.0009558582758951189
0.0009371909108192516
0.0009467863107830189
0.0009327371692897023
0.0009321114643649372
0.000925294199038725
0.0009263772761728419
0.0009187903865708433
0.0009140885690549357
0.0009204030750693868
0.0009067719234853929
0.0009028934529007046
0.0009030012101202846
0.0009031317484198017
0.0008851438136465662
0.0008875055923945297
0.0008949290974940236
0.0008869306071969371
0.0008863563481394585
0.0008916008514908728
0.0008782855262269701
0.0008722834341252939
0.0008656966203717849
0.0008638864521292109
0.0008604871728212816
0.0008601918397017535
0.0008499298466261276
0.0008533216693505866
0.0008397286459948215
0.0008398334034135442
0.0008525236351658455
0.0008357745128643703
0.0008361289748514762
0.0008254006651456481
0.000825564463759573
0.0008192752563725758
0.0008189412295624213
0.000804769934718569
0.0008131992323178716
0.0008075404909767907
0.000791258557406514
0.0008059677837667407
0.0008057483545781745
0.0007911509711609909
0.0007830081957255348
0.000782699214892993
0.0007786499436280456
0.0007752434063090061
0.0007699463044935114
0.000772366853297028
0.0007602650858112377
0.000762528195451125
0.0007608821425364564
0.0007583984519374896
0.0007537141028990669
0.0007403309131492346
0.0007221702917312165
0.0007355059140676057
0.0007359331469005975
0.0007301002720106419
0.0007326686442127412
0.0007171426687335031
0.0007179518428249179
0.0007125463336722661
0.0007103077869407076
0.0007023002336141361
0.0007030364930981622
0.0007037770868926136
0.0006959739003563141
0.0006919708044423284
0.0006779023963510732
0.0006791024066251075
0.0006713928426394267
0.0006727305343668858
0.0006723543201652843
0.0006631144916945402
0.0006632889892631224
0.0006590363881987161
0.0006537247869637761
0.0006455578286585137
0.0006500510930005695
0.0006442623983959671
0.0006283470327863304
0.0006256376577281808
0.0006288969912592511
0.0006241503371000866
0.0006131931861985712
0.0006115099461464535
0.0006110136067653424
0.0006066881948321277
0.0006007045740436579
0.0006003913756934694
0.0005964534235773452
0.0005880219310409349
0.0005776364010201178
0.0005768819004306133
0.0005686906588860118
0.0005662307099142885
0.0005549288281837259
0.0005511874213755415
0.0005475411674639717
0.0005505650935421646
0.0005421284289045412
0.000540566733703383
0.0005289531734583532
0.0005309536856356692
0.000514849646779077
0.0005229116054707517
0.000510177940983042
0.0005045487419807658
0.0005033586638794013
0.0005027591178880974
0.0004904426324441259
0.000489544590539246
0.0004790327059048286
0.0004758139825454135
0.0004715056750738101
0.00047034724908067235
0.0004639191693124674
0.00045422609519002243
0.00044748397571345484
0.0004378863841264057
0.00043279239783348814
0.00042510743275155934
0.00042417984440588826
0.00041605498005892547
0.0004128109325914558
0.00040304605359605696
0.00039817333475900327
0.00039597763862369244
0.00038817080353179803
0.00038097289832681483
0.00037279949264822445
0.00036599039227787843
0.0003621137692941576
0.00035394060943550403
0.00034808827947600216
0.0003408144250912005
0.00033641658390435496
0.00032699541604881124
0.000321527841077396
0.0003058528235571629
0.0003004010619558308
0.0002911511687013322
0.0002831169622853535
0.00027569851394919256
0.00026481576435149595
0.00025739442786977296
0.00024512684685892383
0.00023753699610507478
0.00022819810549172529
0.0002192755356812929
0.00020357030632404355
0.00019519376983915992
0.00018179834439436285
0.00016934452674077918
0.00015426242928963488
0.00013795346479245383
0.00011901522990277436
9.651927157896677e-05
6.819418983705075e-05
3.0002994117364257e-17
