0.5534924325191489
0.5534729261220447
0.5533698009877489
0.553300637675651
0.5534300647018923
0.5533216980868094
0.553399265373617
0.5533934679709122
0.5534109259826726
0.5533789109938241
0.5534130134292311
0.5534299451530149
0.5533205957134429
0.5533678631868394
0.553350739604422
0.5533380431514089
0.5533901011744514
0.5533916415671053
0.5533305626630324
0.5533728119958994
0.5533426106559731
0.5533430173309338
0.5533605758913344
0.5533474791390663
0.5533499341721093
0.5533475120309898
0.5533575700357768
0.5533541207820584
0.5533663965595824
0.553361617269325
0.553364671182285
0.5533812595590737
0.5533738195365109
0.5533604296590096
0.5533582161908194
0.5533260239527272
0.5533865792802307
0.5533373946453574
0.5533811355656398
0.5533662636060439
0.5533803022803652
0.5533546994220442
0.5533648975787245
0.5533401349658369
0.5533771605750106
0.553364321772846
0.5533935944699295
0.553385700302606
0.553390176772588
0.5533493185636538
0.5533322467564846
0.5533402115807928
0.5533756530499647
0.5533730937625377
0.5533638488429623
0.553381352088014
0.5533715289962166
0.5533319810751096
0.5533831361652074
0.5533636666423476
0.553370265364767
0.5533624938534455
0.553372243213185
0.5533630650897761
0.5533731559346419
0.5533910485297676
0.553339298634668
0.5533682543618279
0.553324880472161
0.5533488328296352
0.5533555755805701
0.5533514327145749
0.5533496795548096
0.5533719607484049
0.5533556009224081
0.5533590196533356
0.5533551139771519
0.5533512656429476
0.5533631706568405
0.5533637828107673
0.5533717532199044
0.5533552708667471
0.5533523386966646
0.5533748790246377
0.5533694448653013
0.5533631283898186
0.5533769976208563
0.5533622264099959
0.5533876097592113
0.5533531215386035
0.5533816222832681
0.5533688646277557
0.5533675227588497
0.5533660676231508
0.5533706040238813
0.5533559316631125
0.5533783555049726
0.5533839009074079
0.5533649932819128
0.5533686458309961
0.5533664301332245
0.5533495098049587
0.553354077332898
0.5533699944888101
0.5533678769990154
0.5533539880015973
0.5533466695159177
0.5533827176699345
0.5533660053036108
0.5533554259530123
0.5533528961855553
0.5533509452666241
0.5533584451655948
0.5533692622805515
0.5533538874439515
0.5533664184375874
0.5533603777007771
0.5533567649273533
0.5533620852484262
0.553371669098417
0.5533549982547656
0.553360858396811
0.5533589824268234
0.5533619621855671
0.5533702459974962
0.5533511923208092
0.5533586648263161
0.5533665269113778
0.5533727408069326
0.5533702629276793
0.553351281286523
0.5533800943912336
0.5533804216673257
0.5533614113488555
0.5533697081133079
0.5533687638925581
0.5533704785413053
0.5533494283703927
0.553358719079806
0.5533681417616197
0.5533683517788408
0.5533759925698859
0.5533724697790694
0.5533589968550724
0.5533628235865699
0.5533627357746805
0.5533672905316216
0.553367864822623
0.5533687235494585
0.5533537645917238
0.553360268000248
0.5533602623882021
0.5533581977661378
0.5533599283826068
0.5533750526803972
0.5533666228155749
0.5533627607260027
0.5533738079844167
0.5533704299388188
0.5533642806344231
0.5533675211206128
0.5533696327736954
0.5533779717588796
0.55336475951952
0.5533702064695967
0.5533638278545773
0.5533592435565081
0.5533535184944132
0.5533666507331826
0.553351559349731
0.5533655640386168
0.5533787183662435
0.5533687249841281
0.5533583721198682
0.5533640074343048
0.5533740326580905
0.5533716613132312
0.5533605846795057
0.5533785118406488
0.5533588540720635
0.5533603451697605
0.5533742960456747
0.5533687149295982
0.5533529391349539
0.5533557214428558
0.55336562595683
0.5533584364395696
0.5533575408797701
0.5533563130742527
0.5533541524378371
0.5533616571204495
0.5533510668392815
0.5533575177804518
0.5533594526017832
0.5533710186493217
0.5533609648787066
0.5533576005744988
0.5533538462956079
0.5533550019395995
0.5533516043316374
0.553368491194867
0.5533581449764331
0.5533572346426574
0.5533728204418682
0.553366283505361
0.5533634619370492
0.55337203052368
0.5533523408069233
0.5533606014824448
0.5533609225182062
0.5533625163244394
0.553363736511273
0.55336140760984
0.553362942275799
0.5533818308041967
0.5533570507740678
0.5533601783257677
0.5533527198130297
0.5533692604630019
0.5533576254847492
0.5533695149511874
0.5533573471645358
0.5533591321145452
0.5533728604834192
0.5533655906518957
0.5533618585029692
0.5533617981525852
0.5533657542767659
0.5533692323418924
0.5533580520477842
0.5533624495188605
0.5533692363441363
0.5533631012779119
0.5533613946969713
0.5533714191318507
0.553360112433988
0.5533555621925375
0.553373812147198
0.5533544290470852
0.5533683837127155
0.5533680643294623
0.5533614179630878
0.5533615510478651
0.5533638628999259
0.5533568413141646
0.5533657200291676
0.553364582944548
0.5533670864505867
0.5533703929221517
0.5533675079017355
0.5533663870074539
0.5533704880242402
0.5533685638176735
0.5533650880834148
0.5533654626731772
0.553365338210846
0.5533590667556136
0.5533702438101503
0.5533631612554647
0.5533553373895281
0.5533693109663537
0.5533616881388421
0.5533595847305053
0.5533608097036422
0.5533573370035245
0.5533601369179175
0.5533651349913274
0.5533611169739105
0.5533575426993802
0.5533678036539035
0.5533634746829773
0.5533507964164657
0.5533566487271604
0.5533705591679756
0.5533653244790485
0.5533641703980913
0.5533626134546094
0.5533640670726439
0.5533676812455275
0.5533678070350893
0.5533616353498743
0.5533751902521862
0.5533710654413163
0.5533731638203685
0.5533529150996799
0.5533561031593361
0.5533606104240105
0.5533616526039667
0.5533657975260141
0.5533553134351593
0.5533742427130118
0.5533663870495166
0.5533600526418242
0.5533611641063065
0.5533605221840839
0.5533704469034516
0.5533647002788099
0.5533669063165872
0.5533547661206344
0.55335733117893
0.5533747243429074
0.5533712940555235
0.55336350939563
0.553362431678628
0.5533699018750532
0.5533688518331261
0.5533571837322298
0.5533682104332204
0.5533625032452285
0.5533592549729006
0.5533624594348507
0.553367922290926
0.5533647839748492
0.5533681694316499
0.5533720818854814
0.5533651029374236
0.5533543205955299
0.5533710143301714
0.5533702687101284
0.5533717234486699
0.5533632342042331
0.5533569873551915
0.5533756898000177
0.5533691330917672
0.5533602573487952
0.55336166390226
0.5533744401154866
0.5533607237965763
0.553361879298307
0.55336368602321
0.5533629175905244
0.5533690156913414
0.5533664526679513
0.5533590255931584
0.5533580910922477
0.5533618075165129
0.5533610729376762
0.5533658048891987
0.5533639796297378
0.5533740362223005
0.5533658377508126
0.5533665090650326
0.5533624247907093
0.5533515785466069
0.5533690818287115
0.5533621769953756
0.5533769284825646
0.5533738964321916
0.5533615986297098
0.5533649261172826
0.5533650019237059
0.5533650914552046
0.5533656492804223
0.5533632737121433
0.5533728825218522
0.5533582519049235
0.5533630855703197
0.5533658699431764
0.553362143158217
0.5533696487591289
0.5533724904941272
0.5533552126737232
0.5533732354763404
0.5533597433919385
0.5533576619914374
0.5533738725759209
0.5533632818177237
0.5533615293378059
0.5533694121742375
0.5533579804131632
0.5533625736665192
0.553364495225041
0.5533687758756561
0.5533537261918492
0.5533553384038303
0.5533702857018035
0.5533662214740448
0.5533715431405085
0.5533673696522202
0.5533594594068256
0.5533634140395806
0.553356948147843
0.5533598124661928
0.5533656418284085
0.5533641742611174
0.553364745772164
0.5533653396591429
0.5533687962912299
0.5533625336495998
0.5533689034061575
0.5533582969132522
0.5533673336181315
0.5533575829854003
0.5533747855970249
0.5533685874977978
0.5533590187975616
0.5533672099857219
0.5533665846559592
0.5533722483669893
0.5533723844709373
0.5533684520726
0.5533717289272025
0.5533651620249912
0.5533687481165758
0.5533741852082367
0.5533625225576828
0.5533617968564933
0.5533589392739672
0.553360307613054
0.5533709510874318
0.5533580994780638
0.5533586984774623
0.5533630912655801
0.5533624838041892
0.5533521429429972
0.5533659281770088
0.5533590246523478
0.5533671430476276
0.5533676982239275
0.5533635431438212
0.553364738190087
0.5533639823377684
0.5533651277862369
0.5533659832381628
0.5533652428027084
0.553357993105433
0.5533654624062645
0.553358624802805
0.5533606977740733
0.5533660204223928
0.5533591521616251
0.5533624977072846
0.5533656844406492
0.5533604838249102
0.5533611423379489
0.5533661681915654
0.5533643241516575
0.5533648713897246
0.553373384820895
0.553364868195348
0.5533647817589901
0.5533661027580997
0.5533607249130226
0.5533694285683305
0.5533660717610267
0.5533585603063713
0.5533653720843469
0.553363852318738
0.5533637048670287
0.553368735487112
0.5533673409067321
0.5533622623025881
0.5533614262621417
0.5533650696811928
0.5533676437384555
0.5533592390560463
0.553366002582544
0.5533593500032763
0.5533641079215953
0.5533691826123907
0.5533597858336685
0.5533606327987817
0.5533619610987164
0.5533602159567037
0.5533666982639885
0.5533627768461036
0.5533606601005157
0.5533667222037769
0.5533651131308052
0.5533681443103564
0.5533574255411938
0.5533640157294211
0.5533576037792155
0.5533632689525135
0.5533579272424747
0.5533601694040301
0.5533748268485521
0.5533618890886882
0.553359213363815
0.5533592701112683
0.5533635624050345
0.5533661611720544
0.5533624576488878
0.5533593066083352
0.553366929983203
0.5533651168009621
0.5533715750342119
0.5533634617205355
0.5533598594431275
0.5533669697737953
0.5533646478710269
0.5533648290601261
0.5533569459765052
0.5533675622973871
0.5533600490973064
0.553364972068811
0.5533630229130908
0.5533620179063176
0.553358536305288
0.5533623239208129
0.5533673155617262
0.5533608197899086
0.5533686478072124
0.5533639491068143
0.5533634309533465
0.5533608531708704
0.5533635607863396
0.553369774259217
0.5533648930137655
0.5533612778509674
0.5533642138236572
0.5533697583040779
0.5533620040438115
0.5533625478971494
0.5533667475077376
0.5533648864166847
0.5533622196603138
0.5533656910991406
0.5533619640127755
0.5533619800261526
0.5533647817502935
0.5533651395424547
0.5533646909724871
0.5533617168671602
0.5533632801086955
0.5533657103374497
0.5533620468767981
0.5533623203810847
0.5533670191644279
0.5533625613535578
0.5533625334590786
0.5533643647393238
0.5533670479863043
0.5533637929165603
0.553364322805902
0.553361444636004
0.5533615911981423
0.5533583565041379
0.5533635951562003
0.5533625022351386
0.553362152507432
0.5533671102959361
0.5533671734920435
0.5533638540622255
0.5533602860408189
0.5533645349134296
0.553367911989039
0.5533634825568249
0.5533677851532857
0.5533614534868054
0.5533636502063123
0.5533652862841962
0.5533614855045866
0.5533644811766497
0.5533653364570074
0.553361936789427
0.5533609370627728
0.553359677060246
0.553364619293934
0.553363270868856
0.5533619086325567
0.5533629968043524
0.5533611667382413
0.5533665172103502
0.5533656262296963
0.553361300480567
0.553364581979249
0.553359920981295
0.5533683962355184
0.5533622114250913
0.5533641084705295
0.553364405771221
0.5533649295838824
0.5533643522704559
0.5533618024380356
0.5533606766459763
0.5533592529859589
0.5533594499318999
0.5533635825016373
0.5533627148584109
0.5533645313032614
0.5533604899528959
0.5533644961155891
0.5533612231021267
0.5533632195910273
0.5533695947935048
0.5533677378008404
0.5533635347528305
0.5533621138901659
0.5533652768501611
0.5533659412491115
0.5533634846670169
0.5533636166340441
0.5533642894422627
0.553363587144416
0.5533631118880871
0.553362992728681
0.5533696947981155
0.5533632784728801
0.5533679197529145
0.5533647139544663
0.5533713552973297
0.5533669872828331
0.553357650421103
0.553362780252232
0.5533690596808193
0.553363860690369
0.5533695639739195
0.5533675951645902
0.5533635475131621
0.5533654965442061
0.5533648271615355
0.5533613024549738
0.5533637076292013
0.5533608251589299
0.553359064042243
0.5533653795140663
0.5533647641531629
0.5533646117792272
0.5533653816062394
0.5533638762044223
0.5533641165970247
0.5533581159513562
0.5533635472906476
0.553367573865254
0.5533678930294681
0.5533654981929064
0.5533639995841237
0.553364347866899
0.55336437758584
0.5533660353999875
0.5533650867901838
0.553361597137781
0.5533631530134702
0.5533636176350838
0.5533617942004482
0.5533636272747364
0.5533633934812704
0.553364839613895
0.5533618547745656
0.553363799165283
0.5533627966468366
0.5533623978110571
0.5533664884352797
0.5533662807898541
0.5533610941577451
0.5533641086426122
0.5533642632357467
0.553365493637019
0.5533606521967437
0.5533666452711635
0.5533651919362937
0.5533656870599806
0.5533618704837663
0.5533692521260573
0.5533680386158981
0.5533660481236043
0.5533653070000539
0.5533626358886216
0.5533622330654236
0.5533621864113606
0.5533616627244022
0.5533677825116752
0.5533609920768597
0.5533621131779528
0.5533655285695912
0.5533661223253368
0.5533604842478238
0.5533621670003955
0.5533615416654838
0.553367805038717
0.5533648619355245
0.5533620051794939
0.5533684568469461
0.5533625830102146
0.5533696725121796
0.5533607557742208
0.5533606422876778
0.5533621018348354
0.5533681717845504
0.5533659769796762
0.5533656967007562
0.5533587049187426
0.553358979763087
0.5533603759412257
0.5533642259835311
0.5533597982447371
0.5533637836044383
0.553360811075336
0.55336886115464
0.5533618860621197
0.553366060990398
0.5533666530149701
0.5533611306338011
0.553364128132342
0.5533672717261559
0.5533634609224884
0.5533625121055223
0.5533634396653426
0.5533633697257658
0.5533664311412957
0.5533652291071004
0.553367785900631
0.5533650515360791
0.55336539913945
0.5533625200077251
0.5533625436743522
0.5533683086796601
0.5533600460309127
0.5533642145399532
0.5533634694668094
0.5533622413230028
0.5533629492037567
0.5533634724511799
0.5533694076751916
0.5533612493287617
0.5533646736326746
0.5533614823343065
0.5533642250819796
0.5533649782689677
0.5533656041335959
0.5533662700868595
0.5533669851540709
0.5533663364175538
0.5533618725906168
0.5533653205214694
0.5533609510215116
0.553361875504874
0.5533657533405499
0.5533642476706453
0.5533664525832155
0.5533624863604275
0.5533647153696355
0.5533598344576314
0.5533634575540939
0.5533650839197081
0.5533623724139596
0.5533645357861319
0.5533632479389248
0.5533611813852712
0.5533635317237336
0.5533633406748059
0.5533640734949515
0.5533661580394391
0.5533642367467445
0.5533664319621202
0.553367328741656
0.553362005337526
0.5533599938513732
0.5533676912627403
0.5533617227018269
0.5533627434262292
0.5533641371912464
0.5533659662610082
0.5533670755672294
0.5533621101083831
0.5533640446863566
0.5533608133501331
0.5533608126724988
0.5533647983754676
0.5533636973290098
0.5533645188117677
0.5533583356553619
0.5533617915818346
0.5533626289256439
0.5533668396720228
0.5533658269819569
0.5533621239146254
0.5533663600331581
0.5533653596295047
0.5533666078876067
0.5533613491186872
0.5533601101531439
0.5533663111759309
0.5533622286025464
0.5533634661965889
0.5533646394512968
0.553366053250336
0.5533641307975115
0.5533644625389585
0.5533641552188957
0.5533625464920869
0.5533620292620663
0.5533613797175684
0.5533610961027523
0.5533641587627474
0.5533630080479371
0.5533628032593816
0.5533648907903744
0.5533628881724427
0.5533659703966252
0.5533659880623195
0.553365802168156
0.5533669031404516
0.5533630897766321
0.5533648199374542
0.5533628403194502
0.5533640159435338
0.5533644615766555
0.5533645419918621
0.5533664397039909
0.5533662904233113
0.553366942064264
0.5533628924262138
0.5533626479008295
0.5533638005139357
0.5533634590964623
0.5533638080498304
0.553361747705588
0.5533654651169587
0.5533636135615643
0.553364871442779
0.5533644620355911
0.5533623934705791
0.5533653898755869
0.5533673166048714
0.5533644290420989
0.5533647970380623
0.5533662595094082
0.5533623566983926
0.5533645522820334
0.5533595187394491
0.5533659012724469
0.5533614147662916
0.5533644717954861
0.5533666844097764
0.5533667391101524
0.553364041092656
0.5533674602441698
0.5533654812386362
0.5533631647979775
0.5533653076327846
0.5533627922563994
0.5533662228972129
0.5533638144182871
0.5533649166491463
0.5533629918309256
0.5533642233342551
0.5533660017700464
0.5533629530281015
0.5533629349876928
0.5533664162072277
0.5533601433955244
0.5533645216434481
0.5533663630348307
0.5533648562121171
0.5533628530354067
0.5533651494124997
0.5533627853104526
0.5533644602567239
0.5533619229488072
0.5533653522974633
0.5533626912857486
0.5533639089725638
0.553364437439317
0.553364782953719
0.5533633922562202
0.5533646722636881
0.5533650266904494
0.5533648231767336
0.5533640791802522
0.5533651054979998
0.5533654121104101
0.5533633161712814
0.5533603341994705
0.5533642290534971
0.5533635487621007
0.5533665844164779
0.5533623920970929
0.5533647447416138
0.5533643600342388
0.5533635021055879
0.5533613818210277
0.5533655042483815
0.5533650364050088
0.5533657543716318
0.5533624508474013
0.5533653351919877
0.5533630379460078
0.5533654759817884
0.553363206969668
0.5533643243813223
0.5533648315037343
0.5533654240263736
0.5533630778060527
0.5533639384539744
0.5533645959989077
0.5533638378314842
0.5533637271395482
0.5533636583000078
0.5533639236170322
0.5533649623896808
0.5533652502569175
0.5533627656073851
0.5533647093324572
0.5533642257662769
0.5533640090939104
0.5533642972752286
0.5533638880829835
0.5533656947850801
0.553363723167239
0.5533640285608817
0.5533634409703818
0.5533655684297092
0.5533638418578903
0.5533642940189435
0.5533644272865089
0.5533625540550873
0.5533630693809417
0.5533658117775163
0.5533651229271218
0.5533633927452078
0.5533640317972282
0.5533650727363797
0.5533636389570619
0.5533640691505504
0.5533649681549294
0.553364261453188
0.5533642327019864
0.553362681378721
0.5533661286551115
0.5533630814157698
0.5533630142794735
0.553365699988565
0.5533658129792365
0.5533621138113506
0.5533629858000746
0.5533625909356605
0.5533640422076417
0.5533637694743095
0.5533654240460847
0.5533633504611336
0.5533625534830243
0.5533641320027403
0.5533631827310682
0.5533646168209794
0.5533643061549156
0.5533639741566768
0.5533638435571947
0.5533640511149289
0.5533645723029471
0.553362975090655
0.5533645397411879
0.5533642840357138
0.5533624721122481
0.5533637981052758
0.5533663413393942
0.5533629590464677
0.5533631665945601
0.5533639452418347
0.5533632444752022
0.553364035622
0.5533640123555221
0.5533638321151049
0.5533631522596374
0.5533628053485952
0.5533639479458177
0.5533643873417929
0.5533626431669563
0.553363126785803
0.5533639974760434
0.5533622924574334
0.5533640610900755
0.553363504941648
0.5533636302491011
0.5533645171212498
0.5533632475523663
0.5533644600596279
0.5533624965597306
0.5533640393411587
0.5533638446330721
0.553365088094577
0.5533632707862526
0.5533640464506773
0.5533637369283328
0.5533638823960592
0.5533646109765414
0.5533628959123238
0.5533631680652221
0.5533647280635409
0.5533642988090651
0.5533648932888539
0.5533637224997731
0.5533642088483078
0.5533637141755802
0.5533640117700027
0.5533634378333533
0.5533641050135369
0.5533638023484319
0.553363622874562
0.5533630152120129
0.5533642768970143
0.553364382381724
0.5533640851489616
0.5533636727492589
0.5533635602474519
0.5533639126547181
0.5533638261443105
0.5533639173817504
0.5533638885424734
