0.5003539246118269
0.5017206753058776
0.5007454921294802
0.5001518521859527
0.5008294985863176
0.5008230797335016
0.500939504712741
0.500993932100119
0.5002901803600517
0.49951889911119723
0.5001241151462799
0.5008134606748453
0.5004371928207678
0.5004224324530663
0.5008973869748314
0.5006716402153865
0.5006445194907501
0.5005980415823369
0.5000635213118786
0.5008225780697745
0.5008290308409267
0.5005786669922241
0.5008058595668428
0.5005557223873984
0.5006001247199603
0.5012863703444828
0.5006740821758145
0.5008215626963098
0.5004753316216828
0.5007769956770387
0.5010741004401782
0.5006953191038666
0.500728180137185
0.5002961113262027
0.5010257565393649
0.5006195206145548
0.5005433637214817
0.500758568892792
0.5004456484189083
0.5007709949852482
0.5006743436584157
0.5007439710623015
0.5005983773471391
0.5006946830357757
0.5004453118758984
0.5004684560970364
0.5009253228628292
0.5004422633467837
0.500669559483399
0.5005011787393111
0.5005981494195014
0.5008848083883889
0.5007597422859582
0.5008478236411257
0.5010164546082818
0.5007644866489445
0.5005181238407639
0.5005750666853768
0.5005081837030911
0.5004550027966197
0.5004386989445634
0.50106351627687
0.5007619864134615
0.5007205810915111
0.5008708450438851
0.5006679984839424
0.5006361246777552
0.5007724433726983
0.5006231324778374
0.5008906229242014
0.5003647758704568
0.5005350703879682
0.5007463338719808
0.500889576603395
0.5007812547453182
0.5008017656405591
0.5005906294504219
0.5008444609440504
0.500351814581246
0.5006771447777137
0.5004005915777194
0.5007197997117948
0.5007104474426353
0.5005158216776892
0.5006278376625887
0.5007469355539977
0.5007675084622629
0.500823600338007
0.5006930415974051
0.5006024207673457
0.5008745171740381
0.5008179816422457
0.5007219292105318
0.5007511818775419
0.5008509104365406
0.500560753248269
0.5007690060016795
0.5004855106011613
0.500692573093069
0.5006645771948104
0.5007569926502463
0.5007070054133125
0.5006710908023245
0.5007693186270642
0.5008924764806196
0.5006693189723326
0.5008529584115592
0.5006940074017517
0.5007078443571606
0.5006319088070216
0.5005968522692056
0.5008380291559884
0.5005013970833249
0.5007643845871664
0.5007848277287837
0.5006511719615315
0.500717837235151
0.5006079107712534
0.5007557050658197
0.5007205622506615
0.50075796552943
0.5006633822213606
0.5005099979446502
0.500810044098519
0.5006381637906478
0.5007185499548098
0.5007470004555993
0.5006275291226973
0.5007083882429051
0.5006199222655302
0.5006927823105196
0.5006718573431018
0.5008261773175121
0.5006866147343456
0.5006625506012978
0.5005936327825596
0.5005734432055382
0.5005227978363933
0.5006741548925889
0.500610132655903
0.5007828761030061
0.5006449537657166
0.5008242148288823
0.5006316943779417
0.5005692968352898
0.5006344948038761
0.5005693236717796
0.5006585500343409
0.500750882387274
0.5006476886283397
0.500689763621228
0.5005454803689522
0.5009540004719333
0.5006148139792337
0.5006535908852101
0.5008503188588267
0.5007662012338198
0.5007129080844421
0.5007123058310267
0.5006069355945821
0.5007152801999538
0.5005452327372488
0.5006672686896165
0.5005699443616337
0.5006909079125891
0.5007015427077031
0.5007025571823497
0.5006747409599013
0.5006059064589743
0.5006450101626001
0.5007264535373565
0.5006181287542407
0.5007049953496611
0.5007032026585745
0.5007406561469011
0.5007067356386686
0.5006093634696833
0.5006521954125529
0.5006052361201566
0.5006373585005239
0.5005960913964127
0.5007481262684306
0.5005798104309046
0.5007585885618062
0.5006437863415291
0.5007161280717443
0.500738927313121
0.5005560294165696
0.5008221171689521
0.5006663717017467
0.5006606812602784
0.5007256577220339
0.5006829659213676
0.5007040770401321
0.5004962101013803
0.5009009670204876
0.5006810220446573
0.5005948350040117
0.5007277318115038
0.5007381592287385
0.5007059528717025
0.5006734686890651
0.5007617340972611
0.5007198282408349
0.5007167320802256
0.5006881578647743
0.5005924275239119
0.5008378390505757
0.5005055595747522
0.5004938838457985
0.5005019114552923
0.50058435722241
0.5007030295233794
0.500740725505192
0.5006554258540454
0.5005916189544198
0.500702554859529
0.500589203892015
0.5007733021234619
0.5006600695015985
0.5009443631294814
0.5007332662205503
0.5007350660008085
0.500630151049555
0.5006505381529752
0.5006024523704035
0.5005381855630913
0.5006961359740746
0.5008368885410468
0.5006801721485029
0.5006495798439378
0.5006482670044983
0.5006417214813748
0.5006685588133883
0.5006294491876186
0.5005824932569529
0.5006305048750885
0.5006126075450951
0.500699339582892
0.5006320269932424
0.5006758447323119
0.5007486813916577
0.5005295506262061
0.5006924060896132
0.5007215277880895
0.5006964699520284
0.5006994186278787
0.5006832409534828
0.5007679389525022
0.500765860040941
0.5007996477338301
0.5008858129891298
0.5006717813948852
0.5007684236066433
0.5006843878973594
0.5006437551758549
0.5006844148676215
0.5005528539647215
0.5007281476909795
0.5006779690081977
0.500696001555087
0.5007446468667789
0.5006350582340627
0.5006710819765433
0.500781377170239
0.5005753163991888
0.5007100043697679
0.5006504462478927
0.5008188355452754
0.5007051776396177
0.5007063603244546
0.5006015538555058
0.5006477110323653
0.5007633236822725
0.5007713250694181
0.5006867306566394
0.5007796144283172
0.5006636861446067
0.5007544091875616
0.500692899505954
0.5005970196138465
0.5006736566579871
0.5006449248987422
0.5007005374932931
0.5008115591294545
0.5006851785266002
0.5006550845430949
0.5007169876308318
0.500827501834262
0.5007716439432578
0.5005783666105867
0.5006948707670413
0.5006492635951362
0.5006538171900249
0.5007197504476721
0.5007994217813366
0.500633892272097
0.5007734419386974
0.5009011715304483
0.5007312669415571
0.5007030442332705
0.5007356684146455
0.5005199929473131
0.5007067525728279
0.5006473719201389
0.5005680868755632
0.5004575752062638
0.5007914415959903
0.5005529630445915
0.5007011045862587
0.5007213585981998
0.5006936553968472
0.5006153335291298
0.5005244088145645
0.500612024453086
0.5006388375905352
0.5006332763119924
0.500545250269106
0.5006858833392621
0.5005986849010771
0.5007771535325439
0.5006407948145518
0.5007597401803401
0.5006821117339451
0.5006783205637588
0.5006255578468094
0.5006927799981797
0.5007324415281509
0.50072935723618
0.5007524943279572
0.5005762048705656
0.5006166675669216
0.5007168751092056
0.5006697989766847
0.5006763626273795
0.5006560686933246
0.5007022728374894
0.5006306481922609
0.5007407786988317
0.5006862960506754
0.500673326575549
0.500640982352337
0.5007146161970636
0.5008415367790591
0.5005665340549934
0.5007793031021958
0.5006879541676713
0.5007840812346589
0.5007552021470457
0.5005963021668133
0.5007303508881403
0.5008414420056696
0.5006361205621312
0.5006774097616518
0.5006407350268404
0.5006669607419187
0.5006056757467408
0.5007896338230201
0.5007743246469738
0.500717773399995
0.5007047117738617
0.5006935666623386
0.5006388236048082
0.5006502614262875
0.5006860189103056
0.5007857353643058
0.5006903325992496
0.5006357778404831
0.500775186371156
0.5005707965198689
0.5006415295167387
0.5006824136197232
0.5007123794752852
0.500624836944953
0.50066309212879
0.5008153000851313
0.5007010689392766
0.5006500622949634
0.5007379092852824
0.5006717906138081
0.5008461451051129
0.5006020663223407
0.500671531658819
0.5006927447612225
0.500757125141647
0.5006132840571463
0.5007160603728865
0.5006956605860192
0.5006639601951718
0.5006831038560711
0.5006603529827377
0.5006770737354783
0.5006504378128269
0.5006491191259994
0.5007000203767372
0.5007233194590269
0.5006046097546314
0.5006667223875225
0.5006651189668065
0.5007329654956069
0.5007429459627795
0.5007806253324607
0.5006971046203604
0.500646896782189
0.5006658199505963
0.5006727610536679
0.5006915914763239
0.500630499738057
0.5007136126790827
0.5006891170465986
0.5006505414685664
0.5006396774889353
0.5006469748607317
0.5006380798613909
0.5006801294925202
0.5006123520193771
0.5006366922660591
0.5006609416294022
0.5006266403900091
0.5007462716035551
0.5007083143692785
0.5006191797338383
0.5007188239244474
0.5007914700003238
0.5006604434416714
0.5006376820764954
0.5006722628135649
0.5006714403085851
0.5006597982594462
0.5007020072860315
0.5007022354608315
0.500701897466939
0.5006402685827986
0.5006794792612372
0.5006555670307753
0.5006220751046702
0.5006830410223081
0.5006689413633665
0.5006899488041704
0.5006558395029499
0.5006417081721025
0.5006774019399757
0.5007199041173155
0.5007197722541361
0.5005791918401523
0.5006864092033164
0.5007335724415177
0.5007666071464694
0.5007589071480418
0.500712727616725
0.5007515087631506
0.5007177724645343
0.5007425691032115
0.500660726877597
0.5007096266198717
0.500634243467766
0.5007162528414684
0.5006597316829019
0.5007230794452131
0.5007120019631821
0.5006190502539298
0.5006703384813435
0.5006369505603675
0.50067698344627
0.5007072692661986
0.5006628518318508
0.5006875397138545
0.5007338818424106
0.5006992349327521
0.500756934952689
0.5006893272581722
0.5006407852476772
0.5007957887863431
0.5007178832074426
0.5006802787042971
0.5007389127334873
0.5006933776085579
0.5006867029936166
0.5006854998636646
0.5007299939278872
0.5007191126085591
0.5007070347530517
0.5006244635244264
0.5007325626485243
0.5006535227124783
0.5006964616789162
0.5007505610976903
0.5006636157893188
0.5006868590434983
0.5007796159012098
0.5006829753172692
0.5006907612053951
0.5006797345489862
0.5006518451926726
0.500624006603218
0.5006494878639034
0.500703159998702
0.5006242513539739
0.5006681308671697
0.5006616064853383
0.5006239048109375
0.5006207751551812
0.5007469001332648
0.500664549781541
0.5006072114612709
0.5006653627196938
0.5006614286056685
0.5006345665082201
0.5006774665332505
0.500635703092293
0.5007420138298599
0.5007808303545187
0.500687371861281
0.5006751618634212
0.5006969259338963
0.5006098153632975
0.5006837761778299
0.5007221450842674
0.5007168281803405
0.5008381149165192
0.5006081772420686
0.5005896077293035
0.5006885105969633
0.5006492795374657
0.5006328720114669
0.5007406998539328
0.5006843022960119
0.5006882301112683
0.500683945192778
0.5007555473388504
0.5007157007590475
0.5007236730711513
0.5007258840814927
0.5006907391480004
0.5006747800484962
0.5006692912412868
0.500667562414263
0.5006562696075416
0.5007105243439883
0.5006397725113795
0.5006270184819651
0.5006432627818571
0.5007065248457606
0.5006887218602091
0.5007180987832481
0.5006544555648926
0.5006783643935505
0.5006245964112163
0.5007531860669037
0.5007166952375101
0.5007055540565296
0.5006073988104041
0.5006067747238181
0.5007449355428004
0.5006635441790755
0.5006804723964766
0.5006428035162187
0.5006763315634908
0.5006444126260462
0.5006700513843972
0.5006421549124384
0.5006978414675259
0.5006846844031767
0.5006462761450042
0.5007925486940655
0.5007269837366012
0.5006596514971279
0.5007043167651003
0.500731664783265
0.5007508024909163
0.5006691554382485
0.5006632590267632
0.5006800753622156
0.5007377584768673
0.5006758014771675
0.5006186655995043
0.5006959836502085
0.500654060145969
0.5006934785130288
0.5006861466880739
0.5006660604325137
0.5006643781432354
0.5007001088786716
0.5006460725670292
0.5006927554304726
0.5006769018190613
0.5006955674818102
0.5007243128235216
0.5007018420365705
0.500676453161611
0.500631946039361
0.5007290860308622
0.5006499759153886
0.5006821962918975
0.5006652335393477
0.5006646766199996
0.5007698963542152
0.5006638013929612
0.5006206862687386
0.5006566600840955
0.500644985081909
0.5007377248438839
0.5006994086843538
0.5007075802989337
0.5006840505532031
0.5006325557328607
0.5006906936632093
0.5007225738772951
0.5006873709485602
0.5007118037096172
0.5006719388705897
0.5007167753935099
0.5007328562518439
0.5006977287611534
0.500764001175539
0.5007105248344422
0.5006507074628538
0.5006560879613545
0.5006954829090826
0.5006602146747237
0.5007006376682865
0.5006326397563753
0.5007106001435361
0.5007041567691511
0.5006583470008875
0.500632204194989
0.5006966478938795
0.5006934392432978
0.5006559237672092
0.5006720608751131
0.5006779155982929
0.500701090785814
0.5007099010851599
0.5006822793763298
0.5007032889502481
0.5006168888633035
0.5006079896397195
0.5006764475088614
0.500676745222496
0.5006638340323951
0.5007108366604766
0.5006321446148669
0.5006856157422269
0.5006626167225313
0.500660815035476
0.5006648996762718
0.5007033854507353
0.5006757312881346
0.5007292739639211
0.5006973057816516
0.500665579648237
0.5007050856947856
0.5006557408734738
0.5006938028184988
0.5006304621054424
0.5007009866228844
0.5006424534855527
0.5007053630580299
0.5006842129438949
0.5006325731464781
0.5006710926477775
0.5006804891451602
0.500689399487877
0.5006655358639702
0.5006945440341176
0.500676769759317
0.5006767021555232
0.5007098673174233
0.5006138889205388
0.5007023418640729
0.500663632339047
0.50065366911609
0.5007455836109838
0.500695427607842
0.500700022797509
0.5005934571905888
0.500679186832552
0.500621289227723
0.500703842689691
0.5006898862237589
0.5006886232279363
0.500688160430973
0.5006445981143189
0.5007046565781308
0.5006722302354804
0.5006589237296345
0.500700122441419
0.5007043657338859
0.5007183445880364
0.5007055612619172
0.5006671993736694
0.5006895387705734
0.5006592653571784
0.5006929586117314
0.5006662866765769
0.5007097950035131
0.5006770181899984
0.5006888787799071
0.500673412978713
0.5006962128947924
0.5006959905239821
0.500639806037058
0.5007374185261078
0.5007403182983107
0.5006518459600628
0.5007010656891443
0.500693825918035
0.5007148508201803
0.5006621562299278
0.5006880128756686
0.5006951462168109
0.5007230252537611
0.500720839128986
0.5007362295410681
0.5007081276198666
0.5007074436686475
0.500681507715229
0.5006608916761397
0.5006259297731527
0.5006987735160987
0.500711642414689
0.5006484132895241
0.5006685939569737
0.5006611109704776
0.5006889622598876
0.5006731942991149
0.5007135789441116
0.500707406705052
0.5006947000037061
0.500689023724474
0.500631930773491
0.5006536894393001
0.5006539745282157
0.5006536910217189
0.5007069072733858
0.5006641094011685
0.5007012199840543
0.500680367633133
0.5006834033350394
0.5006400990023852
0.5006866453803547
0.5007216569447849
0.5007078873155439
0.5006670106951873
0.5007100183774575
0.5006523413173702
0.5006804256624199
0.5007009739567313
0.5006812509725249
0.5006594362845662
0.5006503660531355
0.5006975462115434
0.5006817274152022
0.5007152296787233
0.5006915006485954
0.500710009882177
0.5007089427048311
0.5006343508179563
0.500668992916075
0.5006738869628593
0.5006642317930136
0.5006878848469992
0.5006625463796299
0.5006630647526175
0.5006661071042094
0.5006952074929552
0.500739176295983
0.5006748128137122
0.5006756057119738
0.5006689047950965
0.5006824072035536
0.5006833076565275
0.5007080091279329
0.5006627754928923
0.500622236560836
0.5006336661945884
0.5007263072973881
0.5006611202555579
0.5007169548033856
0.5006916508572323
0.5006929215568369
0.5007161062080411
0.5006993409387097
0.5006953224609
0.5006691310276182
0.5006493210700522
0.5006612521050138
0.5006934790900228
0.5006464412650099
0.5006509413950293
0.5006760169851701
0.5006585368767031
0.500698176480715
0.5006912021613492
0.500654977875811
0.5006963061168862
0.5007150796267482
0.500689271705509
0.5006743182072154
0.5006268559779351
0.5006958576529854
0.5006713734040437
0.5006714081769986
0.5006833673851597
0.5006814065716937
0.500701302375298
0.5006449978634269
0.5006790070755579
0.5006704787318866
0.5006557200072991
0.5006723409858947
0.5007027047570336
0.5006760444764499
0.5006673439932879
0.5006897562396936
0.5006804441426548
0.5006831296759833
0.500680127883003
0.5006494432285572
0.5006705493032508
0.5006775784012985
0.500662149516416
0.5007203103977589
0.5006742277800023
0.5007165486969455
0.5006721460134529
0.5006956962659719
0.5006944724988355
0.5006859796947839
0.500707438391954
0.5007075950988521
0.5007074817321076
0.500720245671005
0.5006451597224457
0.5007020482787679
0.5007235022021858
0.5006469684669868
0.5006908497038616
0.5007303018401732
0.5006873089681286
0.5006674277642847
0.5007108513268642
0.5006822599956249
0.5006705067156083
0.5006589201626302
0.5006730953761035
0.5006402875495509
0.5006488084744257
0.5006848452632333
0.5006383204155372
0.5006836725243308
0.500677744864533
0.5006938582049841
0.5006547607139912
0.5006755432740605
0.5007056743660494
0.5006852267181398
0.5006686818803154
0.5006746331194456
0.5006865645710211
0.5006225618313694
0.5006845687250003
0.5006801666563351
0.5006616742297385
0.5006877041875575
0.5006730363054467
0.5006607466546434
0.5006537712865475
0.5006437991418986
0.500710310558938
0.5006996863797452
0.500686114440083
0.5006658229252801
0.5006877675776297
0.5006879297589517
0.5006879976524625
0.5006808736221362
0.5006960226556816
0.5006589194854144
0.5007067814450523
0.5006856718126497
0.5007003452931552
0.5006810745412755
0.5006579741236518
0.5006596702877596
0.500669735328263
0.5007028584715612
0.5007018283161828
0.5006888131240226
0.5006894225397772
0.5006647900070396
0.5006784551502372
0.5006997679757397
0.5006940192429633
0.500681562668211
0.5006782522572996
0.5006993773659193
0.5006647421932943
0.500695956708449
0.5006894570269361
0.5006817685477641
0.5006728129836058
0.500707771788777
0.5006785824241572
0.5006616071298404
0.5006695513360714
0.5006797079344324
0.5006893948128535
0.5006904966514342
0.5006687917329371
0.5006791276711279
0.5006725670320538
0.5006762281325294
0.500685440217402
0.5006908241643103
0.5006839114697346
0.5007094619912899
0.5007055184595345
0.5006666526648682
0.5006727117287124
0.5006891917348789
0.5006777018234806
0.5006814730779068
0.5006996405655062
0.5006821558769183
0.5006959287036521
0.500687854269979
0.5007046558899538
0.500690327257737
0.5006768684564867
0.5006587480213811
0.5006774949219686
0.5006997575356936
0.5006810516682912
0.5006725507742062
0.5006974516823108
0.5006669009629965
0.5006928218736535
0.5006734708164545
0.5006906301310168
0.5006819139158818
0.5006639889680459
0.5006677826018813
0.5006807192042845
0.5006955919570619
0.5006917956586946
0.5006727978721196
0.5006873085002994
0.5006925407750303
0.5006790827855857
0.5006957260752062
0.5006890083359565
0.5006686190706987
0.5006802569678177
0.5006864421622162
0.5006888526962792
0.5006724477497299
0.5006882571977744
0.5006771501203061
0.5006844865323312
0.5006794520382701
0.5007014859604688
0.5006846015231212
0.5006800847760967
0.500669464418999
0.5006859271379993
0.5006735830886669
0.5006850615936088
0.500681652242218
0.5006931177760175
0.5006818444469513
0.5006750599092767
0.500693768497417
0.5006830019463789
0.5006845731237871
0.5006874578732103
0.5006820308180311
0.5006883810859277
0.5006894294645862
0.5006884911757473
0.5006868253343236
0.500682154045233
0.5006944080502413
0.5006964979291875
0.5006724060388733
0.5006680591279883
0.5006783747567108
0.5006808080175158
0.5006834617963761
0.5006909932253201
0.5006806897916108
0.5006774347660358
0.500680494301529
0.5006821435451486
0.5006860908885379
0.5006809345098454
0.5006825843913162
0.5006833604976296
0.5006839293490397
0.5006827119001358
