0.41772358360585715
0.41897363856395103
0.41888075892785
0.4179292738678011
0.4183875338131378
0.41801981329618376
0.41834268608266795
0.4188063463767466
0.41865495640809486
0.41842043324759287
0.4183199163142894
0.4186359331174177
0.41861462693129486
0.4184014016676401
0.4185168573281967
0.418550859671982
0.41837679815234735
0.418311017910209
0.41839415110481587
0.41839354675757456
0.41855494270772
0.41854878562051
0.41849429445660336
0.41832214258404254
0.41817523001395396
0.4184014289758083
0.41845831808519013
0.4183983838699456
0.4184931751374001
0.4186087532103953
0.41841799468757707
0.41863942091966283
0.41838513523521087
0.41844291612357853
0.4183529021254404
0.41825841303507877
0.418607898043432
0.4185072639877078
0.4183071216745997
0.41838309182196326
0.4182876049222223
0.41838372339082364
0.4183766559912292
0.4185529877539391
0.41841878986549247
0.4184138150304252
0.41838983458443524
0.4183191841788529
0.4183691850371628
0.4184353888211349
0.4185260380585163
0.41836807350849164
0.4183869354866306
0.41840068363061855
0.41833492147962115
0.4183689800133565
0.41847542436532403
0.41837784026748104
0.4183957299217536
0.4184256525320019
0.4183666440410176
0.41833474906152335
0.4184397418902423
0.4185521890008591
0.41847582102154046
0.41839316757787764
0.41846012425963064
0.41843813430233184
0.418401550693383
0.41841464633341746
0.41840447962324734
0.41858505730056667
0.4185451490396784
0.4182629758116312
0.4184378189728101
0.41838374198030626
0.41844773296803395
0.41843893727807224
0.41844831657744364
0.41842849464104004
0.4184492181898243
0.4184648450754486
0.41843332987397
0.41844637756439124
0.4184226225256821
0.4183338655592148
0.4184208420416026
0.41835357524650496
0.41842362063514604
0.4183647999550374
0.41846961490176854
0.4184236297625822
0.4185364631532857
0.4185041302746658
0.41841628005012216
0.41841860758235605
0.41840761693995
0.4184842969482304
0.4183962979551533
0.4184617272651561
0.4184260249635484
0.41840766695105946
0.4184202651966462
0.4184657124309697
0.418402255637554
0.4184414204897136
0.4184874951923528
0.4183904391326689
0.4183618334794566
0.41839326437698976
0.41848102913875984
0.41839166046957954
0.41847514788429546
0.41829647571783407
0.41841943386339114
0.41840243585781384
0.4184029116512618
0.4184684467133928
0.41839758366404256
0.4184133479793304
0.4183531466974525
0.4184034995864795
0.4183717420393693
0.41837700259052363
0.41837104640258904
0.4184091796250721
0.4183067975902263
0.4184094641658087
0.4184363510101242
0.4184420430567382
0.4183795360373375
0.41835350736774546
0.41846369260608374
0.4184174096226835
0.4183971065507501
0.41842859271653704
0.4184109707712546
0.4184004488673958
0.4184452932370468
0.4184748606483015
0.4184476883248021
0.41843397784574754
0.41827021571403367
0.41845698216995997
0.41844632833602663
0.4184084426796173
0.4183842298489062
0.4184230637816273
0.4184847456299538
0.41837922076935374
0.4184207709201814
0.4184226025583415
0.4184241136694698
0.41843465459175694
0.41846820110545957
0.4184176419984336
0.4184694070522871
0.4184004879863148
0.41837780396757773
0.4184175189813155
0.4183554393545707
0.41834476715777175
0.4184472904147924
0.418372882488912
0.4183717879272446
0.4184415115222242
0.4184036711430046
0.41845862836021225
0.41837539263093687
0.418393936310126
0.4184526475787253
0.4183488182047742
0.41843584632849645
0.41842216591012177
0.41840839979295585
0.4183652515917217
0.4184470899047794
0.41842567193765234
0.4184128135675415
0.41840137655332776
0.41847149847858156
0.41844369844810947
0.4183991256541978
0.4183810996352997
0.41842588876494935
0.4184631583033706
0.4183865476941324
0.41835266072625826
0.4185103538505955
0.41846397480869674
0.41837596477094546
0.41844022897571076
0.41846959344849266
0.4184381862783701
0.41837974661382604
0.4184412119534314
0.4184283196544726
0.41844399269108706
0.4184551484019777
0.4184609676429501
0.41844091530273836
0.4183816302876856
0.418423588940802
0.41841790512460947
0.41847146545367075
0.4184479449488278
0.41843664975202993
0.4183863415197959
0.4183887376112441
0.4184508803522239
0.41840592693754713
0.4184868420015835
0.41839136667477533
0.41844593331408303
0.4184246622465382
0.4184132880493381
0.41848750993090433
0.41837271197399234
0.4184027596909079
0.41845026001669267
0.4184179372438871
0.41844398976923003
0.41838906092566486
0.41837682316599156
0.41845008188062993
0.41843772591562267
0.4184549926330731
0.4184642612853241
0.41840861468337653
0.4184321387642438
0.418436881190054
0.4184219353261721
0.4184016936409279
0.41844293165669844
0.41842547945301456
0.4184253338377101
0.4184117058956178
0.41835111731673913
0.4184094390035909
0.4183730788722871
0.4184173461437762
0.4184062296476456
0.41844836372945027
0.4183900421331623
0.41846324529252044
0.4184073761762562
0.4183936968318436
0.4183982703165134
0.41838432000418735
0.4184185094499333
0.4184174631116949
0.41846004375708074
0.41845117672849774
0.41847360832509073
0.4184501843305921
0.4183923294958986
0.4184048734891128
0.4184344252484962
0.4183959691486435
0.4184300318840142
0.41836725231610783
0.41838578327013803
0.41837821673175984
0.4184643714009163
0.4184157903532643
0.41840170027514667
0.41841483670771557
0.41841637517419394
0.4184213051463212
0.4184435142394005
0.41840740444490293
0.41843686439606426
0.4184220940711978
0.41839600444244596
0.41842047414493827
0.4183978979491468
0.41841461303681243
0.4184202956639709
0.4184240526024236
0.4184631582414758
0.4183980195035318
0.4184039249341104
0.41839165141221757
0.41839579789533937
0.4184198038089382
0.41843264232583616
0.4184287203005336
0.41841436059812676
0.41845855377699354
0.41841714244270223
0.4183989106963069
0.4184068112712367
0.418423052575258
0.4183932432118386
0.41842852246873535
0.418376495421469
0.4184090088388833
0.41846279162125966
0.41840607409319236
0.4184535337493517
0.41845478338053566
0.41845188454365145
0.4184471576518528
0.4184345699591242
0.4184250367324622
0.41833839530354816
0.4184681923123468
0.41844484959837763
0.41842080040957497
0.41842790279970005
0.41841048756049787
0.418413799033686
0.41841158933486133
0.41841722313625934
0.41845631720326326
0.41843350738013824
0.41845111266990315
0.418402701866774
0.41845238441596483
0.4184198662374917
0.4184751109680542
0.4184061644530175
0.4184209672586935
0.4184237254207079
0.41842103919740076
0.41843094443338796
0.41841366072063557
0.41849209397414117
0.41846954993399077
0.41840480266678676
0.41837821869559294
0.4184322660562474
0.41837518082924297
0.41842010320652606
0.4184011300615768
0.41845989906496744
0.41844611303251666
0.41844742769860643
0.41840577097740733
0.4184450256697575
0.41845969787691073
0.4184356933745691
0.41837727351950144
0.4183973276335369
0.4184385571269036
0.41840784282744536
0.41842569085873726
0.4184549464241618
0.41843420817877913
0.41845223853369035
0.4184364513513934
0.41840668378222506
0.4184002957090733
0.4184316299683849
0.41838739810538644
0.41846152672177866
0.41840729953595746
0.4184327408054456
0.4184324879024358
0.41842081339923126
0.418423360973477
0.4184071088183875
0.4184077936132234
0.4184208636254331
0.41844110573911875
0.41839454542527227
0.41840360087561457
0.418416579461717
0.4184288151785492
0.4184161657038995
0.41844887867394526
0.41843452680556437
0.41841343423822125
0.418419341217705
0.41847065870916694
0.41842321706081204
0.41843226810030126
0.41843102965249745
0.41844716681553273
0.41845830459098604
0.4184183694347852
0.4184254754803049
0.41841067830130413
0.4183977586700569
0.41842220654530937
0.41842690401782673
0.418406557255539
0.4183939519343892
0.41840066687353666
0.4184366619447265
0.4184288070315238
0.4184212217902904
0.418412354335608
0.4183748640071152
0.4184246451393808
0.4184245367449879
0.4184149747119178
0.4184336481439025
0.4184440296840563
0.4183930354194189
0.41842406232980084
0.4184436397125425
0.41846050843248395
0.4184407975119256
0.4184198376515152
0.41841355282755177
0.4184436094276559
0.41841743941632076
0.41842676000330564
0.41844532461281597
0.41841653628583975
0.41844007108031483
0.41846795712191825
0.418423591014373
0.4184482677936205
0.418431572499322
0.4183929742789762
0.4184075041180568
0.41843619834916046
0.41840423635755414
0.41846253747808204
0.41845291226855014
0.4184258581901531
0.4184570241304289
0.4184543039954147
0.4184088382823188
0.4184240751037367
0.41844554116385335
0.41841416744776516
0.4184143967250948
0.4184432393958393
0.4184443815521892
0.4184106999731486
0.4184022289684428
0.41839953159189525
0.4184128634408208
0.41840456542677174
0.418437941942905
0.4183968483121822
0.4184096980871279
0.4184343430986967
0.4184065786210777
0.4184356876263271
0.41843237601663613
0.41842206057550146
0.4184594311252785
0.4183868969503948
0.4183946813960944
0.41843535842132307
0.4184300048816558
0.41842612399624485
0.41839306965596496
0.41841095910388393
0.4184012297836864
0.41844867864046026
0.4184140036485177
0.41841478530633597
0.41842318008828705
0.41841886109887927
0.4184147201390649
0.41842405797126037
0.4184620866209105
0.41844760623853205
0.4184280386829071
0.4184261349363583
0.418418668724927
0.4184226029365427
0.4183932351526762
0.41847255812551537
0.41843171463420376
0.4184240188180469
0.4184182393519054
0.4184447612923902
0.41846073118751076
0.41843598180938135
0.41842453382307493
0.4184226275887073
0.4183871798177484
0.4184096904146012
0.41841248606976544
0.4184138471749946
0.41844955527284466
0.4184051234003571
0.418409882707633
0.4184365837575965
0.4184131388690814
0.4184459062081776
0.4183989326874145
0.41841437498121414
0.4184181379585316
0.4184211876466022
0.4184339843012113
0.41839668093952703
0.41841795159348183
0.41841884632486187
0.4184250009765141
0.41841097882056527
0.41839123529091166
0.41842339454187805
0.4184281115594052
0.41844414930210916
0.41842079045057673
0.41840004264992997
0.41841785622511307
0.41841785545013466
0.4184066465404675
0.4184351515085609
0.4184285660622414
0.418446530561645
0.4184313349959357
0.41843286126930307
0.4184279447919251
0.41844345063157845
0.4184018799882577
0.41840349423122286
0.418411053533632
0.41843881762572693
0.41840440305442406
0.41840386541821445
0.4184224006096828
0.4184317091912153
0.4184461170276285
0.41844494932006826
0.4184192170250564
0.4184187138882979
0.4184348681209538
0.4184078219972281
0.4184243400065333
0.4183631654927121
0.41842587528923514
0.41840942363358874
0.41838752469659396
0.41842083798309304
0.4184146251170299
0.4184159261474579
0.41842400894713144
0.4184175504445224
0.4184277659254335
0.4184207592232521
0.4184497653858457
0.4184400741666025
0.418417935864577
0.4184226029015622
0.41841255864828353
0.4184250570785111
0.4184341492976231
0.4184355821640025
0.41842714352688226
0.41844943462991807
0.4184136439031763
0.41841445904775093
0.41842339404850637
0.4184179797563469
0.4184392839100459
0.41840950307750907
0.41842462966716937
0.4184353178548545
0.4184230352094011
0.41843511810406037
0.4184287188994161
0.4184510448141328
0.4184334347038396
0.4184163399630412
0.4183981049594462
0.418422738647481
0.418422281722467
0.4184064196630649
0.4184077048928317
0.41843115655958163
0.4184155409091358
0.4184281522333994
0.41843466430478427
0.41842799570919453
0.41841226827893735
0.4184278861878054
0.4184329722563396
0.4184153957634166
0.41839516570665636
0.41843332289973567
0.41844377069824734
0.4184264564525405
0.4184232918546828
0.41841307697305774
0.4184164979901835
0.41840119432467193
0.41843139301218435
0.41841740364574814
0.41842201748679775
0.4184092653296445
0.41839884991738646
0.41842107920614924
0.4184241002714281
0.4184101159042007
0.41843179005110825
0.4184058843033245
0.4184280718768463
0.4184041189092205
0.41842063646485295
0.4184156933524727
0.4184405214116662
0.4184170291154327
0.418418524935615
0.4184246969813349
0.41842941637329223
0.4184237659134353
0.4184336640693212
0.41844582146945103
0.4184158334495898
0.4184163144219385
0.41843034354110786
0.4184026762079232
0.4184368429678793
0.41841551823682566
0.4184245663364547
0.418388927081598
0.41841979429198456
0.4184242205464201
0.4184360233873632
0.41839541835281063
0.418428820192506
0.41842300182066455
0.418378017024108
0.4184170470553867
0.4183847361130288
0.41840807991798956
0.41841935745204073
0.4184300950769518
0.41843066696658243
0.4183986557385823
0.41841144081636567
0.4184437470023777
0.41841492008537523
0.4184231316378081
0.4184387671339547
0.41842632317635725
0.418442679444428
0.41841175614930315
0.4184395954577949
0.4184049371240133
0.4184260641617106
0.41841430633446086
0.41840924950412844
0.4184051925903922
0.4184080820701629
0.4184315258969022
0.4184180133493411
0.4184073965811408
0.4183918103065229
0.4184173809899412
0.4184252858958685
0.41839760442970253
0.41842977559153843
0.41842155325473307
0.4184171856804751
0.418429608406023
0.4184210265089101
0.4184068567221018
0.41842465033323367
0.4184523893517162
0.41840197836725673
0.41840932845141854
0.41841775167144407
0.41843122671654
0.41844282139182626
0.4184239947350073
0.41841729613761675
0.4184144826965097
0.4184337037226949
0.41842908970325954
0.4184227044498589
0.4183919769312337
0.4184253861196647
0.4184351865311349
0.4184043901067496
0.4184371672913556
0.41843688607552804
0.4184434092825717
0.4184298863720974
0.4184083019249834
0.418398344386758
0.4184220602722139
0.41842966937104803
0.41841564127783987
0.41842638579454916
0.4184336853551804
0.41841370646914
0.4184154284359628
0.41840254645255764
0.4184061920132173
0.4184186207327453
0.41839025995971707
0.4184176350064678
0.41841574297040734
0.41843146908011314
0.41841689932781045
0.41842160020564106
0.4184204389204593
0.4184419464696093
0.4184138887177578
0.4184026548508861
0.4184413355751808
0.41840857746520616
0.41842416142655875
0.41840883085474145
0.4184267142355793
0.4184121784656147
0.4184227833063287
0.4184223417088035
0.4184435110138505
0.41840827902036754
0.4184162372412736
0.41842073790459755
0.4184173692395299
0.4184271505547498
0.41842211456662537
0.41842736898210325
0.41843451387134517
0.4184320671253408
0.4184182430198336
0.41841668427775913
0.41841780452956007
0.418424862247881
0.4184201865918997
0.4184337637699937
0.4184224178923936
0.4184145331320524
0.4184246826484168
0.41843701181341214
0.41842461076208853
0.41841349433957137
0.41840892438542815
0.4184211607276943
0.4184214787642247
0.41841715488134035
0.41842903567364736
0.41841176728611446
0.4184318281372678
0.4184272021815064
0.4184294816305741
0.41842687956503877
0.4184176601583294
0.41843269862904936
0.41841019690478704
0.4184200357191186
0.41840561751539873
0.41843809786205605
0.41842933470751986
0.41840978324658984
0.41842009041125827
0.41842766632605255
0.4184183445065206
0.4184261895411576
0.4184198980809117
0.41842074799631107
0.4184226415795606
0.4184291140233807
0.4184232817508751
0.4184171709871386
0.41842272180159873
0.4184234351696267
0.4184107274214823
0.4184388027612684
0.4184096465651228
0.41841762198490096
0.4184195858932668
0.41841076089377593
0.4184293616507153
0.4184194755429239
0.41841715671431867
0.4184274996139174
0.41842333832211587
0.41839931737573005
0.4184221821684493
0.4184257864312334
0.4184385407374648
0.41842152573458324
0.418422001616318
0.41842429292217637
0.4184322165302152
0.41840569742493683
0.41841092828097337
0.4184185420687175
0.41841245647982406
0.4184269621542437
0.41841629614101256
0.4184172957284299
0.4184106967635669
0.4184236214033989
0.41842133928683034
0.41841130335451726
0.4184267238787254
0.41843022298815385
0.4184193475812517
0.4184221471971653
0.41842983974125836
0.418413993357089
0.4184174248260755
0.4184331673762932
0.41840916656835797
0.41842655387480865
0.41842451783020335
0.4184051116196233
0.41843304510239887
0.41841483109586736
0.418424146909156
0.4184300948885405
0.41841590737201384
0.4184291589234741
0.4184190564270256
0.4184184100094202
0.4184232966652755
0.4184123987288631
0.4184129311330218
0.4184180901863688
0.4184110622508566
0.41842097349970164
0.4184026713008863
0.4184236003201336
0.41842526847210876
0.4184182730139556
0.4184222964496362
0.4184401393948217
0.4184111854981982
0.4184207447405821
0.418421889992354
0.41842659650770847
0.41842530364789243
0.4184192655123673
0.41842371649569077
0.41841246755132405
0.4184220915085615
0.41840774494859634
0.4184134946923346
0.4184138171502036
0.41843343787686926
0.41842637961880436
0.41841374999787284
0.41843043467320384
0.41841385712565077
0.4184204463142135
0.4184148198153154
0.4184099182404889
0.41841652300648513
0.4184151646103547
0.4184207495343473
0.41841705761924997
0.4184154640253327
0.41841317515114024
0.4184184753854418
0.41842297413340385
0.4184300388352966
0.41841564818392224
0.4184134276809068
0.4184139866040249
0.4184261033258828
0.418438780797207
0.41843515918855245
0.4184184798255757
0.41842577777641954
0.4184237713270371
0.4184272174965712
0.41843311898576874
0.41841563139502325
0.41841429256592444
0.41841244772678904
0.4184192278026685
0.41841969235249155
0.418422066378423
0.4184238957876253
0.41842306718614947
0.4184090479560211
0.4184176793680412
0.4184226220571551
0.4184199478963534
0.41841697087697305
0.4184215931538183
0.4184199090496949
0.4184287681812796
0.41842695939053864
0.4184195967467752
0.41841574106356966
0.41841165139835274
0.418428806819934
0.41842361061822847
0.41842706563907867
0.41841489445210645
0.41842037212308314
0.4184227421137559
0.4184213995240988
0.4184203294827912
0.4184250136096708
0.4184324931508005
0.41841972079622936
0.4184222931671486
0.4184235181972407
0.41842022891668923
0.41842824910481013
0.41841445169432157
0.4184122051618752
0.41842434608982937
0.41842057896504603
0.4184270870493072
0.4184169150841128
0.41842348119935613
0.41842159216723623
0.4184237827771061
0.4184114290590169
0.4184267844576725
0.41842782479988366
0.41842496792662603
0.418417520403446
0.4184194197906437
0.41842649282386635
0.41842106419252995
0.4184226620401234
0.4184235696176136
0.41841729629890734
0.4184262588204606
0.41842199465089713
0.41842301093132694
0.4184155029642119
0.4184199760719471
0.4184265618797912
0.41843004349179647
0.41842580412833297
0.4184213781380107
0.4184138320229911
0.4184240598208748
0.4184235377715371
0.4184214892618209
0.41841870956222876
0.4184229476153046
0.4184190260868361
0.4184204358215082
0.41842404766449853
0.418422122774793
0.41842627273797733
0.41842193928900906
0.4184200665378821
0.41841986174263157
0.4184229866082215
0.4184209306457791
0.4184223629872497
0.4184213051997038
0.4184232273904567
0.41842566107910517
0.4184193670435465
0.41842342299526897
0.4184193078424911
0.4184194087420325
0.4184252023719155
0.4184172750390785
0.4184249051491275
0.41842256177393244
0.418420412408364
0.41842126506650185
0.4184234520725944
0.4184180495763836
0.41842110280392947
0.4184145192591713
0.4184186344922672
0.4184182517926652
0.41842048557790906
0.4184215260779194
0.4184193347539058
0.41842470887891703
0.41841958138326846
0.4184255093106427
0.41842134046343626
0.4184266711410454
0.418417635188041
0.41841689001170224
0.418418523416581
0.41842158700758836
0.41841596843630313
0.41842375555406286
0.41841836691390216
0.41842188537365366
0.4184232109124402
0.41842213047378607
0.4184213839801979
0.4184175548702916
0.4184214155704309
0.41842036641914493
0.4184218583140301
0.4184185923755811
0.4184202583694816
0.4184251269135401
0.4184218224070123
0.4184204258190867
0.4184217226322141
0.4184202391502625
0.41842168689164544
0.41842332216704653
0.4184207276046647
0.4184206748920455
0.41842083077571185
0.4184228168255917
0.41842189805768976
0.4184212196889721
