0.14004287911829905
0.0996309019759935
0.08059877660261971
0.06976757484994989
0.0627194307787966
0.05747148167610882
0.053147181517629136
0.049710105409271475
0.046561246616585165
0.04329242748620503
0.04178189561636485
0.04059706980091778
0.03836786994061522
0.03739967882421231
0.035735818773471165
0.03479274247879236
0.03365729624294386
0.03271928724347686
0.031065174495235257
0.030918512674406356
0.029902807478453596
0.029720421935982223
0.02892603559654797
0.028280685464840034
0.028312555074780518
0.02714513343773727
0.02678564426829789
0.025678637391357572
0.0259433040918564
0.025185058970817038
0.024903237456338184
0.02425969986417497
0.023913586619110007
0.023383549181356916
0.023716028668517963
0.02304471644270891
0.022710033104858612
0.02213542496794983
0.021969487745559624
0.021525367375633014
0.021216697349336823
0.020895952603027765
0.02086589095666546
0.02039979046596772
0.02047573489943561
0.01997459033390932
0.019724056208991078
0.019697675829220766
0.019435845324083732
0.019334129938139884
0.018802359956406067
0.019215048571215598
0.018921899787583935
0.018589222815558998
0.018407637606204823
0.01799988945559717
0.01794180886174011
0.017952366902899003
0.017526578528280008
0.01783401914981718
0.01721628459601982
0.017303298568516274
0.01720142959876752
0.01707627467923932
0.016729988011757218
0.01676274279160468
0.01644702995816237
0.016485860723696323
0.016188355029142704
0.016034952695326465
0.016193619336040643
0.015877448331162523
0.015754728326521052
0.01569291831530022
0.015428968940760488
0.015614101352310424
0.015379097088572399
0.015280016257452778
0.015113012625345097
0.014996115821262333
0.014742420077528877
0.015065646335283735
0.014691712335688271
0.014713108480309663
0.01462231868583852
0.014438848398854292
0.014351539741475156
0.01424693165459877
0.01428594177943713
0.01414042826339051
0.01405902613825758
0.013950135401531422
0.013806493985646614
0.013621023718643196
0.013646780312917635
0.01376442972477992
0.013444874699954517
0.013336520957965687
0.013348798310879739
0.013385169839677292
0.013286441442971052
0.013000859243673307
0.013054786435824724
0.01294344330934388
0.012918052944607003
0.01286194061761447
0.012765036306006766
0.012747005516134231
0.012627958122901588
0.012487089655475762
0.012498157449272483
0.012388231700733478
0.012434932043435386
0.01234964173426935
0.012403738891250512
0.012212060532859588
0.012166432902372818
0.012170665169143478
0.012143893897183872
0.01200651086094425
0.01193176117842439
0.012036118777643977
0.011783221880463017
0.011884643073549063
0.011769824799795684
0.011713853120495683
0.011499661511105127
0.011617913114781286
0.011506029949190321
0.011317093019399092
0.011503486115272655
0.011423184581138418
0.011395921422673854
0.011352355197933438
0.011195907866866051
0.011153521234546673
0.011145520654802812
0.011032666287824277
0.011023466260460238
0.010919412591243042
0.011023539290850985
0.010986982790885702
0.010741519008194936
0.010796191576571931
0.010733489506738504
0.01079421200100393
0.01070350332315733
0.010648036515488792
0.010608904825981706
0.010473997393035802
0.010473057311144809
0.010451735223255744
0.010486853077030118
0.010446258053075433
0.010342491106288525
0.01041109187820046
0.010303324135592087
0.01031948688432667
0.010082913299719765
0.010063353665359754
0.0101471930685702
0.01011393173960967
0.010039341709007811
0.010076490557933492
0.009920160414858768
0.009924920096924588
0.009953503396115237
0.009841866173356048
0.009708704293778571
0.009918801282922088
0.00985335051768135
0.009827403344331171
0.00956270306667884
0.009544958703348774
0.00957547702340017
0.009649121540411656
0.009412394687903428
0.009571966924085098
0.009564943181108529
0.00933594286188178
0.009427239685921174
0.009331713114353967
0.009344655757912124
0.009248584989498024
0.009293465545908729
0.009274853023877256
0.009305082240507094
0.009100947475716884
0.009125971822977495
0.009156964334985364
0.00916190117453292
0.008954895545832196
0.009122227844781072
0.008904506785216515
0.008928042507656457
0.008977155747200257
0.00888586542773974
0.008920206126410372
0.008890781482494933
0.008894503457349637
0.008860191955081805
0.00871918391025422
0.008770605945281505
0.008787899584298422
0.008756251059612023
0.008741505390052643
0.008709076704876468
0.008701617176585293
0.008608792000102684
0.008613322160539444
0.00862848415484518
0.008489741366662456
0.008502244593516834
0.008557074157806594
0.008430338807963218
0.008396745612197958
0.008459551117958928
0.008342066826842071
0.008298870142435135
0.008333612896098241
0.00839890686491576
0.008324819559554641
0.008239741709478986
0.008278384009146279
0.008117167996766643
0.00827075103894135
0.008184311229535916
0.008131073441533845
0.008194862563014906
0.008092461175819984
0.008035952803375102
0.008023755045140846
0.008132691474063666
0.008113724580561433
0.007895339082953808
0.007859323981801494
0.007921963735376179
0.007843828126862084
0.007838943452025125
0.007880142950598464
0.007759122128185377
0.007748223529807576
0.00789784306232703
0.007794394410748268
0.007874902373276618
0.007753916341250516
0.007765808049397222
0.00776729627599426
0.007705924114354046
0.007677630039020248
0.007516711693593756
0.007657996815195198
0.0076297786412694866
0.007544287922849649
0.007468359976270335
0.00754651728599634
0.00757187721901648
0.007480554497744848
0.007580331391470516
0.007473339056966546
0.0074827572834613035
0.007460241697873162
0.007409583671552905
0.007445014265538566
0.007337976553879698
0.007432252250759771
0.007366957377478597
0.007287479757699171
0.007315848460401868
0.007359760029092329
0.007248046562253001
0.007254911705720977
0.007219411416051773
0.007237548061200097
0.007222673033486482
0.007156887258660062
0.00720508627802381
0.007215246458097454
0.007146058709253087
0.007092770166418896
0.007036513314940386
0.007036248371198084
0.0069929336161933
0.0070529478600933945
0.007033907675807319
0.007042670526508553
0.006974573696441323
0.0069031304938654845
0.0068882217401508685
0.006875995876328838
0.006950460138163478
0.006853543454418314
0.006950396278753271
0.006900126670335758
0.006819278425844496
0.006880346354321901
0.006895791114556309
0.006771620780261396
0.006862024814951371
0.006777202394039215
0.006791758834683997
0.0066802674895013615
0.006798386520075365
0.006645416792197289
0.006690379745594834
0.006598071112952765
0.006659923872000976
0.006637877410578969
0.006702606473299714
0.006672649436218979
0.00660851360253665
0.006570786291121591
0.006444654417676073
0.006589209074508993
0.006547586653369043
0.006547618757606822
0.0064432989982842765
0.0065693289884601715
0.006511203647843913
0.006431576146884537
0.006476123476319449
0.006454262203132577
0.006450476123856127
0.006390173248619787
0.00637903304228354
0.0064357098636055
0.006319056256453158
0.006287807901255888
0.006352769813630671
0.00628652980027798
0.006321900595890492
0.006257306667989229
0.006337141158359956
0.00630826997693228
0.006161131486738087
0.006135528264694099
0.006173967730981211
0.0061821058155147515
0.006146273333070168
0.006191449370392904
0.006119354378832106
0.006139945767923057
0.006109577507211036
0.006096566271966394
0.006214024502820796
0.006144394199782893
0.006096847646052998
0.00608548427268985
0.006079599187465635
0.006025317519468735
0.006024578162053202
0.006061499544199764
0.006054397575111966
0.006029690696633984
0.005977170842416775
0.005919201217126821
0.005911749820996349
0.005989661374840914
0.00593458071683639
0.005881110124450728
0.0058480187279544805
0.005836728397749582
0.005842336435669903
0.005832564516674758
0.005810291239232011
0.005816928258442099
0.005797027363206758
0.005812729844059523
0.005828773156295178
0.0057997798095426045
0.005739494631238512
0.005761667263409547
0.005734131835699083
0.0056676576375867095
0.005683759571792387
0.005709168564876997
0.0057068522587048
0.0057177786593623535
0.00563934243344663
0.005620140204386785
0.005631029283026069
0.005581343353245968
0.005679828849331069
0.005647165162607655
0.0056995944170404825
0.0056094655985179254
0.005590156530567592
0.0055312061004326625
0.005571643292746192
0.005542631726680202
0.005551361937275616
0.0055056002558308195
0.005471980780867729
0.005458457720544163
0.005465280842439861
0.005462342505264482
0.005471232086154346
0.0053673609011314575
0.005514056811331113
0.00545225464530396
0.005424198594903091
0.0054131512770097924
0.005459340628570884
0.005386845493945435
0.00538038748734002
0.005351681018543392
0.005403514516845681
0.005345089568275963
0.0053851506668224705
0.005301802612048153
0.0053397025856178944
0.00524182952532317
0.005286773952181459
0.0053330996593520495
0.005295480174163007
0.005314635695608497
0.005226007132728552
0.005243862153399275
0.005263331965253877
0.005219075018994256
0.005206530217872042
0.005184696848458608
0.00513630476185802
0.005242807200174807
0.005110285914167963
0.005172333310978397
0.005186640883295217
0.00513802559355851
0.0050670279492471045
0.005188720869762367
0.005101382454630571
0.00505096586520511
0.005020640381565531
0.005097068771425614
0.005056129911237452
0.0050178498514611815
0.005000795280582799
0.005005268088227508
0.005002771193180624
0.005100924172848157
0.0050473096354836855
0.00498536651964438
0.004972556447065291
0.005005433331161764
0.004953248214587966
0.004974284366392813
0.004924334192415329
0.004892013688345673
0.004871739678343643
0.004888649948442701
0.004929045012751152
0.004882394830921746
0.004816424724151511
0.00486879913325568
0.004868078550546972
0.00482289253237648
0.00481300218119197
0.004812866029030605
0.004770916517812266
0.004761972400143715
0.0047925637815646495
0.00478668552909934
0.004745103015224568
0.004792209964028725
0.004776540202765048
0.004711935310298123
0.0047111077836917105
0.004676840127307419
0.004812539885273139
0.004718349220516448
0.004708815785352817
0.004678080518818038
0.004790397035590793
0.00460309336565729
0.004679364250555575
0.004636317608290093
0.004699882130830208
0.004626832296189254
0.004640364632480006
0.004594067985049945
0.004623889995580048
0.00458852131309728
0.004616807877371794
0.004519282451978765
0.0045224521356699385
0.0045830229027411405
0.00452053220636793
0.0044987682077328025
0.004510911184603053
0.004476616741629485
0.00447501221266665
0.004502101419140995
0.004505958644357178
0.004454438910396656
0.004501537608798399
0.004534950178170026
0.004454000125268085
0.00444194302974639
0.0044046134893916495
0.00441575483724613
0.004386440675308039
0.004420735654249507
0.0044136465566402576
0.004442840986540748
0.00438136169940883
0.004395539730756572
0.004373941312210776
0.004369762507440345
0.004343758560179961
0.0043141631555033855
0.004348760004776625
0.004289153594371737
0.004299654247540743
0.004294804525482651
0.004277552383584185
0.004285697821430301
0.004280612911608973
0.00428265929960287
0.004254922248580851
0.004203616993741508
0.004247566987559373
0.004191847391885474
0.004216560596866857
0.004167621848794225
0.004241932335749327
0.004245555920569599
0.004131566236386544
0.004150890438030874
0.004173135409739726
0.004141221943765245
0.004162775886225227
0.004175208484088946
0.004151832279890214
0.004113929444595526
0.004126830293506806
0.004122198039328444
0.00411422095089211
0.004087940971237285
0.004071538666522214
0.004114414281698191
0.0040542344416749625
0.004086669016240915
0.004033632145504692
0.004066139297696801
0.003984024457602665
0.004049269854079357
0.004073973839960235
0.0040195192814721755
0.0040505396141082665
0.00401280388300638
0.004027641295661142
0.003970495590806926
0.004027186287122951
0.003964638294656952
0.003995045088330284
0.003977852200986046
0.003954617456071293
0.003972673808679087
0.003923268472468944
0.003958451670404482
0.0039002853997938992
0.003933153847227862
0.0039017152545758388
0.0038843530774936613
0.0039165496651922685
0.003875347104758059
0.0038474593586654508
0.0037888224194717207
0.0038747243651277045
0.0038592350506627747
0.0038339820341468525
0.003824532118109649
0.0037846872608140385
0.003819376792539729
0.003853144479554634
0.0038093259508418516
0.0038059388001296427
0.0037978782864083824
0.003765532028436138
0.003763341366120708
0.00375493965850737
0.0037378421672605642
0.003768874316513171
0.0037353227583354974
0.003741899289880812
0.0036726590204779904
0.0037123191159854716
0.0036997232376074223
0.003677204050107977
0.0036365837404175195
0.003676353373884614
0.003698020260162813
0.003691945803280826
0.003634725880917323
0.0036438954066504393
0.0036663763818018348
0.003657898131853191
0.0035867213870565775
0.003586751752287921
0.0036197906730519184
0.0036438496765328673
0.003564720921364317
0.003556965349447995
0.0035952927170724005
0.003610456513692158
0.0035702983434168245
0.003552169342948846
0.0035293772331390387
0.003567934448442797
0.0035485892907625486
0.0035410689861532607
0.0034964856851088465
0.0035228194928311127
0.0035049554961119273
0.003515961492924143
0.003514257708314869
0.003537016714482923
0.0035043442923274677
0.003500460453950383
0.003486104670140273
0.003446991162751676
0.003410876408513096
0.003457657160989332
0.003464141001004338
0.003424395945345723
0.0034521561785059397
0.003433450657657394
0.0034133591788596553
0.0034100547765868387
0.003394615846256325
0.0033801085044446364
0.0034114523662971655
0.0033632372530565035
0.0033823457949198658
0.0033574051590894564
0.003360996015081836
0.003363870944173167
0.003336579965586193
0.003352509683952463
0.0033475254529198306
0.003335287726261997
0.003296551635678375
0.0033003980946933287
0.0032509603283807456
0.003270634737465068
0.0032959185722622303
0.0032636179480878386
0.003288941237659447
0.003281299941668469
0.0032876401897398537
0.0032372391982136584
0.0032218819648285545
0.0031998371503406753
0.003213771819701077
0.003193451356408767
0.003220907494875159
0.003195231942610268
0.0031825960643464485
0.003176526278596117
0.003183091548679577
0.0031310970320308287
0.003177805408409806
0.0031611939207305405
0.003143907740260105
0.0031495161776057467
0.003149226162420557
0.0031238968016014937
0.003090797586714348
0.0031494224454445023
0.0030584405572750702
0.0030732901870823316
0.003114097988602746
0.0030698385720174604
0.0031084815624724043
0.0030432805324281096
0.003040253296847028
0.0030731677953698485
0.0030613469359541713
0.0030675341309272133
0.0030535693907720284
0.0030320791157435285
0.0030218212681734605
0.003046932145827638
0.00296540367213904
0.0029446384387886585
0.0029845629714584238
0.0030175591495671746
0.0029899419301529363
0.0029303042479180003
0.002962393272761125
0.002989230655862589
0.002958139731049546
0.002954521948873735
0.002953735442221909
0.0029115880885100614
0.0029225021994654134
0.002918873213001436
0.0028929352121933078
0.0029270489985861107
0.0029039614411292625
0.0028917643707325018
0.002888995752756025
0.002886549633666245
0.0028461591220493025
0.0028566201991555807
0.0028760392462461523
0.0028636412305738965
0.00286134092396051
0.0028300949835647084
0.002853071030963938
0.0028436516148300246
0.0028467428725293085
0.0028058301074859967
0.002810954178066269
0.002775487237603644
0.0027771330140150467
0.00279040638835516
0.0027599037516383373
0.0027493600055095773
0.0027583751472181534
0.0027875136148309086
0.002758694478341714
0.0027297822913511694
0.002729039895893424
0.0027143881466750834
0.002727892782440449
0.002725559583455177
0.0026707866782920333
0.0026968965065634503
0.0027176999071555318
0.0026851737946657988
0.002680911028835371
0.002672794531079594
0.0026352868046408914
0.002678872481241452
0.002642840394641314
0.002660459958426729
0.002660923107218958
0.0026326335600816097
0.0026391052626082703
0.0026582045269938808
0.002594404353110712
0.0025632614775110223
0.0026191214108856327
0.002595365911813378
0.0025882703268504323
0.00258894648852607
0.0025721165224030693
0.002568981882281919
0.002528434363107392
0.0025281278316119983
0.0025494327346969677
0.002565557170927928
0.0025500324906764416
0.002506950819449697
0.002536519565716763
0.0025488283436067337
0.002489188667172632
0.0024827831968608884
0.0024808776527242985
0.0025089029065189137
0.002481321982846744
0.002446269754489361
0.002449430699940365
0.0025002242906780547
0.002419998671749577
0.0024632944618247217
0.002468915709398395
0.0024570398119962383
0.0024012214819585497
0.00239717122174313
0.002413358406623964
0.002413916472184194
0.0023925052152316603
0.002372849276961653
0.0023572360201351383
0.0023839560405261697
0.00238092417295821
0.0023621723727827453
0.0023519072900449432
0.0023605819630698344
0.002318049032494122
0.0023288306366918625
0.002333039342108889
0.0023178406086927354
0.002314135923513002
0.0022930848411810297
0.002280826426279115
0.002308364025270685
0.0023020596134339997
0.0022585409648196355
0.0022982718272948743
0.0022575563431511017
0.002247530200109898
0.0022520632071012267
0.002269441519786945
0.0022153218885199917
0.0022240809645432515
0.0022222092364385937
0.0022015664259606746
0.002181294696916035
0.002164118219919261
0.002161471917709776
0.0021623139220751735
0.002172708331665125
0.0021531682248523776
0.002139227231629841
0.0021713077874122833
0.002176714170022742
0.0021376257034778144
0.002141728656679739
0.00215730704253839
0.002157408782793841
0.0021189552887293252
0.0021285888971337053
0.002132017042914228
0.002095167674736488
0.002113573345566415
0.0020809285137358014
0.002080028145333873
0.0020793547185369104
0.0020885552707296303
0.0020281476888707405
0.0020286463920680016
0.002035408210416747
0.002013629554634066
0.0020333412581669177
0.0020230627451020525
0.0020274450653340573
0.0020244463658526447
0.0020037302045834452
0.002004187414369269
0.001997845892449043
0.0019748757945438206
0.001966978252179841
0.001950728655307697
0.0019647566656232273
0.0019847901397249223
0.0019342048138008326
0.0019211930673155265
0.0019419297467695592
0.0019237443967026955
0.0019034926853193253
0.0019134824745655544
0.0019011634701613875
0.0019041581634522175
0.001892480192543968
0.0018753322995697127
0.0018765119997391727
0.0018427377583512458
0.0018285458973441543
0.0018680425007466651
0.001839505657862328
0.0018271793928575286
0.001820971379935816
0.0018128672755782838
0.0018141345260736096
0.001815174768158583
0.0017927073134633227
0.0018107965115491808
0.0017686357614965732
0.0017886957769682346
0.0017902409419914673
0.0017620999185775578
0.0017289317718276107
0.001740123657973298
0.001734355873780581
0.001720793451203394
0.0017236332448562473
0.0017031226255472508
0.0017069314592502785
0.0016912542545493411
0.0016839076461790375
0.0016821741998116414
0.001659616972662007
0.0016663897769052087
0.0016456033078631862
0.0016597923810002901
0.0016480182731528079
0.0016343562598830088
0.0016273833684074049
0.0016213662712243517
0.0016142925708571565
0.001622258522056554
0.001592021167802694
0.001604726848770667
0.001588234949737375
0.0015670200769339385
0.0015526438874263668
0.0015414697015887456
0.0015356875656491475
0.0015369569328479383
0.001533949320576211
0.0015246468293671246
0.0015014282452471312
0.001509959200193072
0.0015080086144638387
0.0014957584789997253
0.0014724391036365512
0.0014825763312982575
0.001469238415790584
0.0014567728029065917
0.0014564764438130347
0.0014436257656478082
0.001447516515976275
0.001414041232233297
0.0014116034158262775
0.0014303018649997
0.0013889465364239858
0.0013939659370115756
0.001373696947725858
0.0013661521491557288
0.0013532988954842113
0.001351170519239727
0.0013440623866040119
0.0013502620945550516
0.0013536479968945777
0.0013137159035355088
0.0013148422176732352
0.0013076867528626598
0.0012984961827751465
0.0013003429989404758
0.00128075807392381
0.001278653310026151
0.0012608988742024588
0.001263263423915813
0.001235852367060544
0.0012209879851904876
0.001223678659261364
0.001221073008393375
0.001205464029647568
0.001180745803940339
0.0011862147294444529
0.0011883261692179252
0.0011690042232493155
0.0011662240669379769
0.0011433771797640436
0.0011358211550887296
0.0011219907206290525
0.0011165037289263546
0.0010916247102365768
0.0011065853693908593
0.0010932212443179204
0.0010666584179514719
0.0010638544129423701
0.0010622230390703673
0.0010361731192484599
0.0010408676422226776
0.0010256623859151851
0.0010213104005705573
0.000999944172608237
0.0010004630340141635
0.000985595112707736
0.0009758092448524339
0.0009620203040349462
0.0009415293093202565
0.0009408218128744145
0.0009215640506628575
0.0009177034519145752
0.000908832376308768
0.0008894450653284885
0.0008863286183498834
0.0008643943220106945
0.0008459125520805682
0.000846868260820366
0.0008338969095947297
0.0008148507580741001
0.0008010329968491165
0.0007955578144555125
0.0007731760644375256
0.0007699526900995939
0.0007526431065975709
0.0007352557830292977
0.0007269412645063712
0.0007073868226837237
0.0006925398391690289
0.0006777760346138131
0.0006558039611394851
0.0006488479592542647
0.0006243143964013733
0.0006028737005928976
0.0005976250861061713
0.0005785243272242187
0.0005565489786043725
0.0005497860803771735
0.0005246235170015688
0.0005119807023683311
0.0004908180366045993
0.00046602399986493773
0.0004535059547020617
0.0004233494231928437
0.0004016714001795353
0.00037389964060739603
0.0003417615933773924
0.00031428156096131475
0.00028159385717747783
0.00023960220820343244
0.00019517974484160446
0.00013891249372587666
9.16253549230874e-17
