0.015176565652917688
0.010547317767268576
0.008579071333057953
0.007466929796042014
0.00669748610008842
0.006139069983800443
0.005550568005990711
0.0053053262279536785
0.00494943012836411
0.004636175081478659
0.004490432680622297
0.004306944809901753
0.004119892360782323
0.003960440624680192
0.003860466439806518
0.0037437720354513916
0.00361113321986071
0.0035088859640751507
0.003411727903094371
0.0032695330587709445
0.00322607457652254
0.0032113246475323526
0.003068200627796476
0.0030258150305406514
0.0029699224714526767
0.002910245540826255
0.0028327684818253117
0.002805241057499557
0.0027767919740464522
0.00269384240436761
0.002642391121521733
0.0026532400213563154
0.0025540655321079947
0.0025501005633674304
0.002509353657211892
0.002479088304890081
0.002419132970913068
0.0024052453587267023
0.0023658902211242997
0.0023381763443583435
0.0022844160696371242
0.0022791227017511886
0.0022236777332223655
0.0022164127236252735
0.0021861910658085237
0.0021805450185650504
0.002109969244187684
0.0021045847227238092
0.002107594124192492
0.0020917125226095003
0.002035478296561859
0.0020298413868234523
0.00197654268948032
0.001983812344988533
0.001963452635516355
0.0019513145680747964
0.0019196373657236639
0.0019128274556860342
0.0019049712020327296
0.0018735067382949961
0.0018516437657602265
0.00182561328216702
0.0018259066395180997
0.001822325911667579
0.0018050902808901034
0.0017758809826617934
0.0017747680940845263
0.0017380434493204653
0.0017360673461407604
0.0017306262202018855
0.0017402249658727644
0.0016958125633338872
0.001689994051512875
0.0016724294042230771
0.0016574108061381896
0.0016707251934694278
0.0016424958941483002
0.0016208548996623816
0.0016389380719805076
0.0016038571376304194
0.0016155438198309515
0.0015827864256844132
0.0015786591748109457
0.0015612999685101626
0.0015408938876365157
0.001568771158829715
0.0015446857955561638
0.0015459674208307909
0.0015012355316589448
0.0015144400128138877
0.0015067574416509858
0.0014857370924013659
0.0014775541929955354
0.0014798784817606474
0.0014589990792763605
0.0014551560873729353
0.0014555587306269906
0.0014352658130577752
0.0014370693258453698
0.0014188881825431619
0.0014213831811320048
0.0014187769982105104
0.0013825150817343673
0.0013840249443987508
0.0013771696135165602
0.0013878713496972128
0.0013715207288325247
0.0013872679725174233
0.0013561980103811784
0.0013474212901858084
0.0013370562090934492
0.0013413915534883803
0.0013389588366815475
0.0013276345440491812
0.0013184259491308959
0.0013199761809441599
0.001293706253445078
0.0013073984219082605
0.001279998470729536
0.0012822643060074468
0.0012795024205147366
0.0012735261490352035
0.0012826346548093798
0.0012508629140329645
0.0012522890026433937
0.0012433814978378066
0.0012506159020705774
0.0012551568700158956
0.0012336020661722611
0.0012205299084881577
0.0012202169044227803
0.0012220935015221591
0.0012051153719640326
0.0011960989477268512
0.001191372439061872
0.0011955965192657115
0.0012056558315559002
0.0011872899955002174
0.0011848789862355428
0.001162627501385131
0.0011646222472108292
0.0011629967196330755
0.0011506373210960605
0.001150881736060448
0.0011349702714482724
0.0011537085840266292
0.0011431107158468147
0.0011356048370633797
0.0011176346297937679
0.0011281045682627138
0.0011385789237139856
0.0011271200597930766
0.0011157577494643161
0.0011036949949426117
0.0011021547440619463
0.0010988587332487751
0.0010996928777097655
0.0010929877973142503
0.0010888613291829704
0.0010975978356087982
0.0010932987917355765
0.0010626566329971277
0.0010756506227218045
0.001072370745661067
0.0010634037255032726
0.001074085750712599
0.0010575695040315528
0.0010605728895717915
0.001058341137366981
0.0010543769399077973
0.001039163821304026
0.0010444953821504735
0.001034563642762501
0.0010354281929082882
0.0010252887991503358
0.001033497959940991
0.0010307615078596747
0.0010332897682933345
0.0010195934781349763
0.0010146346413294736
0.0010169022512126554
0.0009989070338794542
0.001001699767559098
0.0010065774110298022
0.0009978000776861033
0.000982946236922522
0.000986031678865327
0.0009814001920241074
0.0009704855003272359
0.00098214372116971
0.0009709036849399459
0.0009811049330167344
0.0009640709259349211
0.0009759850346517699
0.0009567674787149213
0.0009570387627671877
0.0009577552078932111
0.0009534984817360138
0.000955283299738665
0.0009456504831268029
0.0009489109146243556
0.0009439927311350455
0.0009484888330828267
0.0009348709823200783
0.000928262865255359
0.0009386828462372883
0.0009266163748408292
0.0009375263813138142
0.0009235148219800368
0.0009143142652212856
0.0009159891275420092
0.0009137105064270841
0.0008999997411606877
0.0009171449322407727
0.0009017488870107551
0.0009039702015473901
0.0008999267243430697
0.0009147964731303888
0.0009005446036960855
0.0009036866536228361
0.0008926454889817385
0.0008763290396971087
0.0009037509144064187
0.0008975996176943975
0.0008888404482200175
0.0008851458911154583
0.0008734548239175835
0.0008766795513137598
0.0008686984899968797
0.0008669010225503931
0.0008648554407993901
0.0008643835605738385
0.0008609465037410167
0.0008693662395260682
0.000856426072918749
0.0008582354131294276
0.0008395842419652892
0.0008477111143480312
0.0008477164039895428
0.0008565752561902652
0.0008458465926005955
0.0008485964946026866
0.0008322623000317508
0.0008369757729992381
0.0008240135205764005
0.000833619092784404
0.0008385229593578539
0.0008282239634240889
0.0008169861563431894
0.000830117314774974
0.0008222917937592339
0.0008221345722310659
0.0008208361756401355
0.0008086392702937219
0.0008077221663177387
0.0008138428088093865
0.0008118482342417213
0.0008042239851978445
0.0007989104825308244
0.0008040827831935235
0.0008011275937936553
0.0007995344668882469
0.0007916695657677228
0.0007979913112846734
0.0007848748926229907
0.0007905146516234418
0.000775813922565592
0.000788989159178496
0.0007756602219220678
0.000778734581737233
0.0007781299927855082
0.0007702868129367948
0.0007766831970825553
0.0007700066744061916
0.0007764007051049291
0.0007641009561070635
0.0007685206151718702
0.0007562716703483717
0.0007594708952823289
0.0007626951145228182
0.0007648941050115285
0.0007652770443442033
0.0007400114377514079
0.0007653761827268453
0.000754716845264875
0.0007448594179173475
0.0007507105286367666
0.0007472060661853564
0.0007440156059107571
0.0007402064756622859
0.0007426046333481374
0.0007439620021764975
0.0007340725765604743
0.0007290997416642092
0.0007365419893143682
0.000743032633193306
0.0007277642312003912
0.0007239226871783042
0.0007303510767047934
0.0007251766224206854
0.000713579090435249
0.0007231667700600228
0.0007228436864279614
0.0007154812667968061
0.0007165293154268837
0.0007151483532308189
0.0007150598365457671
0.0007196298374156023
0.0007122944710912084
0.0007079824941945333
0.000700801384858896
0.0007078227623368217
0.0007031621157198169
0.0007121582089012361
0.0007000302426533755
0.0007060416438808824
0.0007062156588055537
0.0006935116254972069
0.0006980170030924221
0.0006917559671060045
0.000690551186133523
0.0006855380485896063
0.0006840529166972243
0.0006781611937569255
0.0006850729902714662
0.000683986298900387
0.0006871532057443967
0.0006863992236129855
0.0006799058602490796
0.000677746429848537
0.000672761990283426
0.0006774730306843732
0.0006776378281389643
0.0006786788885039593
0.000672125319101093
0.000663320962481487
0.0006639029631388622
0.0006657680130266584
0.0006570255399914052
0.0006650833722511903
0.0006602330506217333
0.0006638636286485809
0.0006625736629681841
0.0006561805977481785
0.0006515950866868815
0.0006512296402229425
0.0006532772383850002
0.0006496752126635108
0.0006507303476382778
0.000638454804245227
0.0006440568876602798
0.0006450939743733183
0.0006389641545121019
0.0006335701438977381
0.0006405102834512554
0.0006366363607165859
0.0006354729364597316
0.000638592868595723
0.000634940658135527
0.0006216725552135392
0.0006282453561947138
0.0006395667099666431
0.0006363891495327579
0.0006238309970676638
0.0006292683744055766
0.0006274056359892412
0.0006365059631207995
0.0006273327338927238
0.000619021677055252
0.0006203198976551702
0.0006148401377238758
0.0006092704493557622
0.0006198162300567147
0.0006157389430040773
0.0006104553875742473
0.0006149493843007513
0.0006179433691098355
0.0006078255221338303
0.0006098144990285298
0.0006009222602581033
0.0006067904187476075
0.0005994486382751993
0.0006074004833099613
0.0005953316424150354
0.0005943739071933853
0.0006018401073166623
0.0006004374622646192
0.0005997669965372395
0.0005911795531202016
0.0005971796273244814
0.0005941845316004156
0.0005942535379620958
0.0005894935483301921
0.0005867800825790784
0.0005851734526700207
0.0005926244763333062
0.000585420556983979
0.0005811471017316548
0.0005777464910922814
0.0005809155882510614
0.0005789218601318155
0.000574607706374072
0.0005742846159293152
0.0005728711901237789
0.0005719269848709374
0.0005643492301090477
0.0005643340190166523
0.0005764002626366583
0.0005687785942881503
0.0005653493898563098
0.0005670500711556422
0.0005605511628140274
0.0005641038813730634
0.0005696492743110623
0.0005611229648553805
0.000562027580314294
0.000558240367774617
0.0005615550557170333
0.0005634396702906379
0.0005633325114401302
0.0005579059326678439
0.0005551526358470542
0.0005458797492197048
0.0005553513856748352
0.0005545471858814638
0.0005485556999603403
0.0005603445983986095
0.0005556588571914743
0.0005458881874807242
0.0005430096361751022
0.0005478063279709854
0.0005470238874363956
0.0005479210106202844
0.0005346776207260777
0.0005401015394610329
0.0005431560405193827
0.000535766791723361
0.0005348840107039054
0.0005339729256380511
0.0005401643879450215
0.00053419176280723
0.0005392909894385307
0.0005320558117946592
0.0005386788781308391
0.0005332029489270925
0.0005290445655708113
0.0005261184866578205
0.0005322442488413381
0.0005216473292923731
0.0005228939892368798
0.0005235340007224075
0.0005203243504639113
0.000520072610897571
0.0005273434505573155
0.000512760311453801
0.000516481070501088
0.0005174039955135937
0.0005163647865765316
0.0005191203637451846
0.0005177049514579991
0.0005189657857548779
0.0005162109841712695
0.0005093064132404699
0.0005088444229441982
0.0005091794336485068
0.0005048106028693167
0.0005099123309846986
0.0005074597483373835
0.0005006142847177211
0.0005054600535014123
0.0005024643170526905
0.0005030372418570985
0.0005036421106327414
0.0004987856246672778
0.0004980199664381512
0.0004979631132910211
0.0005019349034944417
0.0004968578688168767
0.0004977272636774434
0.0004948247639394496
0.0004869687674970671
0.0004912617738711543
0.0004946561583504203
0.000495152388810927
0.0004918256155638269
0.00048758605058141165
0.0004863294139245591
0.00048566861554785436
0.00048362458107203385
0.00048138514650634544
0.00047784560691623023
0.0004791783000002292
0.00048798189296567153
0.00048297615006585826
0.000482271525471913
0.000481977550164294
0.0004718149284298552
0.00047661550795539585
0.0004742445509569016
0.0004783818642034557
0.0004737207225260871
0.00047139611377551116
0.00046915287878585254
0.0004704852154590404
0.0004654458163859656
0.00046555729351955004
0.0004685083929728131
0.0004629791955503811
0.0004665241469801591
0.0004694097743716426
0.000461330969742049
0.000464372111782425
0.00046068640586718234
0.0004654083638691765
0.00045945225321419614
0.00046266931385034136
0.0004577795827449191
0.000457524501626239
0.0004627585583776633
0.00044981643977493393
0.00045799324578586835
0.00045372638745929365
0.00045304489755776465
0.0004571903416346728
0.0004466278067940426
0.0004510699768844067
0.0004498785327767818
0.00045510780936547065
0.0004518543345376215
0.0004516595539040209
0.0004437339046291935
0.0004497550981312698
0.0004446363803070537
0.000441713196274829
0.00044358084982939837
0.00044464438940541206
0.00044748630209655185
0.0004400390187803565
0.00043432420706423906
0.0004357556590293076
0.0004326676915344597
0.0004336447066428922
0.00043331694780658457
0.000439621457015352
0.0004352554957564396
0.0004361176681218202
0.0004338450640064338
0.0004276504440170204
0.0004290653066021539
0.0004293389265054986
0.0004273251190892226
0.00042727256450904506
0.00042747596432081517
0.00042339806339173507
0.0004262705045285063
0.00042556819689108
0.0004277966576051663
0.00042172339010882273
0.0004257621947427857
0.0004222333110908325
0.00042021309127574706
0.0004198768425403143
0.0004164985824536605
0.00041855790278592925
0.0004128479352008838
0.0004186926707204962
0.0004160001858411536
0.0004177932286318537
0.0004117033877589489
0.00041315362507018835
0.0004071145885251924
0.0004079728358275765
0.0004067609772929234
0.0004089238387347753
0.00040339761951285573
0.0004072330161029311
0.0004068839967311247
0.000409636383319399
0.0004035077969772174
0.000403727337851459
0.00040991360984893527
0.0004049184810200077
0.00040350007999052456
0.0004030560819269395
0.0003982634371347323
0.0003982640287304094
0.00039244776750708976
0.0004029547328686148
0.00039562168055050687
0.0003969618178208589
0.0003913599169182487
0.00039521408824060684
0.00038850239628888055
0.0003935933224377041
0.00038664677611710807
0.00039585097746896753
0.0003868252269058618
0.00039332329957027554
0.0003891357237596244
0.0003935509024308987
0.0003885100796239683
0.00038828425530057514
0.0003854405852335827
0.00038075287501880355
0.0003832002902132049
0.00038329547663082115
0.00038349954197581176
0.0003852731290536407
0.0003838365415656016
0.00037973598256650106
0.0003826814249941796
0.000376816682415245
0.00037803476470510443
0.0003794323777258822
0.0003803111624192184
0.0003762041342298235
0.000373973960235155
0.0003677611918071764
0.0003687602587338198
0.00036913386784332114
0.00037133923185178375
0.00037113545614877205
0.0003710747179864891
0.0003683870229577333
0.00037216536464577444
0.00036544461396918005
0.0003636130606958737
0.0003658925920540154
0.000359541061355687
0.0003618461706737331
0.00036158428735917294
0.00036319324503373705
0.00036340094325795124
0.00036093327986096705
0.0003627130118986261
0.0003593584378628966
0.000362741435088418
0.0003598112441809643
0.00035600637320020736
0.00035204450710811226
0.00035470920643480196
0.00035242663900611303
0.0003544688131566516
0.0003554912982240411
0.00035166527936017874
0.00035130221537715925
0.00035183065289321326
0.00034889207167586805
0.00035232029080809867
0.000346047727139543
0.0003452114820012942
0.00034824058262356483
0.00034666410201058704
0.00034584641701588143
0.000346848230569507
0.0003463859076974
0.00034372356298176173
0.000342706730538845
0.00034397897285451363
0.0003434730462989039
0.000339043743672986
0.00034196875677880775
0.0003353835324693481
0.00034232215474232463
0.00033904239000704593
0.00033835918919985434
0.0003382366490944949
0.0003325618044623518
0.00033258801682890874
0.0003346355218944116
0.00033308906313144344
0.0003269884184878399
0.0003291620860047573
0.0003299275092499597
0.00032954367321301096
0.0003287523471328148
0.00032841033053680274
0.00032382743309701333
0.00031867204510818134
0.00032947521898862956
0.00032296340639260035
0.0003229143477509136
0.00032410286680976003
0.0003247101480955847
0.000324775901929322
0.0003216843809106432
0.00032431330627593653
0.0003173593327023563
0.00031581297727758563
0.0003179562000814394
0.00031783296642583247
0.00031806413632955963
0.00031471141727701726
0.0003169653563209835
0.0003126771846519432
0.00031556900726845594
0.0003143513797522991
0.0003120770399895624
0.0003122321578166927
0.00031018101610314565
0.0003121755778121757
0.0003109762760722171
0.0003079646190799641
0.0003095242279831512
0.0003067946124627768
0.0003052466685370497
0.00030311659395878935
0.0003027005351634788
0.0003084030216767293
0.00030519471155704235
0.00030017650860941
0.00030141019310051914
0.00029659758135128515
0.0003055240144179614
0.0003024764984835848
0.0002992111695656857
0.00029890454172210604
0.00029772411189819457
0.0002989132992561504
0.0002973509273889425
0.00029661405912295637
0.0002938226539578462
0.00029332984167594806
0.0002940928588646332
0.00028987175384692757
0.00029191736625023786
0.0002905850549921126
0.0002891965027566709
0.00028765667046627545
0.00028740096875002176
0.0002864543597821917
0.0002873220584151951
0.00028885654349258626
0.0002830483024753062
0.00028396958154507036
0.0002846040425094639
0.0002837251622321797
0.00028505850589073564
0.00027928021034449743
0.00027742030797422144
0.0002816980419225654
0.00028147558622133666
0.00027670407022755924
0.0002814550128903406
0.0002757550871067219
0.0002778482189828042
0.0002762821964299141
0.0002750430131996184
0.00027654147848642333
0.0002747307577104349
0.00027425726894692525
0.00027433430940109035
0.0002713644513884502
0.00027232209077611246
0.0002717653628706415
0.00026996049053837064
0.0002660185571946831
0.0002682244008172459
0.00026719212742868157
0.00027172748613696736
0.0002627952590458761
0.0002648308012137774
0.00026433502575615815
0.00026254286493814183
0.00026238255287797525
0.00026212004874583985
0.000261293557938887
0.0002591054386036501
0.00025843376296219106
0.0002615201841691952
0.0002573999812357449
0.0002621841307687543
0.0002577222225059052
0.0002555061352196299
0.00025882182227445345
0.0002545097596991299
0.0002561344946554422
0.00025175688243656767
0.0002565587593060389
0.0002559493590504002
0.0002498130819256151
0.0002515963963785487
0.00025063778137531255
0.00024860154521437776
0.00024781107822673067
0.00024894604622918237
0.00024755823466185564
0.00024691523211782215
0.00024522183141835897
0.00024461015219637457
0.00024618467936245815
0.00024296306029350726
0.00024266513752230925
0.00024281287999756624
0.0002392388699827711
0.00023997601760337677
0.0002388394648256286
0.00023780758485958967
0.00023813983521829777
0.00023893341503910775
0.0002349792879667556
0.00023745410775232077
0.00023553604179718412
0.0002337426972276655
0.00022938896260368163
0.00023215650825274563
0.00023033411409531477
0.00023188821699338222
0.0002305201995164123
0.00023252416858363716
0.00022868227922513573
0.00022956134403661133
0.00022730606999378552
0.00022720030933945766
0.00022529773872561167
0.0002259257356617416
0.00022189542664395777
0.0002209144550428053
0.00022469950493788667
0.00022351755569301684
0.000221268051520099
0.00022092769341872754
0.00022328353102653973
0.00022012781326868764
0.00021763887910061268
0.0002167998316921386
0.00022019953668971065
0.00021645339713853662
0.000215172779233248
0.00021374359962657682
0.00021393360720811013
0.00021397335447047267
0.00021213212886823072
0.00021254983314043254
0.00021049423508800503
0.00021079105359099335
0.00020849173759095936
0.00020605523870641042
0.00020696084134241857
0.000208500122126708
0.00020605337646644126
0.0002051928021586011
0.00020599168060406352
0.00020570268694875945
0.00020417036938429444
0.0002036069072758002
0.0002024766753402086
0.00020129614223234025
0.00019733380606218225
0.00019716304556049308
0.00019506365287629194
0.00019754571527311193
0.00019824330365587282
0.00019447349771450575
0.0001952408499455073
0.0001939419883446413
0.00019294868850843185
0.00019361937317213083
0.00019267387471014075
0.00019304491334780173
0.0001887554628537514
0.00019049025463983038
0.00018910285652813422
0.00018888536471188455
0.00018828786841740982
0.00018632802857353016
0.0001869291049178175
0.00018468686603677253
0.00018667180617806017
0.00018371897325284548
0.0001816155386871837
0.00018335024620383852
0.00018156061392001217
0.00018302754089112797
0.00017940003757519453
0.00017659069518462004
0.00017801245319032057
0.0001760269151597418
0.000177431314753817
0.00017509386308017948
0.00017595166561270366
0.0001734543496395447
0.00017323774664838954
0.0001723502754861939
0.00017011655293989867
0.00017139386360523034
0.00016748345845747373
0.0001668006852380932
0.0001678338161090773
0.0001678905882617998
0.0001652583834640749
0.00016265941115912273
0.0001633542811657278
0.00016383318230465596
0.00016141754036066956
0.00015979353359950508
0.00016042053440014703
0.00016094114142264102
0.00015882221541017183
0.00015894448791509052
0.00015653806745317497
0.00015732330441734074
0.00015602572090838123
0.0001560753182959034
0.00015284620807686248
0.00015350598329420733
0.00015198444669125392
0.0001516023661710223
0.00015224067839396437
0.00015091617380023057
0.00014914389439200812
0.00014947334045273085
0.00014748956529291493
0.00014406330885048755
0.00014490252421350933
0.0001428009405998746
0.00014184030171629332
0.00014097071250310749
0.00014237234604482803
0.00014046486982727702
0.0001393408416966939
0.00013834714146702238
0.000139132422312081
0.00013663065823406724
0.00013656862221619293
0.00013484288820764945
0.0001336548606145883
0.00013134199237053914
0.00013144239743116998
0.00012927111208628202
0.00012991961046405462
0.00012737450298583707
0.00012754862680690145
0.0001262955337550338
0.00012500638465568406
0.0001247265014125801
0.00012366875235616333
0.00012228803747061973
0.00012173659193628459
0.00011983053965579658
0.00011945518556894781
0.00011767830717613412
0.0001169960355558119
0.00011570995213287371
0.00011399080665431282
0.00011227003314987193
0.00011133899190396338
0.00011167276978469834
0.00010984370630572777
0.00010945288084264148
0.00010878823951806633
0.00010627224716167242
0.00010590257633703985
0.00010546818544224664
0.0001038979781206297
0.00010262306535971305
0.0001013034073429182
9.926184312783061e-05
9.857503179163973e-05
9.570752789780236e-05
9.645808376119723e-05
9.459917148263817e-05
9.278326390201624e-05
9.27403568974156e-05
8.95923283103519e-05
8.971883684734931e-05
8.786390776647627e-05
8.583558687478361e-05
8.543896981576e-05
8.434849511339657e-05
8.188927454139518e-05
8.019609870098013e-05
7.876745565001643e-05
7.825105678895481e-05
7.593838215988069e-05
7.414335814738569e-05
7.31221302394548e-05
7.049164779715297e-05
6.913600696454644e-05
6.766161758737156e-05
6.650837327973626e-05
6.430566711762461e-05
6.304594068754723e-05
6.081399717135875e-05
5.82268036800267e-05
5.6258494106626e-05
5.485337044690147e-05
5.240819742468708e-05
4.9641036125862496e-05
4.803512024038109e-05
4.519023564997737e-05
4.328315326322398e-05
4.0470292126476164e-05
3.643650615206356e-05
3.412877909476275e-05
2.9920958120881585e-05
2.6177129765614128e-05
2.1173603109949808e-05
1.4955639594319981e-05
3.992174279235972e-17
