0.05102272060784069
0.03632041811124924
0.029728298179655433
0.025840180819508916
0.022892278610021813
0.021121988597980652
0.019264485577191372
0.018292329475072325
0.017017973327683563
0.0163760245263926
0.015419365002136734
0.01503697962127712
0.014203831704819543
0.013726163600152781
0.013333668907580585
0.012803774264239249
0.012503600729465734
0.012102066077541787
0.011698583185777142
0.011446128143894792
0.011046497919912177
0.010927971341947212
0.010561880706929516
0.010609714349415423
0.010226543913544224
0.009976641631575045
0.009841351252220598
0.009585433410246594
0.00937670886237997
0.009316633356271154
0.009147193604663558
0.008986331968056583
0.00893485497103842
0.008664069365062345
0.008636959720367626
0.00846508344325121
0.008268245545996717
0.008260234707215142
0.00807497978889711
0.008107340408030433
0.007919798598903783
0.007814209557199815
0.00771555311173915
0.00774421700185852
0.0076428683020366445
0.007515370699211136
0.00733233557801552
0.007318709760894289
0.007215437546037963
0.007165215176381524
0.007024620238676679
0.006966357615750114
0.006887872734193653
0.006785830846965848
0.006776599217258508
0.006710901549174919
0.006614130704521281
0.006597743127054499
0.006489094369642309
0.006493941875971329
0.006350068404176411
0.006403895233292107
0.006240813050200101
0.006336993944358608
0.006188399457203979
0.006083701355340643
0.006137763625967087
0.006028427465609229
0.005922831481873087
0.0059687321884401385
0.005868370048182746
0.005934022628213256
0.005805849828354679
0.005817999363140344
0.005662160121087517
0.005724930830797444
0.005631732023128549
0.005595749051564914
0.005608110657456283
0.0055229192700867544
0.005494119936342896
0.005444016075645581
0.005376881916540277
0.005387203953447574
0.00534864370977399
0.005279298885021386
0.005310197519209485
0.005301990374036172
0.005229679500355691
0.005149034878852334
0.0051780184958299695
0.005102572859832691
0.005048598595969518
0.005035470439291214
0.005078580789409166
0.004993538531545337
0.005016415447752766
0.00493708761472559
0.004906797699022213
0.004864616739782479
0.004917484319338703
0.0048737910425595676
0.0047886223576086955
0.004811559816868638
0.004760856119275312
0.004760207555019557
0.004702775716579142
0.00468057043161714
0.004698744362592649
0.004679376360067757
0.0046122236864977574
0.0046245742553188965
0.004592389645132997
0.004533620537942695
0.004564304597739477
0.004496298613217638
0.004532171488964606
0.004431384652595428
0.004448451800973445
0.0043926593713652816
0.004412578074832489
0.004364843444293621
0.004357886649319873
0.004297815622763142
0.004335996029224225
0.004283051326581053
0.0042870887080035894
0.004290118530734031
0.004262047424458439
0.004191647678202336
0.004199597493143784
0.004177891475993804
0.004146287688829564
0.0040945521299486825
0.004140851805168944
0.004147614560027753
0.00412034233185121
0.004130635177668321
0.004088900505146377
0.004029356419726717
0.0040323618369998045
0.0040125368400379694
0.003965553213809287
0.003969001183604254
0.003996830958885795
0.0039358063792196375
0.003950059440752875
0.003911721513638123
0.003921912863708622
0.0038876576918569976
0.0038454937138648676
0.0038328891916799396
0.0038663683192458054
0.0038272020288312864
0.0038453625177869827
0.003833358872882434
0.003762218977899077
0.0038035561818399993
0.003760337334173244
0.0037596605095016815
0.0037142142581129338
0.003666867251283943
0.003693432628710531
0.003711719547255939
0.0036767967760375584
0.00364740587413862
0.0036786987571319767
0.003611192818531591
0.0036615933667760348
0.003589386927786676
0.0035867022129888113
0.0035580074795973477
0.0035759939214048634
0.0035331173159829205
0.0035195144261311816
0.0035761722482920925
0.0035428563992626334
0.0035103431148827773
0.003496814358484152
0.003474493556499071
0.0034842383020662125
0.003441830943926152
0.0034883717465189553
0.0034336481836154727
0.0034505722575297873
0.0034493866973559716
0.0034029809447707338
0.0034038350856055504
0.0033790924792870573
0.003390983523853353
0.0033433446800755495
0.0033740022852535175
0.003353047655272143
0.003367799374106898
0.0033181914315661277
0.0032990531816261374
0.0032871056454381394
0.003318345995916797
0.0032593996013014727
0.003281507216353545
0.0032459057648862102
0.00325045702716964
0.00326061433053293
0.003265904128137217
0.003212916868609024
0.0032210612593205094
0.003200892292569323
0.003170072646757778
0.0031610254900653473
0.003139129027466246
0.0031554222739906767
0.0031522803407150134
0.0031354415576399595
0.0031328775336393415
0.003124301613682021
0.003079403865767038
0.003067699317649581
0.003057353128296777
0.0030609595445367094
0.003068943968950577
0.0030991314530067313
0.003057646809450217
0.003070967675436532
0.0030638571764818228
0.003006995592580187
0.0030727020095106263
0.003028595542678015
0.0030028312554336244
0.0030162946233253615
0.002980907149836393
0.0029633007838331233
0.002931677099995926
0.0029345179425726317
0.0029580462808352893
0.0029491486211841566
0.0029749049704561564
0.002933023311876989
0.0029413958919989394
0.002955808230224369
0.0028875475454163716
0.0029169806902438083
0.0028724937144677517
0.002909430187570135
0.002898205800355816
0.0028361396681760276
0.0028622166611236856
0.002848850164865303
0.0028341158208958295
0.0028407705048195927
0.002825669516832877
0.0027982798021658176
0.0028273542162204415
0.002792419139853729
0.0027695319596003176
0.0028224913728920474
0.002771393579428838
0.0027650725964615806
0.002803352603018754
0.0027229977118367267
0.002755322962894231
0.0027698422240038756
0.002725050158557976
0.0027446763959394936
0.0027306080272046012
0.002696142526598968
0.002741143719336918
0.002694907488957953
0.002670854257016273
0.0026832161196500234
0.002664262220161739
0.002687041203611096
0.002653873658251781
0.002639415620081367
0.002641672638622156
0.0026994702541838674
0.002642363372783915
0.002633200792099741
0.0026378170260036166
0.002618055386360096
0.002641478835049553
0.0026187468807822565
0.002607856819998045
0.0026199859297828714
0.0026086063146654593
0.002586946396594213
0.002548373405317384
0.0025336970815966844
0.002519474998956301
0.002563862264816258
0.0025443078353769195
0.002540148535112516
0.002552920927801633
0.002513964902200962
0.0025169908545255508
0.002495416879181132
0.0025039445624954948
0.002472854164070046
0.002497184366305318
0.002499936953317652
0.0025059955496582647
0.002481410701214645
0.0025079824708945406
0.002473858551100215
0.0024815727414127207
0.0024644374997259666
0.0024447994948510153
0.002474731159482616
0.0024357354745332136
0.0024144432547037594
0.002492310727600677
0.0024165274355718138
0.0024153060050158544
0.0024218628000177555
0.0024381917559105175
0.0023925114771662145
0.002383949543925667
0.0023997020889800972
0.0024030584477252293
0.002398900200261982
0.0023823999110896086
0.0023453619171620527
0.0023862318847160495
0.0024085576780899097
0.0023373257730135754
0.0023484073595181577
0.002356051019868569
0.0023298915119392945
0.0023430963073941607
0.0023232828778665944
0.0023536437090443166
0.002313120878207599
0.0023009738503572304
0.0023170714938313876
0.0022935629860759013
0.002294756087748347
0.0023260251254134685
0.0022826976774048455
0.00228087558750381
0.00228573601981255
0.0022870285569494323
0.002284952513910444
0.0022339260081200925
0.002277893414039925
0.0022462594580853253
0.002263442853134719
0.0022386846368870643
0.0022499056127798433
0.0022296762466448056
0.0022365984245423737
0.002213366810958837
0.002226576465637197
0.0022331854854586177
0.002199546313278086
0.002189171716068895
0.0021898300767128
0.0021967568901963097
0.002206692190436836
0.0021841388242313164
0.0022002095211247617
0.002160601880839444
0.002182545686378113
0.002172117459297329
0.002142885417734711
0.0021755034387338453
0.0021603001310967203
0.0021414133392612875
0.0021498586085413815
0.0021192666053461463
0.002142417250932832
0.0021242844096911674
0.0021124096998911394
0.0021268937927368184
0.0021237368514531265
0.0021183321230180464
0.002093428618161113
0.002113817759268648
0.002112073953651659
0.0020738741805493926
0.0020938287013718554
0.00209873904445773
0.00207378522320526
0.0020900937170285528
0.0020465398477433443
0.0020541651399267847
0.0020665422998028577
0.0020830338939661097
0.002052414034117051
0.0020356804865837193
0.0020444445072804636
0.00205032926594638
0.002051887888090697
0.0020267220400717713
0.0020441804363102146
0.0020242476229570725
0.0020411607826763896
0.0019962973579601747
0.0020273507731078323
0.002011828335442528
0.002017781406630902
0.0019870337277125565
0.002004494646151221
0.002005266746117452
0.001998421126902388
0.0019952224066662194
0.001999904986375028
0.001971983363270663
0.002007514709818305
0.0019500942912773866
0.0019721638804512712
0.0019548643349270593
0.001959761438545825
0.001938696208864683
0.0019512587670962329
0.001961768432121644
0.0019441456530093746
0.001897250713733906
0.0019308048922302068
0.001908276049460777
0.00192480574023566
0.001937301004137992
0.0019307272220909144
0.001903887720212736
0.0019102911903833278
0.0018823835591262933
0.0019229000809345479
0.0018902386679204744
0.0018958643811316958
0.001906438051188918
0.0018886105309584415
0.0018619406830652917
0.0018912168243274865
0.001881852077740478
0.0018707937756278898
0.0018638064323208354
0.0018428612349521024
0.0018686373443627283
0.0018754493381508053
0.001852047141863641
0.0018623379081104314
0.001839291815739418
0.0018470997212414568
0.0018160466148815374
0.001856913155943618
0.0018239684554833752
0.0018231661176513446
0.0018360185943807955
0.0018278824344567573
0.0018263085876131545
0.001814626288155017
0.001786052650196872
0.0018248572062486085
0.0017909034302960574
0.001790620606595005
0.0017862017889743527
0.001784118912645663
0.0017884175210592978
0.0017813254106948525
0.0017651751592053326
0.0017744384876531964
0.0017713188299048512
0.0017847241549374937
0.0017586746897857073
0.001746811884105462
0.0017516428193655332
0.0017609428487520389
0.001735326160848602
0.0017293884815245868
0.0017275678058804526
0.0017315174916596257
0.001753267537331995
0.0017311555705718051
0.0017414288373475285
0.001733948554381423
0.0017271614445984653
0.0017143708803035902
0.0017225490351379996
0.0017122645160288776
0.0017218456209921605
0.0016938422370744864
0.0016930695317711585
0.0016730130090565922
0.0016765147225154538
0.0016902959191337132
0.0016963482655698331
0.001685421218308812
0.0016797284036340946
0.0016768544172381793
0.00165987187863872
0.0016641965742613246
0.0016481474504552085
0.0016707813274904491
0.0016555928520080958
0.001651338121210798
0.001646161045625321
0.0016614920374739448
0.0016324258542692956
0.0016288056274601538
0.0016441825098071673
0.0016384438305254918
0.001650742927222875
0.0016169945666775333
0.001615070170240117
0.0016243369707806962
0.001623072824744417
0.0016053266963605621
0.0016097784100138014
0.0016055981339839465
0.0016165197975583777
0.0016013745507407503
0.001617085971942028
0.0015823144128433507
0.0015999538485567397
0.0015960130944586623
0.0016091723800429536
0.001598782728873458
0.001579833085267055
0.0015758430579585802
0.0015669482598882059
0.0015788027329784935
0.0015885429458687872
0.0015910043273827219
0.0015497070636702416
0.001569731134946017
0.0015741568527476069
0.0015687362387559885
0.0015530970339654618
0.0015411330234867007
0.0015461531711460058
0.0015585961957089276
0.0015265303205482866
0.0015513174964586628
0.0014911771634930069
0.0015333556450449232
0.0015499937539276848
0.0015197726643622386
0.001505482946111166
0.001518006304209265
0.0014921947651677014
0.0015124847790666527
0.0015059877429854233
0.0014956852397175504
0.0015200691046452564
0.0014958106966816791
0.0014876522985864012
0.00149554150398569
0.0014883415257677445
0.0014742911724143907
0.0014802132421064464
0.0015023804472298567
0.0014708341705594922
0.0014963845822772034
0.0014616979274322723
0.0014820905338502176
0.0014639745556453575
0.001451372463795523
0.001462739980088929
0.0014329743660781095
0.0014496372358924494
0.0014465428035635626
0.001451307802874967
0.0014322752932864626
0.0014421614225859458
0.0014433394287294938
0.0014389536335268865
0.0014311138475683791
0.0014228563738854826
0.0014383574418920537
0.0014116907204365441
0.0014167492426197803
0.001405556050725056
0.0014162053996808587
0.001404099977000386
0.0013959851584135698
0.001399642641331609
0.0014000855505401368
0.001418627510481653
0.0014117367936098254
0.0013804134251821816
0.0014060630118614208
0.0013995069831514541
0.001384930090874445
0.0013732928124581595
0.001381654969008523
0.0013971949816350222
0.0013699464244823578
0.0013703500857938195
0.0013679920516245568
0.0013692440842536515
0.001352333084132568
0.0013722289853036927
0.0013538062702663227
0.0013531883667525597
0.0013557159246231165
0.0013488600710554347
0.0013549714587494756
0.0013574987210084486
0.001345551327775818
0.0013441278165603474
0.001329153891861609
0.0013400776508052821
0.0013449065543844638
0.0013319364024629366
0.0013142901453790153
0.0013247408406285516
0.0013128623889887864
0.001314046736017044
0.0012969481937767798
0.0013216667419615488
0.0013224797970463854
0.0013292762884761565
0.0013022248558539425
0.0012899729506725352
0.001282526953346174
0.0012843438560991474
0.0012974761091026586
0.0012948048641353309
0.0012881518443642755
0.001279884816278898
0.0012895401765058657
0.0012784325183617204
0.0012786789784640761
0.0012624733422605251
0.0012901649775017522
0.0012685543359262155
0.001276495144559588
0.0012449777473345482
0.0012633008164035342
0.0012504674921355366
0.0012456707717409035
0.0012471906269525292
0.0012474037791437105
0.001250526296168554
0.0012564207445811002
0.0012316779989654798
0.001247005965487725
0.0012227880502467647
0.001231093284342969
0.0012166917200095888
0.00124126840602877
0.0012105063738334768
0.0012235202088907117
0.001221307301271732
0.0012198302403990116
0.0012269892976786462
0.0012331985912690713
0.0011946758512599801
0.0012098719829290421
0.0011951192165308721
0.0011891390354560963
0.0012006519211192172
0.0012045529742372423
0.0011949374455676976
0.0011872256690353825
0.0012034543068535199
0.0011873046752163847
0.001183742813912303
0.0011742383130033422
0.001161989755150632
0.001172935287981436
0.0011725399821856436
0.001178057772446695
0.0011685323445351362
0.0011583802183135943
0.0011583348532276491
0.0011657793544281442
0.0011468000032120928
0.0011588896065742745
0.001160554084168474
0.0011372970757309818
0.001152147676064127
0.0011358881840625359
0.0011299462546202745
0.0011484670393917056
0.0011423497846485963
0.0011360607327590877
0.0011254191887629646
0.0011295147501602845
0.0011276141016208928
0.001127046366464689
0.0011123612943117972
0.0011165405462697636
0.0011195216672567451
0.0011171851901270735
0.0011192096068552825
0.0011264508884803878
0.0010914619182758479
0.0011052796711043635
0.001090542027668463
0.0010906456751563324
0.0011063865092781069
0.0010927567538153982
0.001076854942863581
0.0010911080579482767
0.0010870410363107283
0.0010696579052306698
0.0010835443512214613
0.0010718387492207257
0.001065181262064781
0.0010578599778612973
0.0010752063634566359
0.0010685892433672278
0.0010561398447999468
0.001062328089769739
0.0010686325085566691
0.0010533761507950244
0.0010462803134918207
0.0010493169211729621
0.001045854871438043
0.0010407169601690802
0.0010360557044363581
0.001029503225781541
0.0010356816266833897
0.001030306511131994
0.0010323751984353566
0.0010429618522337254
0.001031566845687222
0.001025628109668523
0.001048567256852603
0.001033750285541108
0.0010326388946074914
0.0010219358053449436
0.0010114428970173723
0.0010178484699426443
0.0009970308275218586
0.0010057005111432436
0.0010044579530568763
0.0010000763336214544
0.0010038478831797825
0.0009926669623290811
0.0009902259649121547
0.0010072929934260876
0.0009859887862235742
0.0009805329229470045
0.0009922304966478422
0.000981591588072508
0.0009849644338609986
0.0009730690862512941
0.0009766671259367687
0.0009661015729548933
0.0009590657831036687
0.0009709695732891126
0.0009662291516187641
0.0009655035272960893
0.0009657062524971006
0.0009496883232157539
0.0009642638551604304
0.0009350349142953613
0.0009361312109647652
0.0009412977878011722
0.000936003295813069
0.0009373945863133597
0.0009385569817570138
0.0009330935193390329
0.0009411828834955611
0.0009252374987920856
0.0009309899107480657
0.0009236174976686135
0.0009188836042583197
0.0009159962650359352
0.0009123544681038452
0.0009129666986426465
0.000912806080729877
0.0009073850206771217
0.0009024072097130016
0.0009064264016062266
0.0009011901613326688
0.0009048522417637263
0.0009057000827502345
0.0008809182639033436
0.0008830089756380234
0.0008958254133313423
0.0008968034659153065
0.000886257253406538
0.0008758023002937263
0.00087673507563591
0.0008694977619705661
0.0008809207594782077
0.0008724911561975164
0.0008645990854676247
0.0008647283351669855
0.0008710962007133792
0.0008652896957821516
0.0008615219434625503
0.0008556179526326335
0.0008592018269971549
0.0008513476446072637
0.0008443514974659291
0.0008494210727724643
0.0008392396445629721
0.000851303825721756
0.000843219850064555
0.0008430021416004954
0.0008314579666919531
0.0008329147104838536
0.0008261927369678174
0.0008340592207635061
0.0008253346418548514
0.0008240717090881096
0.0008250016262137128
0.0008244070605022113
0.0008112772653634744
0.0008160203358282384
0.0008146717802306339
0.0008117700915386784
0.0008062926973805809
0.0008118811761829846
0.0008039838483558636
0.0007966891887454475
0.0008014342573853473
0.0007918900586698362
0.0007953308386818
0.0007817351908988374
0.000784580905435121
0.0007784813489051898
0.0007769924120811811
0.0007743067679089662
0.0007707055847971729
0.0007813225414005913
0.0007701974628409456
0.0007700512755166477
0.0007615808898074793
0.0007557710974590964
0.00075675746864036
0.0007635141427377669
0.0007423806069323373
0.0007435384764978458
0.0007470901509089998
0.0007520481092205674
0.0007416173817869566
0.0007411704702586143
0.0007325705643596808
0.0007360655269830555
0.0007327416049771514
0.0007228330865136515
0.0007296843960365473
0.0007133091644197094
0.0007175575713743463
0.0007220230942265828
0.0007250806712166077
0.0007159653794926686
0.0007058492516188874
0.0007072897995866524
0.0007003925251445173
0.0007031323271939575
0.0007004502068591388
0.0006981712352994913
0.0006972569876601101
0.0006851764308595249
0.0006896484167977155
0.0006870326097422943
0.0006812714124792552
0.0006778606586272075
0.0006813561575067786
0.0006850826736739276
0.000671839964340263
0.0006655879243204281
0.0006640260259477111
0.0006673256762462915
0.0006594006593335868
0.0006522531305588503
0.0006483130675378495
0.0006530750248136131
0.0006432552044083959
0.0006523482889522808
0.0006515292745404805
0.0006439262998710216
0.0006363607295032598
0.0006397157851188327
0.0006282894145574698
0.0006274756755667745
0.0006296666089937567
0.0006249744341411227
0.0006243604388216802
0.0006194541360255307
0.0006283889198478298
0.0006112932159833324
0.000609189264166862
0.0006062337694511602
0.0006013445236564881
0.000600738521387731
0.0006026094373307479
0.0005961185998040907
0.0005877624751490823
0.0005912298780946471
0.00058817096217671
0.0005850940568164905
0.00059095337935265
0.0005789605204467471
0.0005782294448139982
0.0005750297619976161
0.0005735547695513629
0.0005640259209845122
0.0005663146979917292
0.000565434724190455
0.0005597861248487292
0.0005540006711770834
0.0005522666393561203
0.0005453725978039664
0.0005559568991179402
0.0005393299486038447
0.000542311961950485
0.0005399391822538824
0.0005354962014764536
0.0005369032069363183
0.0005239997702692877
0.000528019100747017
0.0005313206002918509
0.0005281014478806065
0.0005140920702798163
0.000508339754423854
0.0005071191072490373
0.0005022185723993897
0.0005009314867506223
0.0005060146471650801
0.0004935151480033057
0.000491094419055127
0.0004885469669751844
0.0004846821287735637
0.00048422491404578394
0.0004801879932953879
0.00047718678013067886
0.0004748943662713875
0.000469976052571713
0.0004704236288495398
0.00046776894074865673
0.0004615552240378314
0.00046000077092825663
0.00045483850052104627
0.0004540581835747669
0.0004458574377130657
0.0004463030814768642
0.000440533292603409
0.0004385514284725698
0.000439388452967648
0.0004338335646750232
0.00042578576379261735
0.00042272470941514477
0.000422543549751509
0.00041800015517428577
0.0004110149221672839
0.00040913785770239295
0.0004058383019011697
0.00040420011511326485
0.00040194084299696064
0.00039568206076003146
0.00039198651696945036
0.0003867344952141944
0.0003806192347474598
0.0003780221287888334
0.0003773365006983924
0.00036666960697401377
0.0003668895416840729
0.00036386863456003776
0.00035674934207560445
0.0003531405466187322
0.0003480823495891762
0.00034846709419113957
0.00034407380181133784
0.00033615540926497324
0.0003340367809868276
0.00032700570491571565
0.0003245258571963042
0.00031958689885823964
0.0003141255565316064
0.00030988255517955623
0.0003076517507310301
0.00030139765907850506
0.0002964371787941697
0.0002879739466905724
0.0002877089802759014
0.0002823169895776467
0.00027881363515852423
0.00027084961360100863
0.0002645090670229906
0.0002623278952017019
0.00025855547345146585
0.0002533111573023887
0.0002477300097976513
0.0002397967576568438
0.00023585959487315314
0.0002291928468189118
0.00021763201960041593
0.00021519923137333551
0.00020808506596615569
0.0002020325148359652
0.0001934172532842151
0.00018585643448666751
0.00018018998975574894
0.0001713620033741395
0.00016349302259378268
0.00015571639283427365
0.00014653959615272506
0.0001371524870559052
0.00012617364163223496
0.00011401404119320501
0.0001037335532039613
8.950342788115261e-05
7.273953253345059e-05
5.2804121296810024e-05
4.492385462744965e-16
