0.3342929747398232
0.33472043211389857
0.33418264803862874
0.33436521602740354
0.3338840891888147
0.3344002512885594
0.3340666666937218
0.33466171196381433
0.3343117024392233
0.3344566694180715
0.3342571540433193
0.3344233416502417
0.33432097457017546
0.33428686879066083
0.33434833211642984
0.3341908984805821
0.33455901236517427
0.3340118594927774
0.3344824483385462
0.334388658108053
0.3340416309954642
0.3344510472875398
0.3342102092588237
0.3338001497135552
0.3342793747192272
0.33415705914161425
0.33433000768510385
0.3344244352560577
0.33410580728328015
0.33423296464669294
0.3343349913991798
0.33431283193002276
0.33421977932900465
0.33443113267583
0.33441239220225094
0.3341825978546677
0.3341925011035789
0.33434618384311704
0.33420030873916634
0.33445131048533205
0.33427761550334417
0.3343322979706967
0.33434789972542606
0.33423782456408996
0.3343501516860444
0.33414729032842594
0.3341517339640482
0.33418401374912876
0.33412982821758824
0.33430323201974677
0.3342945562413875
0.33443061941092284
0.3342951324949697
0.3343963564971027
0.33431481428719023
0.33417065070185126
0.33421376336624853
0.33443174354396615
0.33415459962240035
0.33428569859534757
0.3344862739814761
0.33434852991093333
0.3342600052972416
0.3343032647903353
0.3342797606585314
0.3343830323036623
0.3343586130466786
0.3340892157280101
0.3342828630458189
0.3343702195342826
0.3342033280966578
0.33434898274578606
0.33426535644853667
0.33425559164559754
0.33441472702944286
0.3344470150640825
0.3343586084455187
0.33426227524246244
0.33419500851382156
0.3342338570576676
0.33426973280626004
0.33413832723998055
0.33427230822832343
0.33434427244516135
0.3343180152599104
0.33435938877051574
0.33423971402091485
0.33435086234090694
0.3343367733370673
0.33421751360181284
0.3342021296357324
0.3343234940675892
0.33419510210054026
0.3344136291364021
0.3341898895434609
0.3343201981699868
0.3343172583863918
0.3342729659341991
0.3343606315427662
0.33432958847903205
0.33439181940782153
0.33415422429605096
0.3343775116471441
0.33424788795036886
0.3343680772523553
0.3343934016225327
0.33426878619668215
0.33425258179253803
0.3341736270070398
0.3342598823090513
0.3342869687819642
0.3343474423494856
0.33431785929516306
0.3343655970157197
0.33434729787929074
0.3343517179424962
0.3342656263941968
0.3342048023819029
0.3344259165472307
0.33423715626236633
0.3341840702934174
0.33424145797768745
0.3343486824877501
0.3342576260609992
0.33430653426032403
0.3342826294988342
0.3343119838832298
0.3342631694307231
0.33428018707912927
0.33419005532849216
0.3342790581948917
0.33431998969375853
0.33415083157599157
0.3342780074085406
0.33432998296003263
0.334325873641696
0.3343445562269744
0.3342239740779313
0.33434769938463643
0.3342170389608739
0.3342759414255788
0.3343180118242336
0.3342452503012378
0.3342208917699851
0.334372489108657
0.334290071559497
0.3342392294144407
0.33431155318834155
0.3343349590864151
0.33428443366864596
0.334317798991371
0.3342626787775031
0.33418022704507283
0.3343080059666802
0.3343601416254544
0.33428470883572525
0.3342664532264122
0.3342215719932327
0.33435299679758934
0.3343034466923889
0.33428462484271676
0.33436344618265695
0.3342786186230454
0.33423878477795516
0.3343306312905019
0.3343001664164076
0.3343585801330715
0.3342341911876484
0.33432604751200534
0.33438574259811493
0.33430254538897025
0.334282527248888
0.3343212651569032
0.33432638148465127
0.33425356070359186
0.33428820988235186
0.33438203405683364
0.33420853871974293
0.3343224850648196
0.33428814892504694
0.33422663275486647
0.33429412056766517
0.33428790882180875
0.3343093990024843
0.33425887523523673
0.3342525761732875
0.33424795842238725
0.3343179786906766
0.3343471043593678
0.3343826825634683
0.3343045998140391
0.334335192138979
0.33428621091001154
0.33433216778807817
0.3342734487272209
0.3342892652554068
0.33433106528802986
0.3343117003967392
0.33427170667594674
0.3342876392303898
0.33428516483637655
0.33425383824185795
0.3342984256717994
0.3342982056307296
0.3342628815016202
0.33430892797002315
0.3342694963480075
0.334238486729856
0.33428778907995677
0.3343763857866113
0.33435982053378155
0.334289339696917
0.3341893053946379
0.33430253548151495
0.3343169231070523
0.3343177669058372
0.33432328044106785
0.33420340461106696
0.3342713973276134
0.33430713747003327
0.3342976909633353
0.33430222408855037
0.3342309309626996
0.3342848782476538
0.3342910714631099
0.3343878967065364
0.3342773672452783
0.3342619149629
0.3342887251589743
0.33422487563660547
0.33428200185641954
0.3343498297584406
0.33430640888283014
0.33430712457813255
0.3343489747261271
0.33428441483956833
0.3342827825797126
0.33433489742426953
0.3342826782053785
0.33432954741226517
0.3342685443761307
0.3343473993052077
0.33431306148042833
0.3343711478026941
0.3342922795272501
0.3342800901402148
0.3343104154560816
0.33432151173333696
0.3343130411999961
0.3342574994070951
0.33424986597630435
0.33428172739151835
0.33430835160080113
0.33433144819303195
0.33427077420559653
0.33430533745374813
0.33436577873887763
0.3342914551166915
0.3343505170121987
0.33426961996040183
0.33434643330573344
0.3342772297921553
0.3342141369631026
0.3343194476532064
0.33433152247501013
0.33430624071749393
0.3342561230375887
0.3343090081131531
0.33429100770856496
0.3342805606804268
0.33434131319788274
0.3343465118654311
0.3342610728333277
0.33430340048513296
0.334291829157561
0.33430689893762977
0.3343215415959242
0.33426407000099634
0.3343214617270419
0.33422761226829134
0.3342738923856355
0.3343162759080849
0.33435568787880937
0.33427110475489863
0.3343218934069523
0.334253257966856
0.3342803529869261
0.3342314212196853
0.33433585951526906
0.3342895377271856
0.3342880487146447
0.33429017223357416
0.3342598421287944
0.3342759259065622
0.3343069431797938
0.33431597306094324
0.33422776037892526
0.3342679384412729
0.3342660271449286
0.33429538230511224
0.334259321988515
0.3342912477021128
0.3343480248763829
0.33430985715680234
0.33432755581251855
0.3342686994623824
0.33431916408290596
0.3343016713192676
0.3342984114900961
0.3343491460915602
0.33429998125994104
0.3343386670066142
0.3342080902915171
0.33432797402564973
0.3343156326197098
0.3342667830421433
0.3342891260840604
0.33432901014929617
0.33426608163417815
0.3342534218563137
0.3342789821075278
0.33423704320975794
0.3343002521772411
0.33427890753704315
0.334249635327635
0.33434264325095175
0.33430293310838777
0.3342810572425597
0.33427028264357334
0.33433424054822547
0.33428993664833834
0.3343366605062016
0.3343034336625378
0.3342949920303073
0.3343118203108859
0.3343402773371655
0.33428394228789315
0.334242299528839
0.3342669115930209
0.33430013974378353
0.3343068101268148
0.3342844579208272
0.3342603435029825
0.33428273215129245
0.3342920883620994
0.33427774576659497
0.3343369835129987
0.3342969695377339
0.3342826089247299
0.33427726922256923
0.33431565591666623
0.3342672991043899
0.3342981568722268
0.33429057463297285
0.33421075918932175
0.3342659041366072
0.3342391499391376
0.33426206732964187
0.3342878642194689
0.33426863659348344
0.3342823817748437
0.334290080811801
0.33427554893737893
0.33435536959520823
0.3343014036509384
0.3343460537154274
0.3342705861673396
0.3343012418539339
0.3342801341608539
0.33425870254823614
0.334269340092237
0.3343107354449435
0.334284676484017
0.3342718514464594
0.3343114476416995
0.3342868604843244
0.3343074519024236
0.33435770548253757
0.33429895263175335
0.3342657653595527
0.3343702934713107
0.3342940730657141
0.3342805170027094
0.33429615803549495
0.3343245131849439
0.3343020598901833
0.33424693816251266
0.33426878770177254
0.33433155605060927
0.3343054127361468
0.33433285157647863
0.3342619885282567
0.3343077275727433
0.33430472578479514
0.33430605163648003
0.3343613385205101
0.33435075806606995
0.334311196596532
0.33434063704467587
0.3342810582368016
0.3343449438085577
0.3342868429981132
0.33430996287336107
0.3342697809157759
0.3342825286820537
0.3342833329854579
0.3342962668960225
0.33428127895257337
0.3342581790503581
0.33432116856778304
0.33434445148626263
0.3342872443853885
0.33430951191369496
0.3342903554902188
0.3342435607487595
0.3342493122609819
0.33431003129607617
0.3342727702355944
0.3343013447721552
0.33428441729572866
0.33433412206629054
0.33429980828925593
0.3343448329407897
0.33434353473543055
0.3343098419903929
0.33430528927379
0.33428562704382037
0.3342949598223268
0.3342607197589209
0.33431356685938973
0.3342946677690659
0.3343499591729416
0.33430012491402206
0.3342992466190422
0.3343128797205538
0.3342730107899883
0.3342954566932468
0.33430190260158565
0.3342801879940751
0.3342797104306176
0.334301838606777
0.33429175684612006
0.3342881041524747
0.3342692986009019
0.3342719888035722
0.33434843291586813
0.33428979630055317
0.3342536202809114
0.33432421864433165
0.3343041394947281
0.33429021787827307
0.3342223763071246
0.3343085113743056
0.33434626557666824
0.33435496367151785
0.33426680586478036
0.3342561540446641
0.3342639449101614
0.33432052950976626
0.3342532080604706
0.334294910476424
0.3343302364920721
0.3343213450320089
0.33429175205422196
0.33427513705535783
0.3343003556508821
0.3342603593635993
0.33430182914942175
0.33427865284713787
0.33421399310615685
0.3342828529128579
0.3343059365044718
0.334279625586112
0.33431368229720376
0.3342697169942316
0.33427520326614674
0.33429903012212026
0.3342648353928418
0.33428121854798787
0.3342986222547925
0.33430452343484957
0.3342942326403344
0.3342997821829837
0.33430094273829064
0.3343220888959458
0.33429599908435675
0.3343054674406915
0.33428869232849323
0.33430889868895786
0.33427901934601933
0.3343215441215111
0.33426529377500663
0.3342728920696779
0.3342895738181791
0.33429119593456597
0.33428058395661714
0.3342858416042925
0.3342894418426042
0.33431070164455334
0.3343118062483912
0.3342730550641119
0.3343163011848872
0.3343220846624887
0.33428968700878936
0.3343219800312157
0.3343174048415925
0.334268918075707
0.3342736510152821
0.3342512360609247
0.3342990175618259
0.33430820942229045
0.33430243581670455
0.33427837387572945
0.33426356519695
0.3342361468436679
0.3342908403985404
0.3342901307415763
0.33430051391381244
0.3342985716208695
0.3342901543008463
0.3343026269194358
0.3343158671081964
0.33430766295892195
0.3342931711246677
0.33429771515430245
0.33432907353819563
0.3343373113726002
0.33426412358923974
0.334285846821314
0.33427452674623837
0.33427810930144497
0.33428498582456073
0.33431138881571903
0.33431536699858994
0.3343365645647731
0.33430410999364074
0.33424352753643227
0.33430642038860353
0.33429125277819627
0.33431138007821903
0.3343322407867708
0.33425569678109784
0.3343389354842235
0.3342937775601793
0.3342836799585273
0.3342823807520564
0.33426540965892754
0.3342583536701588
0.3343056218340921
0.33428800013619536
0.3343028327043581
0.33426711426933936
0.3342835277263247
0.3342949481018751
0.33428376868827997
0.33423965318623566
0.3342992142622496
0.3343183662924056
0.3342834122388721
0.3343075818052094
0.33429525390219433
0.33426803899246743
0.3342879595513907
0.33428458647168086
0.334316255008148
0.33429769709882995
0.33428601688014886
0.3342822327391602
0.3342880519290718
0.3343334462532342
0.3343019692165332
0.3342905323219521
0.33427944084173833
0.3342727439223299
0.334283001477423
0.3342948437757432
0.3342940068937635
0.33429306804356984
0.3342932737353301
0.3343060100146663
0.33427819296629613
0.3343267785167962
0.3342954756459732
0.33432528322086047
0.33429639970234437
0.33429485051436
0.3343177329779579
0.3343026645414771
0.3342905498329347
0.3342697396689917
0.3343121098662178
0.33432165851173684
0.3342889957938844
0.3343203660617327
0.3342841875534527
0.33427003839078945
0.33429203455728357
0.33430719692426547
0.3342886246668411
0.3343187605561079
0.33428473360652194
0.33430246977003036
0.3343274882703678
0.3343027990196902
0.3343069487515098
0.3343016550552244
0.33429350538822783
0.3343033605087508
0.3343188875348274
0.3342750246127242
0.3343019006356475
0.3342723170730958
0.3342808175085914
0.33429163310099597
0.334308643214154
0.3342898961101032
0.33428218501534596
0.33428780625449217
0.33428993506903315
0.33428792323715323
0.33430063476340593
0.33426364967713346
0.3343171353140377
0.33426687304708874
0.3342892822168273
0.33432166001091757
0.33427305106477395
0.33429723949606066
0.3343104029918902
0.33428794691727576
0.33433242473341607
0.33428672355686556
0.33427159845353693
0.33428833578796674
0.3342705693328473
0.3342778746356173
0.3342830343798109
0.3342741986039105
0.3343041242665806
0.3343014114364895
0.33432370121871063
0.33427300836660007
0.33428490273362516
0.3343177628007119
0.3342882559041461
0.3343072036895781
0.3343075262570062
0.3343093980881056
0.3342992310456514
0.3343163739107217
0.33427955082717237
0.3342910564919132
0.3342782767066746
0.3343008530296062
0.3342947798573947
0.3343071912010084
0.3343280812745612
0.3342843138236445
0.33428637028608327
0.3342834536058023
0.334293682051987
0.3342991097628341
0.33429192670165286
0.33428928836749794
0.3343160873393318
0.3342849616004863
0.3343077636609079
0.3343097669902564
0.3343324391589684
0.33431106538551913
0.33431607901540317
0.33427814664338784
0.3343012016321968
0.3342925027152849
0.33428467728374595
0.3342951423931888
0.33430646924730223
0.3342854057447541
0.3343137054800223
0.3342845185331004
0.3343051031673521
0.3342758902636367
0.33428440333953674
0.33427609725952623
0.3343089302580793
0.3342883427993956
0.3342892042378796
0.3342887916680851
0.3342741687787981
0.3342888729337819
0.33430983564413563
0.33426598117862455
0.33430593668305425
0.3342898991909451
0.3342856854812649
0.3342903529974792
0.3342867737842818
0.33425954249796114
0.3343207939565489
0.3342982760790473
0.33429576316404047
0.33431432593147403
0.3342782584420872
0.33425181982662205
0.3343012996644398
0.334279939144151
0.3343016744914126
0.3342947461127944
0.3343013303562092
0.33429749945686377
0.3343105927379513
0.3342846925113739
0.3342880898336167
0.3342945977192253
0.3342885223207888
0.3342880817218615
0.3342827197771847
0.334295603986786
0.3342808891791266
0.3342648715022559
0.33429983378187916
0.3342950873503273
0.33429131324952854
0.33428236912214204
0.3342693520546931
0.3342879100376858
0.3342954955659915
0.3342897503995815
0.33429010558108224
0.3342958226798088
0.3342878985309423
0.33429610099818774
0.3342813812161469
0.3342975506774356
0.3342498163388871
0.3342822221278144
0.3343089582327734
0.3342669415386716
0.33431094468192846
0.33430412433097606
0.3343066485070401
0.33428734209091543
0.33430080789850397
0.33429672607702604
0.3343033396857127
0.3342806424154308
0.33428511716647563
0.3342900591318137
0.33429735070248473
0.3343032216796494
0.3342830892058584
0.334300330069971
0.334302396216968
0.3343008337419422
0.3342870203853579
0.33428230694789807
0.3342963707709886
0.33431567386679306
0.3343072744327586
0.3342695919882048
0.3343057979954158
0.33427574397973314
0.334320943215985
0.334272296445984
0.33429076996256024
0.3342764758625304
0.33432241792057044
0.3343124281635041
0.33429799409381733
0.33428731891352836
0.33432477535656135
0.3343017364869075
0.33429371905102173
0.3343021784396534
0.3343202641214759
0.334274135408515
0.334261119682047
0.3342688070808704
0.33428942752376856
0.3343225262390296
0.3343007546753403
0.3342982134867949
0.334330895068662
0.3342835097147458
0.3342653923898199
0.3342812916777308
0.33429041265466597
0.33430281188424954
0.3342864911236812
0.3342754449952693
0.33427355099034683
0.33428544653583686
0.3343143163334387
0.33429842348810845
0.33429533629982144
0.33429831458090525
0.33429976818158036
0.3342965774495128
0.33429924404963723
0.33430490385942174
0.33432374577260787
0.33431728470171074
0.33429813522055035
0.33431325289254266
0.3343101512821588
0.3342962208847788
0.3342905032047857
0.3342970504479453
0.33429148030987915
0.3342908613886099
0.3342874394837203
0.3342801816681789
0.3343141105244138
0.3342935702499529
0.33429535870490434
0.33430368872339566
0.3342960510656372
0.3342984743368955
0.3342989705912248
0.3342701991884378
0.33429081774366587
0.33429837485641517
0.33429695489496625
0.33429602907639827
0.33428228948260785
0.33430114767185387
0.3343033095682885
0.33429389810332294
0.3342722406469681
0.33428480877519406
0.3342859590602488
0.3343083513655378
0.33429530478403735
0.3342887600523494
0.3343009309306408
0.3342870099499417
0.3343012176013171
0.3342990092127801
0.33428436218198504
0.3342990654060448
0.33429241531219184
0.33429909834250976
0.334289756687217
0.33429102261129306
0.33427733111508484
0.3343067968434759
0.3342860703625019
0.3343156736738737
0.33429815118936784
0.3342947354394006
0.3342818012343786
0.3342964768079116
0.33430384026782756
0.33430349428638
0.33428877515952443
0.33428500352910057
0.334286610972066
0.33428044074369107
0.3342956718620804
0.3343143334633437
0.33429901718378363
0.3342801757151889
0.3343032731139359
0.3342941922503289
0.33428239777317015
0.3343135510139532
0.3343011193625116
0.3342853097326728
0.3342909558045688
0.334300960371907
0.3343017680402578
0.33428557023988786
0.3343003799113455
0.3342828479452214
0.33431407174232747
0.33427294857724094
0.33429877221043314
0.33429353542206885
0.33428709721463223
0.334308360752786
0.3342966650104741
0.3342967206149251
0.3342983129177951
0.33428764268052097
0.3342973876036526
0.3342926816977039
0.3342878111291829
0.33430957139007295
0.33430620711878667
0.33430079513685096
0.33428684229980404
0.33429402676924536
0.33429678155472387
0.3343000424373771
0.33429400574251034
0.3343001687901793
0.3342891510671849
0.33430974305344735
0.33428538955399856
0.3342994715294201
0.3343008094853799
0.33429758246746344
0.3343029390532891
0.334302310225307
0.33428975288534335
0.33429506203526127
0.33430178325391086
0.3342950184662672
0.3342971300855499
0.33430457593552854
0.3342991142347519
0.3342967393999283
0.3342841564730374
0.3342803699771428
0.334300302623244
0.334304704746266
0.3342990312090647
0.3342919625258548
0.3343053299142853
0.3342880196310914
0.33428702746812416
0.3342970035040984
0.3343027941326035
0.33429792361156024
0.33429276970359517
0.33430355638315284
0.33429146329927484
0.33429622894374683
0.33429556611199696
0.33428843124529956
0.33428573351694496
0.334289461420846
0.3342887864579973
0.3342894287084154
0.3342857480441927
0.3343015384652221
0.3342904440425582
0.33428359874917624
0.3343023552890878
0.3342999183989631
0.33431002158828915
0.33429445514468753
0.3342935561143605
0.33429452914352753
0.3343012717562643
0.3342891365067969
0.33428994988399824
0.3343021146405266
0.33430328782004665
0.3342964524389561
0.33428242110161416
0.3342863880012457
0.3342996167512387
0.3342997958614059
0.33429704158791124
0.33428807232985913
0.3342925184280646
0.33428505747438847
0.33429220912186464
0.3342879728290473
0.3342901432297986
0.33429273047227887
0.33429262393584325
0.33428998193534754
0.33429595957476466
0.3342943155560454
0.3342983982369142
0.33430348658570336
0.3342982106928651
0.3342915262854779
0.33429420226771583
0.33429070786040704
0.3342966912320659
0.3342916007113555
0.3342951266351006
0.3342986033583772
0.33429673234879864
0.33429583229191917
0.33429024514033306
0.3342949932784996
0.3343005935919446
0.33429533384330634
0.3343020619270425
0.334293681688661
0.33429570153176663
0.3342956625448455
0.33429620044058894
0.33429410743351384
0.33429199821527955
0.33429477872083396
0.33429602799260777
0.3342901261313549
0.3342945431518114
0.33429229347808287
0.33429382094810894
0.3342962353196849
0.334294358631273
0.3342946689717926
0.3342955790373809
0.33429458236818543
