0.3686921887148624
0.3687272480473848
0.36882821321563414
0.3687197695113946
0.3687781470319417
0.3687744614762631
0.36871650653990873
0.3687981164309028
0.3687807544085442
0.36870891049354065
0.36871205891856573
0.36874771983158405
0.36876566727446763
0.36874262269472075
0.3687021009283269
0.3686954510635963
0.36871843457869735
0.3686895203827542
0.3687122270777067
0.36869144140635646
0.36870543014669277
0.36870493822924716
0.3687389092246553
0.36878436074979937
0.368734157899171
0.36874481129878134
0.3687296706916445
0.3687251393876076
0.36871548684059857
0.3687211909661094
0.3687338936410496
0.3687205890759964
0.3687486440089346
0.3687175763895115
0.36870675985267626
0.36872967661351436
0.36874483998700003
0.3687104783579777
0.3687399666229554
0.3687075020559525
0.3687247913034527
0.36869464278643116
0.3687221840894372
0.3687117972756092
0.3687411474646611
0.368740781909061
0.3687286587275622
0.36873664520754446
0.36871701876832746
0.3687183059694276
0.3687274089277049
0.3687153986420331
0.36872631856259197
0.3687122680091619
0.36869111469087873
0.3687337635831663
0.36873115462105666
0.36873276354297185
0.36872336229636377
0.3687308560268
0.36873175557472904
0.3687344047691443
0.36870861794568216
0.3687102245443912
0.3687453563044651
0.3687347525426728
0.3687233577807996
0.3687144172161232
0.3687359275444955
0.3687188157258916
0.368746095040201
0.3687291164991844
0.36873172050581854
0.3687074579173335
0.3687141292291267
0.36873782933167076
0.36872345465223144
0.3687321401671225
0.36873190090714714
0.3687257147981942
0.36871066129818314
0.36874108623772506
0.36871396339375284
0.3687117752180851
0.3687211994327823
0.3687208862036856
0.36872039504356896
0.36872276047775693
0.36873077361846135
0.3687212385003199
0.36874340631472924
0.36871263320248654
0.3687217961311407
0.36873131279000415
0.36872285688847456
0.36873356715445105
0.368721414607786
0.3687476900315783
0.36874149802661266
0.36871108070878
0.36872228077127894
0.36872065842325585
0.36872994220806365
0.36871919848278456
0.36873974263908305
0.3687216477007786
0.3687317668765035
0.3687068038952575
0.3687333603602231
0.36872050839392545
0.36873979134917856
0.3687407670671891
0.36873037110342527
0.3687317136682018
0.36873168481157303
0.36872332325416046
0.3687086008538845
0.3687364849494292
0.36873430252059036
0.36871943907532695
0.3687273477459654
0.36872228721597916
0.36871921593683593
0.36873019902432325
0.3687289965901455
0.36872490460648505
0.3687229210645152
0.3687333008803971
0.3687300030955133
0.36873808409994735
0.3687309205654669
0.368738777584753
0.3687328850495057
0.36872123369188564
0.36872712556888965
0.36872789020686925
0.36872747148365165
0.3687306492211609
0.36870803305538563
0.3687366684180409
0.3687287738060891
0.36873318722140264
0.3687261162051908
0.3687230135432114
0.3687278529452343
0.36873451532745954
0.3687161175305356
0.368717056756426
0.3687338013414692
0.36871600790548503
0.3687147086936632
0.3687260251710451
0.3687367461790608
0.3687365663376234
0.3687217254633785
0.3687265975194572
0.3687422230420078
0.3687198810900964
0.36871770772468004
0.3687215387946931
0.36873062479335694
0.36873283138491686
0.36872671215433067
0.36872188525783023
0.36873447164880624
0.3687159709799595
0.36872793941853244
0.36872790643158276
0.3687390294260126
0.36872883780782634
0.3687189656600046
0.3687299580290756
0.3687304000835282
0.36872735133181683
0.3687244915581272
0.36872680554043213
0.3687272652449111
0.3687268874222197
0.36873145167855637
0.3687348116479093
0.36873044416138195
0.368731328918489
0.3687227902923731
0.36873143566983524
0.36873101142434245
0.3687228556422432
0.368719866564551
0.3687200502741336
0.3687221757708814
0.36871593340496595
0.36871984920323686
0.3687258102848381
0.36871556858807375
0.3687253282480783
0.36872932648723056
0.36873154522265805
0.36873241866691453
0.3687238702650697
0.3687373233567315
0.36873642620561714
0.36871679454774475
0.368712084072845
0.3687252841976516
0.36872139433908663
0.3687277576380025
0.3687229469361787
0.3687235808735667
0.368728306727781
0.3687208046583666
0.3687319637401607
0.368746226744701
0.3687163070722026
0.36872783935200604
0.3687348485969617
0.3687284271722427
0.3687246866555416
0.36871493739383004
0.3687199756122223
0.3687315281885177
0.36873530580346053
0.3687251487500109
0.3687339219605819
0.36872659974182004
0.36872799665289996
0.3687246191247865
0.3687245503466165
0.36873273708672594
0.3687197622753212
0.3687263906149413
0.36873196723945095
0.368735215948691
0.36871325327946763
0.36872989407795287
0.3687279140310593
0.36873562288670153
0.36872920500775397
0.36872850874963176
0.36872092362494296
0.3687375445086109
0.3687238247294538
0.3687327105363739
0.3687186836658752
0.368713022212997
0.3687358458599874
0.3687296298981206
0.3687340269187351
0.3687290286169678
0.3687310131173372
0.36872961557794887
0.36871785812391034
0.3687232902115062
0.36872628459595824
0.368728790178256
0.36872663362785785
0.3687255805999293
0.3687305480456861
0.36871943935149154
0.3687189101924666
0.3687284463459833
0.3687351345780952
0.36872902876184244
0.3687332986596061
0.3687198095074126
0.3687190257504129
0.3687254614226491
0.3687285723307372
0.3687232258386817
0.36872752515259216
0.3687208054617912
0.36872517670946614
0.3687215132814414
0.3687299691789129
0.3687251877384527
0.36873269686132537
0.36872961034187207
0.368727192880276
0.3687231536796272
0.36871829984051113
0.36873105250005117
0.3687257041233034
0.36872867275568966
0.3687206250544693
0.36873341668462356
0.3687263918582926
0.3687310924821748
0.3687277539476156
0.36873572147250916
0.36873158727954053
0.3687331192576902
0.3687353134090536
0.3687315909033351
0.36872379679011685
0.36872281725546435
0.3687234910126164
0.3687323775702978
0.36872480805799224
0.36871895425483414
0.36872290738211905
0.3687178012954799
0.3687274405941504
0.36872796077925557
0.36873463227310843
0.3687277884036254
0.36872774928857127
0.36872576538526075
0.36872478423679483
0.3687229301496703
0.36872395122804236
0.3687296670754154
0.36872662058405303
0.3687250653188281
0.3687275958398465
0.3687318138472112
0.36871672492178426
0.36872499831425193
0.3687254991705707
0.368725184917162
0.3687246732394419
0.3687259643629872
0.36872828789113876
0.3687229477211258
0.3687263874710754
0.3687267153397072
0.3687220731349141
0.3687256037719018
0.36872516694456253
0.36871729605076364
0.36873668699547674
0.368716993931679
0.3687260273706263
0.3687263830668756
0.3687229546616119
0.36872253543947536
0.3687269137949852
0.3687309924841963
0.3687223422811368
0.368731660454683
0.36872079600033486
0.36872782740374727
0.36871760797820186
0.36872509043014917
0.368732724244574
0.3687253788654427
0.36872824519354164
0.3687230184176418
0.3687214633321786
0.36872670494955867
0.3687318055699151
0.3687193144839287
0.3687324173250765
0.36872441937663386
0.36873076624187145
0.36871749778084945
0.36873232647013005
0.36872788578178584
0.36872325656459626
0.36872576944192126
0.36872814458576986
0.3687258900007345
0.36871898172294254
0.3687243816684361
0.36872326659851035
0.36873140328276804
0.36872529803405263
0.3687219823916476
0.3687290843941087
0.3687194927189954
0.36872669753616394
0.3687310188322375
0.36873050849128586
0.36872339976729457
0.36872827543453923
0.3687263378871318
0.36872212974228996
0.368717360229547
0.3687279806353769
0.3687225916201237
0.3687240808614385
0.3687350681271672
0.36872819174861565
0.36872968404322926
0.36872817976861133
0.3687291312625665
0.3687334751709616
0.3687252752903723
0.36872746282357405
0.36872851301689846
0.3687175237015681
0.3687300089739064
0.36872677802575665
0.36872472774124937
0.36872754226795806
0.3687293367140427
0.3687247929912212
0.36872077506937506
0.3687214714665104
0.3687305315448929
0.3687239294829032
0.3687314822026181
0.3687232176588379
0.36873231346509344
0.3687214478021569
0.3687258245872061
0.36872085264295673
0.3687293218307713
0.3687314747634324
0.36872963274721876
0.3687288379829927
0.36872187724832123
0.36872095043718084
0.36873010394790906
0.3687246340973409
0.3687279418227059
0.368729468738456
0.3687271165672311
0.36872623084209605
0.368728241768744
0.368728199869779
0.36872663446138115
0.36872894643383897
0.36872595415239445
0.3687308187009763
0.3687319447058494
0.3687339432452049
0.3687283093620797
0.36871908652252516
0.3687269409706568
0.36872436313721263
0.368724766782988
0.3687230419695144
0.36872894531135536
0.3687227407625782
0.3687303589705417
0.3687269031816753
0.3687243179745144
0.3687316944786505
0.3687248294949381
0.36872754060975577
0.36872327001089406
0.36872832985642834
0.3687275976309432
0.3687281747247883
0.3687217383248667
0.3687282141957946
0.3687243169885634
0.3687308900490207
0.3687269640004483
0.36872994610100374
0.3687362460613679
0.3687287902399411
0.36872119750735427
0.3687289530269186
0.36872738320849885
0.3687290643325629
0.3687271095894463
0.36873154789196294
0.36873047900357986
0.3687297773139043
0.3687263209853092
0.3687262788204628
0.36872673116348587
0.36872411256322496
0.36872931150732247
0.36872222090844575
0.36872280632183774
0.3687283896064978
0.3687264627178304
0.3687221118101271
0.3687260736612231
0.3687273742003589
0.36873415084777955
0.3687251245964121
0.3687267841052698
0.36872222967228063
0.3687344616175918
0.3687249964233486
0.3687292819735713
0.3687212362398071
0.3687213515690661
0.36872789541777745
0.36872396512610617
0.368728594350456
0.3687244988753736
0.3687280608235548
0.36872522868661706
0.3687278717483781
0.36872610040737447
0.3687283579571862
0.36872384133229735
0.3687304130167969
0.3687251142942896
0.36872641913022447
0.3687226356153329
0.36872654479421624
0.3687241047132162
0.3687295558281682
0.36872424166173307
0.36872129814843013
0.3687302619142788
0.368722915407319
0.368727594224427
0.36872604096051464
0.3687322506795465
0.3687314319428551
0.36872271979802856
0.3687224067033617
0.36872342866910257
0.3687231519462317
0.368726533036852
0.36872107631091
0.36872982765467643
0.3687284984145847
0.3687187912287751
0.36872082325208067
0.3687279773008897
0.3687328040756939
0.3687244536400723
0.3687239925052949
0.3687246344723245
0.3687281232789688
0.36872127855071063
0.3687227915199129
0.36872032857368997
0.3687286971772155
0.36872934226076565
0.3687262851517465
0.36872774394676344
0.3687303245479142
0.3687216448205269
0.3687206360827831
0.3687209306310914
0.3687237728703796
0.3687237506456227
0.3687265637157439
0.36872564092841087
0.36873042145849344
0.368726523317472
0.36872771202131327
0.3687274803487786
0.36872284744599976
0.36872372096518113
0.368731178156051
0.3687302867452101
0.36872361409233556
0.36872819600058937
0.3687300207834829
0.3687269056568246
0.36872514850707905
0.3687213556651949
0.36872093029062286
0.368724510360113
0.36872683887318625
0.36872478241595324
0.3687295875375913
0.36872908900165485
0.36872661723373423
0.368726052199792
0.3687235192964612
0.3687295228336248
0.36872440119642014
0.36872666933376824
0.3687315248512847
0.3687258047558325
0.3687248034022594
0.3687310587818817
0.3687221061866302
0.36872656322420305
0.3687256542630119
0.36872471279010316
0.36872920831576184
0.36872710210073245
0.3687250641623169
0.36872741416840144
0.3687297719051394
0.3687281759220661
0.3687278990558638
0.3687287572921135
0.3687309416602326
0.36872102751972224
0.3687270452818444
0.3687248823687416
0.36872543062939633
0.36872602085325507
0.36872663208677736
0.3687281925900463
0.3687262850552658
0.3687227525676229
0.3687340167213936
0.36872190709777153
0.3687257883833666
0.3687233613719379
0.36873149268073696
0.36872657404709797
0.3687259089208336
0.36872445110308344
0.3687250369063909
0.36872852455034794
0.36873052684149304
0.36873157744852275
0.3687283295985735
0.3687257782993961
0.36872602638513274
0.3687261319666357
0.3687246990753106
0.3687220383950918
0.3687289174497182
0.3687234767496118
0.36872666118804764
0.3687260681266775
0.3687280601668712
0.36872645480027
0.368725895807456
0.36872100149244147
0.3687228323354561
0.36873106622108864
0.36872943685438714
0.3687296954722184
0.36872323970896026
0.36872685878011063
0.36872836513009755
0.36872821053150456
0.3687247192246708
0.36872809703149434
0.368724366600909
0.3687293015312489
0.36872258599730395
0.36872999519278626
0.3687276582601076
0.3687285825596831
0.3687243318346515
0.3687283376456105
0.3687245404032039
0.36872712593112517
0.3687257800812879
0.36872104986671095
0.3687263735273567
0.3687302182903881
0.3687249064844485
0.36872573569305606
0.3687276541894914
0.3687272818734386
0.3687240103194335
0.3687293443834202
0.3687249568518333
0.36872908178572106
0.36872736187970107
0.3687248363261253
0.3687262980611936
0.36872594513929363
0.3687284799138274
0.36872500337473557
0.36872847287534255
0.3687262401160582
0.3687263464645749
0.3687272163739724
0.36872615436365486
0.3687229235629131
0.3687223261703369
0.36872589890808694
0.36872568781220105
0.36872184702141053
0.36872917362513113
0.3687296916077689
0.3687279018028083
0.3687271899846629
0.3687305308835892
0.3687248813233396
0.3687293120004532
0.3687186177172962
0.3687277365463777
0.3687238564605554
0.36872640408884827
0.3687250590940322
0.3687288283880349
0.3687215458165
0.36872890318682533
0.36872805590892965
0.36872544762871823
0.36872625479532983
0.3687255902389986
0.3687265183073866
0.3687263044532954
0.3687236546928906
0.36872847657170094
0.368728235353798
0.3687225899370203
0.3687253932316518
0.3687227674601957
0.3687242853354873
0.3687241431002117
0.3687256413785044
0.3687271555198446
0.3687266971475964
0.3687206336843113
0.36872185517939515
0.3687276510966779
0.36872711816550396
0.3687211116917807
0.3687259774594649
0.3687312622729843
0.36872547451797233
0.36872895828833596
0.3687263668975107
0.3687236078133613
0.36872453122913856
0.36872975708591255
0.368725871941374
0.3687294302005724
0.3687291688388538
0.36872495450018383
0.3687270269031191
0.3687252312947703
0.3687238549212761
0.36872912631063437
0.36872330253284924
0.3687261131091649
0.3687297633773957
0.36872747266633144
0.3687262889974436
0.3687258162594906
0.36872356597443856
0.36872746973912623
0.36872727439823
0.36872655036608964
0.3687289852121925
0.36872444005062244
0.3687226527816054
0.36872583346840276
0.3687252305835892
0.3687209823664424
0.36872660733127804
0.36872562453998453
0.36873056839595886
0.3687276965270759
0.3687294753532289
0.3687289650399349
0.3687238713421336
0.36872435468718695
0.36872617026491855
0.36872706031445635
0.3687260293099719
0.3687254951418746
0.3687256865325787
0.3687277539919169
0.3687252934264834
0.368727167935655
0.36872472628017333
0.3687270187456008
0.3687283560795652
0.36872812163248975
0.3687265009341102
0.3687254825940657
0.36872396471624264
0.36872901206124686
0.3687262650103721
0.3687241121087962
0.36872820208305823
0.3687254831025113
0.3687265148784242
0.36872469486377624
0.3687255713159345
0.36872598518986505
0.36872878495383593
0.36872595506169153
0.36872725969082826
0.36872551086719124
0.36872764488154797
0.36872630096584375
0.3687236871620483
0.3687261593431395
0.3687231859951958
0.36872973037973095
0.36872391835976787
0.3687243477124146
0.3687279333820939
0.3687237219885916
0.36872890441237544
0.36872402206975
0.36872414187684355
0.3687273410024177
0.36872435209961185
0.3687242711156775
0.36872494062665884
0.36872566294932535
0.3687270943743228
0.36872583418941207
0.36872641547474805
0.3687273520457149
0.3687244686743356
0.36872638981631906
0.3687243181342693
0.36872762755145994
0.36872389147647133
0.3687240085450496
0.3687253911940802
0.36872665770656443
0.36872454690284123
0.36872738063034316
0.36872584796999663
0.36872679545211196
0.36872408045291266
0.36872762283765964
0.3687250867223044
0.36872580307094166
0.36872890077874504
0.36872492995667366
0.3687288085773509
0.368723712506529
0.36872394141884457
0.3687267830991438
0.36872533922446216
0.3687254302043255
0.3687280035804653
0.368726769130281
0.3687267235180872
0.3687270183250885
0.368728546120771
0.3687256307366976
0.36872682504036985
0.3687268076427882
0.3687270002950442
0.36872523532186113
0.3687240049756803
0.3687253682452626
0.36872531834953914
0.3687243393353872
0.36872972702199297
0.3687260988268623
0.36872476761614653
0.36872460022837267
0.3687272285860063
0.36872544564148657
0.3687246034028001
0.3687258243794429
0.3687283351986557
0.3687249362875165
0.3687243398328257
0.36872559599053795
0.3687243529079282
0.36872674917740916
0.3687261992597985
0.3687289978117752
0.3687253411390869
0.36872613913900565
0.3687254605507224
0.36872664344361106
0.3687251338191647
0.3687252084183507
0.3687228313556466
0.3687250691578442
0.3687263988767659
0.36872451807012463
0.3687255976469055
0.36872733514190237
0.3687246164140766
0.3687252408818709
0.36872731229276184
0.36872364739232305
0.36872826862683117
0.36872754611931363
0.36872550907957113
0.3687270609023394
0.36872539166895424
0.3687248599195449
0.36872532189672275
0.3687247570034454
0.368729793448816
0.36872791755005985
0.3687254988353376
0.3687283773198955
0.36872604881356946
0.36872503324846617
0.36872422539474103
0.3687273491560566
0.36872719665618586
0.36872767801669204
0.3687259924178335
0.3687265892325705
0.36872695811022593
0.3687262622979851
0.36872532455174867
0.3687266641157866
0.3687267451561465
0.36872535255868
0.3687264777022958
0.3687258795710607
0.36872627127025515
0.36872639553003733
0.36872377244392573
0.3687266840149478
0.368723606635927
0.3687259420142945
0.3687266878991703
0.36872569259340643
0.3687273175464537
0.36872658573915346
0.3687265655926076
0.3687265647125608
0.368724556496342
0.36872614485311117
0.3687249869720882
0.36872701842177596
0.3687246612516592
0.3687264894548803
0.3687246961869002
0.3687276117086943
0.3687289781846855
0.3687258550200564
0.36872535235992104
0.3687260138556124
0.3687276575617348
0.3687270840385658
0.36872666289404277
0.3687269220258484
0.36872679089011834
0.3687245162351852
0.3687260150757321
0.3687257512126815
0.3687251524636957
0.36872583323468217
0.3687263782564919
0.3687252127802095
0.3687253051646262
0.3687249687474168
0.36872700783871776
0.3687281216991236
0.3687253440010586
0.3687264449801425
0.36872801912488645
0.3687253924393604
0.3687256271591639
0.36872594332636016
0.36872716062943844
0.3687271205821045
0.36872670384564665
0.36872494980488446
0.3687265373853547
0.3687249231200657
0.3687263564859455
0.36872757158884895
0.36872607683863434
0.36872673666462563
0.3687245085323199
0.36872554593250007
0.36872635882856786
0.36872477801971437
0.3687264330510511
0.36872683162084563
0.36872641673086726
0.36872505659182087
0.3687268923064742
0.36872646890593835
0.3687255395860414
0.36872640688413905
0.3687266887164248
0.3687259642847697
0.36872499605826675
0.3687264764177714
0.36872591726008275
0.3687264046692602
0.368725531889507
0.368725945311531
0.36872635106102697
0.36872558158013824
0.36872557717062904
0.3687253947115626
0.3687261630725521
0.36872661013609204
0.3687253988106758
0.3687260618216911
0.3687251439730868
0.368725586970658
0.36872681218182957
0.3687263936737955
0.3687260950801754
0.368725653674913
0.3687266151004787
0.36872647695038574
0.36872562893395155
0.36872584244501877
0.3687256742074692
0.368725296638984
0.3687258745701905
0.36872636210470144
0.3687262075700591
0.36872644789676345
0.3687259179664291
0.3687257216019884
0.3687262393267068
0.368725966579675
0.36872610821230684
0.36872550943260346
0.3687263318212721
0.36872680553989345
0.3687262934084888
0.3687261008755105
0.36872599154017505
0.3687259985127175
0.3687261907658351
0.368726109735066
