0.12083299269535018
0.08505404381895375
0.06865803840250781
0.05928534513029827
0.053353050886711245
0.04859775636653874
0.045541465938710786
0.041670883855500974
0.039493534244369986
0.0377095104457146
0.03564897826743863
0.034355827998101024
0.03330679974036485
0.03200401477822029
0.030798439184816374
0.02953502769400932
0.028886303873614533
0.028058149386313184
0.0271071246134666
0.026362366442945224
0.025803905440809523
0.02530819817802863
0.024773660325910028
0.02414143011569486
0.023768948074335418
0.023017376767138435
0.022475010545408177
0.02226776535360849
0.0220731149861498
0.02156837604807989
0.02121320263481992
0.02098009693254495
0.02049543721404576
0.020333982861461736
0.02001908967456026
0.019571771634125268
0.019292216338834108
0.01899646931456996
0.018890703605655465
0.018370102818593546
0.018352445069588913
0.018222938530426863
0.01771972383817725
0.017843609702694805
0.01729269839150683
0.017276906261348354
0.01725701988314449
0.01690968594909818
0.016686998862546685
0.016535939246574677
0.016329960291813682
0.01614044697847025
0.016055145766044714
0.01589568017754468
0.015606027192202061
0.015442322416633866
0.015513301203767219
0.015293515601345134
0.015097502276980016
0.014774017414573183
0.014739913493579834
0.014837046491617727
0.014677078994186599
0.014413149817140695
0.014271386100924986
0.014334176498319043
0.013904108922223223
0.014157231627272414
0.013985327344905544
0.013712427908349353
0.01380927485576702
0.013642278691623409
0.013379184384926374
0.013461444211108375
0.013176920094427847
0.013250964690911365
0.013122441189477148
0.013127683336729434
0.012948678031783487
0.013014395044540905
0.012663511603380714
0.012601979834742103
0.012497141297264492
0.012411366161492935
0.012426081508121108
0.0124040866351182
0.012321666007984849
0.012040463993969602
0.012019793445830844
0.011905341359392679
0.011806346913816218
0.011853244534117863
0.011815235536425706
0.011803651677904693
0.011767053089734197
0.011715856244119804
0.011576563684808252
0.0115837824249488
0.011361939823986906
0.011415905883198305
0.01133057974327505
0.011110186089602582
0.011138494626219983
0.011332714311815293
0.011035237465000501
0.010926412911462744
0.010818143724731643
0.010978621991332477
0.010762471958107643
0.010842900093336168
0.010848438944520363
0.01055530936802204
0.010599854096069186
0.010502573532567264
0.01047567074669937
0.01046804345896714
0.010557398469723466
0.010435008726673068
0.01011982407069087
0.010236883157586365
0.010165927416002002
0.01005814826245893
0.010248235825472017
0.010090045927841632
0.010018905242036908
0.009870277698289595
0.00989998785807227
0.009867686701771029
0.009744381174464523
0.009821383019862849
0.00973449380481
0.00966583065901221
0.009591437095737525
0.009582088554242151
0.009623431929496195
0.009662933676487483
0.009518921122435235
0.009406348113243366
0.009403064276136727
0.009435041143335657
0.009351542387937851
0.00932917011712201
0.00914540637868244
0.009278952458920802
0.009221829614072898
0.00899158407244682
0.00911366762302916
0.008999805332173292
0.009007812733808787
0.00908052252657693
0.009005230748468032
0.00903628623142815
0.008992452262381425
0.008840432277878943
0.008791898211907696
0.008787279905634878
0.008771732041813805
0.008723492927841865
0.008746405294422104
0.00876382835554638
0.008629233433008157
0.008535374522311807
0.0085725304755039
0.008478827603105234
0.008537213893704246
0.008489406629858878
0.00839614458766273
0.008408791792337075
0.008441883749157978
0.00836206163448404
0.008405877425405751
0.008281886490365773
0.008373665828722659
0.008213510559423466
0.008157493654962848
0.008161661283843784
0.008135362981805458
0.00813085012447695
0.008127428523375993
0.008031233508759634
0.008178857582231712
0.007936919358292285
0.008003071569143191
0.008004884186997005
0.007997703710639558
0.00789486113458603
0.007906431326085636
0.007806679931075554
0.007822164792365336
0.00775290398071495
0.0077635476013748015
0.007695230985686147
0.007705944127143614
0.007694844818114599
0.00766064359465743
0.007647118945970781
0.007661434536714572
0.007615954049393893
0.007520316161779152
0.007611804416363889
0.007473672294390324
0.007482302402207626
0.007490616879014583
0.007409719866531058
0.007450958672737139
0.0074320944854036446
0.007355900297429545
0.00732132188675376
0.007281380411724465
0.00733797345882991
0.007302076508008461
0.007253422228204165
0.007298293201715965
0.007256539324234668
0.007149759458075541
0.0072010586961256395
0.007191987734512095
0.007161248903648909
0.007125477270263399
0.007111219961511001
0.0070998917975780215
0.007186116645418818
0.007033487668229611
0.007073376403951753
0.007026830802384786
0.006969404261335759
0.006964950955628228
0.006945123875694925
0.006869601756999113
0.006921668818932215
0.0069585800071064255
0.006849923828659829
0.0068891450786963985
0.006839927997656047
0.006837677424113
0.0068070562842162605
0.006804591215316733
0.006757224277431793
0.00665518335469174
0.006801451901725672
0.0066621479597141
0.006770356739486744
0.006682945179623933
0.006626123807682813
0.006683884074145538
0.006583770273127391
0.006520348475854762
0.00656628286630245
0.006477161093230198
0.0065171430240424915
0.006519451775132025
0.006605404554502788
0.0065841429862941985
0.006433940345625728
0.0064360481864690535
0.006486724291345479
0.006455400503004211
0.006388356732468211
0.006425235264533838
0.00638497367756698
0.00631680832583753
0.006403039664135547
0.006348511432353701
0.006335999333959252
0.006258180975610872
0.006257076819971598
0.006244281833559212
0.00617310139368807
0.006326970028117743
0.006167796837210822
0.006143489986691405
0.006233935582052358
0.006217810448630766
0.00619448350480091
0.0061796986854849864
0.006114466899089962
0.006043588752803982
0.006094459085276196
0.006062228270131246
0.006044287649206636
0.006070455726608845
0.006056043316725092
0.006052184388038313
0.005928269904381406
0.005948409186918879
0.006072525636239379
0.005955938874675536
0.0059406706060490455
0.005859094113479231
0.0058540522992731716
0.005877570636256408
0.005909281918350017
0.005861821838294713
0.005916802610888696
0.005862215154724597
0.005836705688062707
0.0058276494607056376
0.0058788623247384205
0.005790279918234926
0.005746376558958095
0.005744148896787042
0.005697163595602003
0.005745400867696655
0.005724256325787549
0.005677534724008026
0.005685079318804364
0.005699081406782444
0.005707879955657205
0.005679669041333437
0.005642734066320967
0.005606820498860807
0.00564756611613759
0.0056008253033755185
0.005495368758859856
0.005597426595600039
0.005536628187021135
0.005556629303318095
0.005551357051257052
0.005499459141284908
0.0054907861349555755
0.005476686843186027
0.005475099361688773
0.005460903173804963
0.0053913455093395355
0.005473130850155813
0.005357058468996704
0.0053842101202741955
0.005399872629428777
0.005389411905598363
0.0053752012291462155
0.0053545853052274954
0.005352805395141827
0.0052718208354217665
0.005307083866288489
0.0053600020823805425
0.005296564182356425
0.0053355967400972445
0.005254195285621664
0.005210154163835291
0.005173283875884433
0.005287366893230958
0.005180729521952096
0.005268343213516923
0.0052418378579300465
0.005195036430384042
0.0051580622857093856
0.005202803630012474
0.005192287453918896
0.005161619877719014
0.005252126503523576
0.005142885787820886
0.00510279897400464
0.005104888210458508
0.005142200240392971
0.005148265449959908
0.005091226523522201
0.005137202843164822
0.005084577281590552
0.005133845633387025
0.005036142068716446
0.005054110481056847
0.0050708083824675555
0.004988979482032266
0.004996713953899254
0.004919207132726954
0.004956446832301102
0.004995641220266588
0.004898784887185495
0.004949184090146316
0.004945140544687453
0.00487931110586853
0.00492046873011077
0.004896502117184688
0.004853921709320185
0.004912833156945269
0.0049157167882985684
0.004893026563597827
0.0048781857000377415
0.004826539151275917
0.004790779668311398
0.004910908760894594
0.004831103356500686
0.00477208180319914
0.004777780843000497
0.004755246056335676
0.004760289854522134
0.004798451739244961
0.004795697516980875
0.004780140507139852
0.004694105121783678
0.004717223009448149
0.004685401241292688
0.004675191491638933
0.004734100224049197
0.004708929829645904
0.004737659545724662
0.0046505565230886515
0.0046449293459381
0.004576366358139047
0.004601827701184117
0.004597900769644245
0.004534567705743156
0.0046046797019588795
0.004576345660087207
0.00458564897711224
0.004569955507244287
0.004580462266491643
0.0045281729023779835
0.004536160086335691
0.004486036442651576
0.004541465175504223
0.0045259581892550015
0.004499650017625318
0.00444323880720015
0.004544222757518717
0.0044883390929549944
0.004459306277462185
0.00449487233772955
0.004457977362525252
0.004395356428828571
0.004441409020499587
0.004424247091553463
0.004441888992164914
0.004482823785131712
0.004463597257749769
0.004365629898476013
0.004394907795637393
0.004365720850494002
0.0043380270183171945
0.004377892678143963
0.004325559856383413
0.004325491431575583
0.004304188635067983
0.004334918719094087
0.004309092338083449
0.004266576285951071
0.00433949582291286
0.004224194702965234
0.004231148055717853
0.004260240787287729
0.004318051116070578
0.004265452837108051
0.004255223500474524
0.004208608804717826
0.004236396842845036
0.004191182969500049
0.004170165356570265
0.004173266567480557
0.004182538112921882
0.004170816593652952
0.004187787586108457
0.004101625625291157
0.004148919920484555
0.004181134747042856
0.004107749775157981
0.004142497125264388
0.004127603006724762
0.004109725099324033
0.004100027296243189
0.004076445675974023
0.004070593050813844
0.004047693415138404
0.00403807376740543
0.004055719592054145
0.00401594037474071
0.004068615133552479
0.0040393264106057735
0.0040526739627855584
0.004049168837102795
0.004012624059332085
0.004023835462837793
0.004019087275403237
0.003973136403886688
0.003982703888982874
0.003963179605715807
0.003949162905084101
0.003945142941429974
0.003947516598845269
0.003939740618921075
0.003954070539437074
0.003928946769016458
0.003935229805002688
0.0039009121037395385
0.003955999946978179
0.003868992001961479
0.0038539947651755847
0.003829535188676326
0.003907586682630468
0.003906685702623079
0.003817775742882869
0.003790928653437033
0.0038726354046454436
0.0038112626130259873
0.0037934793339201686
0.003806691028631977
0.00379420733534937
0.0038272035944098733
0.0038322326741140446
0.00376466833293115
0.0037637433015260597
0.003713037165267747
0.0037664734945936
0.0037397969493521512
0.0037185727423520547
0.0037352339371055803
0.003665543804543823
0.0037019700735118704
0.0037013159510300305
0.0037435795331928296
0.0036903438660378244
0.0037037940383328224
0.00366307809001554
0.0036452519326414124
0.003706169552462576
0.0036803038527905662
0.003662937661886783
0.003646288814450601
0.0035905479392568255
0.003626604012030335
0.003634341148774673
0.003600959021512194
0.0036275972857963278
0.003644049215339117
0.003565797280126403
0.0035774039721853876
0.003590025335096171
0.003568538781181063
0.003532293302073156
0.0036086386056975177
0.003565608959104
0.00357059345364833
0.0036061665871774686
0.003550694765615638
0.003550690509225688
0.0034722823199356354
0.0035141980316420176
0.003484986920138292
0.003486550193657063
0.003527490718729487
0.00352933434250883
0.003481789751717342
0.0034901222373078457
0.003468013570655527
0.0034223582259701787
0.0034175890427039566
0.0034968482829266334
0.0035020873621444846
0.0034998014689266075
0.0034392004914114227
0.003424812763688121
0.0034385544587562395
0.0034094928487391984
0.0033922726558076365
0.0033440408367272677
0.0033384098745454158
0.0033584188219298447
0.00338578066666127
0.00332481712823979
0.0033381711096624085
0.0033594050957430083
0.003324118356447219
0.003355609029817567
0.003314002555190119
0.003331376087094818
0.0033664821001111356
0.003288115768973666
0.0033147319929433035
0.0033049021076712913
0.003335197569833422
0.003304247265792501
0.003243517189369948
0.0032442517485935718
0.0032537421772807825
0.003255559517245659
0.0032431265375782157
0.0032317097039261796
0.003214723531441636
0.003230721942503133
0.0031815095144836414
0.003204344752850941
0.0032145994166400444
0.0031763650764774633
0.003188012115289462
0.003217274994483593
0.003222575685598225
0.003172502492279378
0.0031541527302723507
0.0031670828289904517
0.0031322238964036275
0.003171291323479241
0.0031654840774210905
0.0031312543910673295
0.003142921879273138
0.0031070397584573284
0.00310418308220892
0.003114539959718595
0.003133728982565192
0.003066994100342679
0.003073926007495247
0.00308222975422289
0.003077142498189853
0.0030788581567623226
0.0030820854452555764
0.0030622087159149166
0.003046003619245326
0.00305634168405659
0.0030645098243511806
0.0030464444533497177
0.003010529776657494
0.0030191572137004954
0.0030339552212419276
0.002981661453091134
0.003037291238432765
0.0030375377218692314
0.0030066445445193594
0.002967596931764066
0.0029781856028921177
0.0029600628343029465
0.002963283977949832
0.0029269471300525235
0.0029598091846501336
0.0029506936189160164
0.002931295054832065
0.0029318938620904473
0.0029315097687334438
0.002903170553599955
0.0028792906216220894
0.00294081884933243
0.0028863209192615713
0.002906606553332341
0.002890218648507692
0.0029052431553314717
0.002864691406766497
0.0028708632121733917
0.002858521925520977
0.0028845656950491
0.002891076362407704
0.002836964076720934
0.002856165732261546
0.0028455226195234634
0.002850039562616257
0.00282241692673227
0.0028141451851544158
0.002825893944377104
0.0028396856201162797
0.0027813514557556746
0.0027724343622921193
0.0027995423984235614
0.0027719928987910915
0.0027619979265696166
0.0027784848241319644
0.0027831550399621207
0.0027487800110067226
0.002731708413958458
0.002720449159290383
0.0027418837633885014
0.0027037375938558906
0.0027296063897199463
0.0027163341173923384
0.002711774730143685
0.002725325978517599
0.002688321782090374
0.0027055665011421625
0.002696085918088898
0.0026713268528159133
0.0026339660680967576
0.0026738121628779327
0.0026607409320938773
0.0026237924512188425
0.002636803839856425
0.002665372121865165
0.0026656307539055834
0.0026291506113513543
0.002643016808782765
0.002631678400885745
0.0025890462576563028
0.002599172454235694
0.00261578110932721
0.0026028706581653197
0.002570521068301512
0.0025680039767342596
0.0025968845660285563
0.0025687016899521363
0.002577839932008882
0.0025717469227864043
0.0025714635395957565
0.002521952379298891
0.0025456829911049946
0.0025362247218963132
0.0025632618325434177
0.00251805775721329
0.002521849451940523
0.0025206938546175105
0.002504652198403857
0.002484377438963272
0.0024814302189606558
0.00246193412670298
0.0024851586815645226
0.0024553679371897815
0.0024750215959023483
0.002488747052296781
0.002461119844602091
0.0024819520070733818
0.002465186188297637
0.0024609322950226733
0.0024250646066450794
0.002451301478870666
0.0023987482742432917
0.0024131773400994957
0.0024379799789799148
0.002454745069175439
0.0024150394249777473
0.0023947093216138615
0.0023690543082100003
0.002394152040446417
0.002376242151285537
0.0023396621000098283
0.0023740127888545945
0.002368521913982794
0.002332760359973437
0.002367751887846
0.0023807094998399146
0.0023240506682450017
0.002310520238011482
0.0023204845904291854
0.00231849256176789
0.0023222660626373596
0.0023090829726072144
0.0023002003336282414
0.0023115297096405157
0.0023050225583227694
0.0023021790657666665
0.0022879879062275943
0.0022813009537861833
0.0022359567245327176
0.002253602868994561
0.00224493355130065
0.002236791468338414
0.0022644163002833798
0.0022215785183505
0.0022408773466873417
0.002222251341667963
0.0022151398046432115
0.0022287001534347806
0.0021978295361401662
0.002205661075475341
0.0021884599764280346
0.0022040908166683425
0.002171933451047408
0.002186100035249839
0.002154333949881982
0.002183454526523535
0.002154068240169813
0.0021476542797086943
0.0021733573489774614
0.0021533725989149937
0.0021276146524640926
0.0021315884201248978
0.0021403859853136617
0.002138786049090052
0.0021128408015702862
0.00210554494937702
0.002119256451938015
0.002070844460807746
0.002055664550831139
0.002089614857211638
0.002088707410569633
0.0020622092788184078
0.0020913613169160246
0.0020909382617108436
0.0020684533939353297
0.002031848563482192
0.0020369866571021728
0.002011453418130446
0.002013638975081778
0.002043976893215309
0.0019886931037294405
0.002020566729638372
0.0020017758557601814
0.0020173022616613604
0.0019979504529196463
0.001982783163146633
0.00197439644281464
0.001957244992200522
0.0019737078936103588
0.001982669987219836
0.0019775363561636756
0.0019657439156319364
0.0019474147450612472
0.0019538634023431667
0.001946115393245659
0.0019306498038818133
0.0019334683689354209
0.0019352544746204718
0.001920875365790146
0.0019135285696527892
0.001932371463593441
0.0019003974184762774
0.0018934100042783612
0.0018789058005230742
0.00189755970517847
0.0018816457725557303
0.0018596671994235852
0.001875467436978351
0.00186392187763414
0.001857672570842796
0.0018595321579420558
0.001841126331148553
0.001850069019112677
0.0018340751494968957
0.0018241577089905508
0.0018272342301915994
0.0018009404108845592
0.0018103920823283961
0.0017974400554987375
0.0018032959062680982
0.001785210351738974
0.0018000304140835053
0.001772255967589436
0.001775628033212553
0.0017530111235141625
0.0017663970657135547
0.0017676682682998316
0.001736587584812941
0.0017337597467362918
0.0017236224999412878
0.0017095374541526496
0.0017257708861350817
0.001707594248172656
0.0017105179850674722
0.0017054193594070908
0.0016956715566007565
0.0016861872684620744
0.0017156371672451926
0.0016765223964721062
0.0017027282800614247
0.0016575044846887763
0.0016580298095742825
0.001663715320652016
0.0016393747294673594
0.001632894821568283
0.0016372392376659442
0.0016383471744199874
0.001624091025749677
0.0016367136057062097
0.0016142681892389965
0.001601436379837357
0.0015956968345625933
0.0015941706844934888
0.0016029373797513088
0.0015862328760583209
0.0015799282429965822
0.0015677207937781596
0.001560574303639991
0.0015528013509541552
0.0015511418453168055
0.001548969088696704
0.0015407056842386172
0.0015445168731457138
0.0015169550966770307
0.0014989675089804077
0.0015074602048040023
0.0014974400326856468
0.001504340479205185
0.0014994702931358163
0.001477358449850334
0.0014780483527703932
0.00147759907135596
0.0014741537970526704
0.0014535872892569768
0.0014597292842348244
0.0014540752152818357
0.0014504152948890058
0.0014448403235759202
0.001426259841408086
0.0014221444659966956
0.00140908709562931
0.0013964778524996012
0.0014054101082951818
0.0014004042210673307
0.0013936203711218346
0.0013868109345770078
0.0013757473947379455
0.0013714973595841083
0.0013595755444337028
0.0013455651300065179
0.0013333746043982227
0.001344612705619084
0.0013283093357619002
0.0013438806247722764
0.001326992182817813
0.0013303799278358956
0.0013116699089116978
0.0013076750841144948
0.0012942078698701062
0.0012746112798712416
0.001285728323215349
0.0012719110189803172
0.0012582211383536386
0.001266151477722052
0.0012530208430826908
0.0012367812028599439
0.0012391624348381462
0.0012275510911503905
0.001211123492265306
0.0012102347575746334
0.00120332062947689
0.0012096683757780277
0.0011976156189278983
0.0012040351798912239
0.0011874669356377993
0.0011709920611126402
0.0011708183374759713
0.001165857722319019
0.001161878697721473
0.0011429884312236492
0.0011375216351200256
0.0011220756699491055
0.0011191781143290891
0.001117189881613296
0.0010973569005410628
0.0010826140119725416
0.0010914683148524095
0.0010884434133101874
0.0010817456075269218
0.001069715711361276
0.0010465756743330472
0.0010586651535062104
0.0010563130724286444
0.0010313755980870859
0.0010177635358275862
0.001029465192057113
0.0010171225876137327
0.0009986449249597222
0.000998396713458583
0.0009828166184806901
0.000984384455063083
0.0009753167969278531
0.0009723831352751818
0.0009645802689345944
0.0009466625060280359
0.0009403339757317004
0.0009239747785366646
0.000914051719591877
0.0009078562227832469
0.0008985298830988316
0.0008976316411807113
0.0008762785115203221
0.0008645001291140465
0.00086756311788934
0.0008699666745217119
0.0008551129051697612
0.0008459615335972048
0.0008360433739117963
0.0008238790154366692
0.0008128523491733081
0.0008040594778296899
0.0007911205976642553
0.0007869020074858763
0.0007775916471333414
0.0007596756932062789
0.0007519781392641751
0.0007448328600030658
0.0007382280957843464
0.000720828028045362
0.0007027488205438009
0.0006935645188364306
0.0006780664214074483
0.000675953105179337
0.0006641264831353278
0.0006511191072033836
0.000635103582728686
0.0006278978968701625
0.0006153033420875702
0.0006084284894295621
0.0005980052845278727
0.0005860463214734138
0.0005678916137400448
0.0005558185797195835
0.0005444851150273499
0.0005204388433897488
0.0005076628021098416
0.0004985463062923285
0.0004829436580417748
0.0004637127701745992
0.0004501783041015764
0.00043113536987925995
0.00041830823507550853
0.0004034321809760709
0.0003769355269718531
0.00035864582450709345
0.0003391428086829165
0.00031710272301447196
0.00029515410829818607
0.00027008263967127525
0.00023965641389123578
0.00020747302035748117
0.00017114452819077302
0.00012072487635686898
1.0114003791486628e-16
