0.04734131511408006
0.033836388491655524
0.02734966592705877
0.02371474951077088
0.021248893303723208
0.019304340599964935
0.01780918596516558
0.016744520788027722
0.015825180985639946
0.01464307235448386
0.01416763395190529
0.013646880764843427
0.013095916996322524
0.01259861760411655
0.012093928084742425
0.011772474628191773
0.011345507804346589
0.010922405671034606
0.010731042586606367
0.010516582741419384
0.010410881103539481
0.009957956923302088
0.009775013495747078
0.009565679773557205
0.009283958422500667
0.009181794988437882
0.008919093898804372
0.008821750251404456
0.008587943476641505
0.008418179778167882
0.008315716288382199
0.00821404280311553
0.007998808009304796
0.008011361729432983
0.007840487904835398
0.007714084342478839
0.007591303449751107
0.007586058221295418
0.007390983774099853
0.007353988618602736
0.007276338158578861
0.007190834523770273
0.006890531636755338
0.006982950543221953
0.006853429247552101
0.006684190807321955
0.006722316347902842
0.006666082884499119
0.006557615890944091
0.00653137295903949
0.006446532688703959
0.006383895478375763
0.006317183640111633
0.006303681149138206
0.006163240511290867
0.006114068895780146
0.006112701812283916
0.005979820913163123
0.005905165077410556
0.005948874896697982
0.005806743634960566
0.005889273989298059
0.005743477656822921
0.005696657851027533
0.005650328507559712
0.005600727853093771
0.005539589361801588
0.005553073393478328
0.005510879361337953
0.0054828514867988724
0.005474949991280455
0.005388543277371941
0.005408108183042407
0.0052597007500402426
0.005300672968353376
0.005216535275927029
0.005268359787649177
0.005082898433880537
0.005073394911424557
0.00510441360808058
0.0050361370301887694
0.004959844646773814
0.005015642959625656
0.004890321684401647
0.004873452137808928
0.0048975219929771685
0.00490466816943948
0.004893839485023863
0.00483057093353726
0.004747439692982744
0.0046917563851076646
0.004739150306654042
0.004716574295933968
0.004637998758749829
0.004661233568914765
0.004580186504291489
0.004549793546674593
0.004541228275746109
0.004515817156527715
0.004496835322100012
0.004432140347133521
0.0044129705361356485
0.004391234482657571
0.0043734389778020905
0.004373928202167647
0.004337029703956443
0.004307648790436032
0.004330961947657331
0.0042305395402754825
0.004285081738838411
0.004193943216730339
0.004238347381780361
0.004170059713560157
0.004204460227221261
0.0041580415708947745
0.00414490594129104
0.00407172667343849
0.004102601721573671
0.0040595571884087436
0.004034296916889964
0.004069600415671478
0.003966491281512684
0.003995951387865611
0.004006928037524801
0.003918349101679969
0.003986355527313668
0.003870199812754417
0.0039069554615245
0.0038989383214105638
0.003907240706372454
0.0038159232771491536
0.0037984474535561444
0.003832895991266945
0.003806505125688184
0.0038029697750327257
0.0037607149483338143
0.003776776947363856
0.0037492906646591725
0.003703285055528842
0.003685378622675325
0.0036995334159060605
0.0036715913534900897
0.0036936270712313425
0.003620103038202299
0.0036204693134356905
0.0035909120693762803
0.0036002437495530003
0.0035638442605019
0.0035884948601592513
0.003529337960265654
0.0035609849606338755
0.003504414561931963
0.0035160143523531276
0.003519150232317311
0.0035207349429294808
0.003495332412572679
0.003457101545987029
0.0034532564375385293
0.0034295975102331135
0.0033901865826511494
0.0034288293682783683
0.00340011473165831
0.0034145946173736843
0.003409308186351468
0.0033709246088080226
0.0033846756399105705
0.0033357086564764736
0.0033158504289176396
0.0032896337468080027
0.003322242753152464
0.0032619472364569936
0.003269967281660352
0.003347416961076433
0.0032394617483073106
0.0032537098085586675
0.0032219147034900277
0.0032473137807145524
0.003240740763377922
0.003222404946666169
0.003211774197541679
0.0031476122144872727
0.0031762036281392076
0.003130995562045465
0.0031083228891507935
0.003135276078392084
0.00314665736441858
0.0030886614251624494
0.003086402480149788
0.003169247764101988
0.00308205389771514
0.003083112732090709
0.0030536694133425813
0.0030269049989770725
0.003077200925246508
0.0030411480597286496
0.003011925501798578
0.002984733265777894
0.0029992734469805565
0.002996932274124078
0.0029997228195393303
0.002941189105260465
0.002969244524600663
0.0029928308636166323
0.002957623202833194
0.00290860812671999
0.002951328387976419
0.00291174931293282
0.002960162530062992
0.002920043709722296
0.002894101881444611
0.0028570616938536006
0.0029180771805366124
0.0028575502577240625
0.002870674353674582
0.002874615770643458
0.0028598649122548985
0.0028652550623085604
0.002869970303406454
0.0028293430345143183
0.0028180232978595406
0.0027936398766628926
0.002786278011500956
0.002833995688779221
0.0027558925399031277
0.002793448155606551
0.0027442648561197243
0.00275987563177686
0.0027296225078274738
0.0027373626471858333
0.002726805614712181
0.0027411762640230644
0.0027266393107903296
0.002740225100233856
0.002694241826858559
0.0026904944051425734
0.0026888484718349003
0.0026718535549457505
0.0026757362722833154
0.002662236344185744
0.0026794935505391887
0.0026522187135329268
0.0026387334868721154
0.002627400185779358
0.0026390837466679145
0.0026361881769400167
0.0025981529751877576
0.0025796637246178534
0.00260761262015102
0.0025822320265569496
0.0025396871305386043
0.0025669776171429438
0.0025707059737702515
0.00254295741637352
0.002545513463830664
0.002530576777275136
0.0025153464105007128
0.002543278117189486
0.0025388237658695743
0.002510269015478627
0.002546770907012309
0.002521536941497416
0.0025234985751147548
0.002490766447676289
0.0025022718058431647
0.0025003339819823275
0.00249346681152824
0.002446888759191586
0.002473463479766862
0.0024085970088028237
0.0024591962666736314
0.0024744026997934217
0.0024605255648271407
0.0024266874010283037
0.00243011738683867
0.0024004606508093887
0.0024315036899527167
0.0024025920116981852
0.0023958721427305755
0.0024061109434719012
0.0023976248049046487
0.0023730628341454164
0.002385790766872151
0.0023811093711589033
0.0023806728094923433
0.002346858926983269
0.0023290236496358524
0.0023315261186303915
0.002360035184486228
0.002342732173412174
0.0023321204481731284
0.002328140538022831
0.0023408846919987904
0.002353817379646711
0.0023156059225217275
0.0023059510484040257
0.002293069467412996
0.002293392216538697
0.002328424774883929
0.0023026441496338127
0.002274462730109782
0.002269362917845222
0.0022445000937952255
0.002251134318967817
0.00225959597001111
0.0022615712071330034
0.002274571342687827
0.002247537307398506
0.0022414945452058463
0.0022318195942816394
0.002257349085541716
0.002210064783325657
0.002200475672731953
0.0022084301171685795
0.002200952083048415
0.0022018377260030046
0.002227338866331759
0.0021856422133035105
0.0022031632249972072
0.002197930409792138
0.0021933448076110907
0.00216690191519129
0.0021639648293505127
0.002167860397882367
0.0021743517419985444
0.0021211798825199503
0.0021604476414409024
0.0021359290248143623
0.002142558838911255
0.0021248179014000633
0.00213806018217469
0.002097945895107689
0.0021006266554476046
0.0021241866834259176
0.0021337383553624383
0.0021159181158847185
0.0021090997197087164
0.0021151668544876962
0.002082846699608827
0.002110436820426677
0.0020651095127735995
0.002085200397597441
0.002044015748580371
0.0020785333458503423
0.0020684003713085015
0.002038736051922024
0.0020684345230563535
0.0020556512850243348
0.002053427675422212
0.0020682886992827955
0.002052011642723017
0.0020286598509719534
0.0020334391907768537
0.0020052305964967567
0.002020779858576164
0.002007057730379146
0.002033392435200539
0.0020319597366936395
0.002015633765246271
0.0020166069847642972
0.0019990945842823338
0.001997678823663142
0.001969824441458899
0.0019793926948665987
0.0019666077980684976
0.0019574444083548487
0.002004328706597965
0.0019560449097294147
0.001980309909033972
0.0019443729648358828
0.0019770375359292433
0.0019424527999645825
0.0019458785279014995
0.001937373351320468
0.0019228087714165698
0.0019483732215069358
0.0019261792339927816
0.0019034068257120502
0.0019233772962906621
0.0019173037496739971
0.0019335296728399793
0.0019099298526596782
0.0019247170175500847
0.0018882766087953454
0.0019108852076734526
0.0018911621624197968
0.0018874707308083691
0.0018782024726787681
0.0018702494276060127
0.0018689949695495593
0.0018673309428677426
0.0018650556289552154
0.0018624791640025676
0.0018673133693965296
0.0018513905816579758
0.0018723729006501749
0.001866882552374091
0.0018539388692763404
0.0018236006841920009
0.0018473073284143843
0.0018323229766894523
0.001819665034120172
0.001825916073762918
0.0018221930430911465
0.0018086422512791724
0.0018070476189344965
0.001808211427501017
0.0017913568947089664
0.0018272328287244099
0.0017893367238849562
0.0018079635945445385
0.0018048583729217836
0.0018123108444624907
0.0017984038594439083
0.0017820464263872285
0.001756879753140683
0.0017892430955625243
0.0017651679225132093
0.0017816239152991526
0.0017368474797782418
0.0017718205643390713
0.0017328023313861074
0.0017297945520541595
0.0017465283472070153
0.0017638858062561632
0.0017383967779253946
0.0017407230892789376
0.001728313304824754
0.0017473060784481426
0.001732382128543869
0.0017157546580143079
0.0017260137797664439
0.001712099007035468
0.0016964599017543435
0.001722956470178378
0.0017174268881398889
0.0016971077804951592
0.0017053748448795892
0.0016775692708674867
0.0016875925452171767
0.0017045562608371877
0.0017100740199337112
0.0016889701672887754
0.0016677349819248027
0.0016813766811482782
0.0016901354316468313
0.0016716327366961777
0.001662036320013631
0.001661914284078962
0.001656905386524042
0.0016465702852284125
0.001649817402823914
0.0016538532127191488
0.0016363062431195045
0.0016382747668835474
0.001658775825307756
0.0016369018503573243
0.0016474402172282688
0.0016387480847378376
0.0016300605165075989
0.0016073071440841824
0.001633233951250954
0.0016314671860169214
0.0015863102257832897
0.0015996376632179037
0.0015990607802308084
0.0015933410887092581
0.0015897901334379942
0.0015625413385424206
0.0015947288618652184
0.0015859006472736285
0.0015839760199397703
0.0015737025217033229
0.0015775248315368778
0.0015797999754220686
0.0015668895048021544
0.001571758205909982
0.0015626528289917016
0.0015809323539623678
0.0015595113741650268
0.0015609510058887334
0.0015537342337179085
0.0015519955480096412
0.0015376563965682727
0.0015633646452932327
0.0015425407844745914
0.0015378721101920651
0.0015347435910181718
0.0015400689452635227
0.0015276257476642095
0.001510910506717508
0.0015214517198931501
0.001510560682792381
0.0014976866764778052
0.0014917714485571647
0.0014902161367173255
0.001518000443784657
0.0014974348945401515
0.0015036496174530166
0.0014956476394303645
0.0014953229406199006
0.0014804701372873872
0.0015127770795960497
0.0014857503280267
0.0014802001889756046
0.0014542917146305118
0.0014770186210748314
0.0014753358825463495
0.0014682597047606383
0.0014766884688002981
0.0014746450042928089
0.001469292541948822
0.0014617105844677602
0.0014660336540904262
0.0014507574062304293
0.0014579923847545817
0.0014422029481522083
0.0014669046579982193
0.0014554363948373142
0.0014038898974362052
0.0014470447628093218
0.0014152875325650631
0.0014515888498822435
0.0014220547195099046
0.0014355902342013988
0.0014152865549981325
0.0014284293124038367
0.0014156073341827498
0.0014168445196056673
0.0013902120850228495
0.0014093844155068148
0.001415413933519204
0.0013867017332363308
0.0014070750255129932
0.0013918532229862965
0.0014036497296492751
0.001386613603722473
0.0013832244981980414
0.001399219987211203
0.0013775331522529156
0.0013732043957173394
0.001393849458472425
0.0013882213465546168
0.0013536837907231365
0.0013745596798501669
0.0013619384099034508
0.00135264855699936
0.001380411640083621
0.0013649730187432498
0.00136450296322704
0.0013675617475504994
0.0013504939946007307
0.0013435654754785289
0.001356074596017721
0.0013348459061633038
0.0013348946523421088
0.0013455380931264886
0.0013194431911002
0.0013317984153149972
0.0013341137773099836
0.0013161743254589307
0.0013247598611299213
0.0013070773495214441
0.0013189422716040925
0.0013167526382042805
0.001303269986883308
0.0013082499257956873
0.0012994835543071546
0.0013017417153237704
0.0013045874250863943
0.0012830243212153068
0.0012921669479354916
0.0012849537170477345
0.0012859783444339901
0.0012967571956908558
0.0012824335000441072
0.0012908189469768255
0.0012871770177130953
0.0012592947363389004
0.0012772076597500426
0.0012733966141698933
0.0012714657093999416
0.0012599066194649183
0.0012731799132034637
0.0012606734655315132
0.0012608230514285894
0.0012619999199402663
0.0012553216311136418
0.001252138496684593
0.001235598569849961
0.0012427584735960186
0.0012434110804732852
0.0012410550657136483
0.001239873174310732
0.0012170055011775135
0.0012424162112528868
0.0012151660243234388
0.0012329011396195314
0.001233288865272936
0.0012305283547133258
0.0012251246249189913
0.0012099312589069354
0.001220566547148777
0.001216157790784347
0.0012192088290510937
0.0012149992865896392
0.0011977179321693034
0.0012074378410749807
0.0011964890306709174
0.0011970501908493173
0.0011891512806417779
0.0011952719418542321
0.0011892297400430394
0.0011900190069603855
0.0011829582655985779
0.0011784722848629109
0.0011688824308424069
0.0011909807657364971
0.001174558922772445
0.0011772135987610595
0.0011790522605938348
0.001181205689973014
0.0011709726607270073
0.0011769241677927712
0.0011478840871266024
0.0011574478249444138
0.0011527325461504008
0.0011640674004973527
0.0011574292537646106
0.0011515918815055593
0.0011459272868584711
0.0011373439242751658
0.0011374534780402643
0.0011250766797019445
0.001128086627321722
0.0011273490732998017
0.0011279932044649602
0.0011410625193937365
0.0011233598281693957
0.0011099599019975196
0.001123979457092558
0.001116474839871556
0.0011209149270068283
0.0011116600352223355
0.0011200278743929335
0.0011181729099576782
0.0011094695395753266
0.0011070575370722795
0.0010872471269611846
0.0011042914176877423
0.0011146525527145693
0.001087011453234107
0.0010875824336420896
0.0010803189218529332
0.0010921831260728892
0.0010795145682816448
0.0010806866426321914
0.0010854371181445637
0.0010808870741046905
0.0010650015654107578
0.0010745764616446906
0.001073772659113733
0.0010703663378119213
0.0010568247070517562
0.001071341070943727
0.001056680201082878
0.0010545188858869104
0.001069936358009273
0.0010664011325006123
0.0010523330736807613
0.0010399285180076063
0.0010529264080341792
0.0010427936291686998
0.0010324478283031749
0.0010399453068579642
0.0010451995811751435
0.0010465326260763474
0.0010223719031014682
0.0010294267866498077
0.0010280115926942313
0.0010121805264287076
0.0010182047785355954
0.0010305738881499387
0.0010339349580336717
0.0010188903289843506
0.0010141069156147356
0.0010153324197634136
0.0010169409163511085
0.0010136287102718092
0.0009963698030924725
0.001012079892446298
0.0010122890579206414
0.0009959712266235184
0.0009855390754646566
0.0009963787736437
0.001003711200922269
0.0009927497517685487
0.0009885534902041462
0.0009829508598377973
0.0009864801915317914
0.0009806465573618268
0.0009638558375570418
0.0009690945570797675
0.0009627012453508093
0.0009620424937484495
0.0009609862326449607
0.0009692489169090301
0.0009607255407903863
0.0009563945506802061
0.0009505673937283028
0.0009629643831564195
0.0009464190852550565
0.0009394026958666348
0.0009490782109805144
0.0009538456564724565
0.000940897534843137
0.0009434765476931731
0.0009459503571726737
0.0009438033112520332
0.0009344533454835114
0.0009283589332321047
0.0009265902885239672
0.0009354138568668783
0.0009255321760334478
0.0009227786890752996
0.0009242944858637274
0.0009279380226116015
0.0009175106330240797
0.0009186382574358964
0.0009041834347410524
0.0009067137366251891
0.0009042961853906612
0.0008992085429244651
0.0008986864430475055
0.0009014896500773281
0.0008910378392042431
0.0008989541172196053
0.0008997814023270703
0.0008880355421314415
0.0008944860108699207
0.0008872415465911061
0.000893071921403035
0.0008737203128713696
0.0008842368813513858
0.0008874574396985109
0.0008673724779482367
0.0008715202428906481
0.0008749797989065656
0.0008781266916385651
0.0008730939394484706
0.0008646329074440191
0.0008595600254323908
0.0008672221344668143
0.0008615065734885202
0.0008534652866845839
0.00085094754482569
0.0008536517315291222
0.0008394643833396329
0.0008506190149274134
0.0008420250198735346
0.0008466868683606551
0.0008343946500125454
0.0008350826017432252
0.0008433723660324945
0.0008365160450688475
0.0008289982481922025
0.0008202989776112583
0.0008213543752321031
0.0008301583015614414
0.0008127409663422082
0.0008185100086362719
0.0008173203689212719
0.000813311840509767
0.0008027262448702016
0.0008058638435835196
0.0008138732468525882
0.0008030964793941558
0.0008041536711004157
0.0008051428345483402
0.0007944727694691159
0.0007955795797774642
0.0007963722246491506
0.0007825364196597356
0.0007889917849777708
0.0007810180916058739
0.000780722920168642
0.0007811802633887335
0.0007764216874396553
0.0007705464835390739
0.0007755467920408874
0.0007815260516252652
0.0007818019064992312
0.0007660203049644946
0.00076958887595292
0.0007650720701237374
0.0007666771467158113
0.0007504654841436806
0.0007488423201404049
0.0007511797036082163
0.0007433278981683036
0.0007386008215549458
0.0007466458325930293
0.0007454766372610624
0.0007394396829742787
0.000732320947948201
0.0007333480114769174
0.0007312222126080039
0.0007364754474428963
0.000733304582618221
0.0007308598809159858
0.0007172038336587998
0.0007232848048202829
0.0007213803096540128
0.0007154043406799044
0.0007157411926591564
0.0007049723334910429
0.0007207286559302561
0.0007148201309490931
0.0007116851891490328
0.0007061681074369818
0.000698450836567433
0.000697499393034296
0.0006978496285190296
0.0006876019828223622
0.0006886516497384334
0.0006845235774430512
0.0006892385867003857
0.000694109426491325
0.0006865005027032215
0.0006754058284993117
0.0006776021882776172
0.0006683564428294161
0.0006731509195546871
0.0006601174901201542
0.0006665227887651471
0.0006705407490244843
0.0006512277847316702
0.000666082755281436
0.0006650198672169908
0.0006594435389025242
0.0006569396038116647
0.0006501143892837768
0.0006530127194735665
0.0006355692778116779
0.0006432411709635652
0.0006374416489999239
0.0006366629831619878
0.0006347276470781719
0.0006326559845853423
0.0006303313107810171
0.0006259643858999105
0.0006343948868749679
0.0006272296355460338
0.0006157291872044876
0.0006245795553256014
0.0006221254046811642
0.0006164528278697884
0.0006004560649290089
0.0005960688259372475
0.0006090038628701901
0.0006005926497691828
0.000607664283855883
0.0005957929305544768
0.0005956726196761855
0.0005906937860895486
0.0005915808700064197
0.0005902455559055452
0.0005932318237266211
0.0005861952070011319
0.0005770007434656425
0.000576680194516849
0.0005697483808814113
0.000572105532203948
0.0005696217022059967
0.0005691394651934098
0.00057316014378978
0.0005627885226371012
0.0005595424604041982
0.0005573518744912448
0.0005606164588494387
0.0005524055676368343
0.000541201570622357
0.0005477085308085661
0.0005485783939877865
0.0005376598771611002
0.000536953310501596
0.0005355696908099212
0.0005300238915212514
0.0005285495383523469
0.0005327365583182327
0.0005256187807162255
0.0005218148816974728
0.0005190482642025323
0.0005233548601956894
0.0005092325257236419
0.0005167930933399174
0.000505222266802593
0.0005034000639401062
0.0005035154378551076
0.0005039012858244768
0.0005021419576579778
0.0004968893175583608
0.0004932529086280787
0.000497259292165764
0.0004889710271621174
0.00048817444287547763
0.000480984772273538
0.0004804802084292826
0.0004761104052092997
0.00047047280235844096
0.00046481334134284126
0.000469769454462609
0.0004627150610368265
0.0004613971072754584
0.0004565152697590894
0.00045237833139930456
0.0004497630034659711
0.00044900954504408587
0.00044613046091806715
0.00044528745501377714
0.0004434754229408213
0.00044010106305799506
0.00043398708358127763
0.00043364445778301376
0.00042710699210306703
0.000425555550200762
0.0004224951942387598
0.0004221657792505343
0.0004158414275460476
0.0004152168506654945
0.0004109102325587374
0.000408791876029626
0.00040614471330536973
0.0003967751625939229
0.0003980103902223856
0.00039555720113620794
0.0003897574383246297
0.00038762348998194426
0.00038137049720617273
0.0003784137595782015
0.0003800426091619546
0.0003795799372015663
0.0003710037446750943
0.0003679022706360161
0.00036753926002138426
0.0003642483975514413
0.0003583410445686573
0.000355501498231615
0.00035202002509206166
0.0003457233292599653
0.00034094933098858637
0.0003365490283858204
0.00033263254321731187
0.00032943415616888596
0.00032664218544525223
0.00032328378431212496
0.0003208785378002154
0.00032104776445337265
0.00031412858718714624
0.00030982457875735074
0.0003061370002566861
0.0003001838996694514
0.0002931979499086177
0.00029106027062335765
0.00028747745655239047
0.0002861819698555055
0.00027604018103664945
0.0002774689327055452
0.0002713851460874125
0.00026605034671122927
0.0002637867037554168
0.00026033965782477436
0.00025632402357431605
0.0002510542814726142
0.0002461817232170972
0.0002408305169581036
0.00023627838355838747
0.00023179516155769872
0.00022277803010807093
0.00021609129519810458
0.00021425195874217367
0.000206789204098734
0.00020245203635323338
0.00019465668615975266
0.0001899802749437665
0.00018449357471075618
0.00017815864277756244
0.00017303085095936278
0.00016649911270637022
0.0001574548186029288
0.00014961219927713557
0.0001414803248088817
0.00013520558270746638
0.00012660469290794814
0.00011625788922374159
0.00010741893929004304
9.385169507535144e-05
8.274378826988326e-05
6.73662988528789e-05
4.7457254635871345e-05
1.6510811898155038e-16
