0.6342405983974536
0.6344785433948107
0.6343363715674837
0.634320332622001
0.634273694313971
0.6345204740728475
0.6335462661541631
0.634633037068573
0.6343977622295218
0.6345502850016386
0.6342939816140182
0.6340102118491618
0.6345214190611829
0.6340267150557575
0.6339877617393233
0.6348023904486787
0.634343264534909
0.6340014285421852
0.6341193345914365
0.6340145174221201
0.6341124189150626
0.6344255925198542
0.6345126422349505
0.6345508954545714
0.6342493747502604
0.6339224071727096
0.6343798709963899
0.6341968958859108
0.6339950803725851
0.6340234087548683
0.6339407659178529
0.6337979947733272
0.6340136806508697
0.6340256988818619
0.6342291259257723
0.6338151991078544
0.6342763898483881
0.6340420469039149
0.6342095146628693
0.634377867861621
0.6338753860208554
0.6341143305461652
0.6340501505737195
0.6341573082122286
0.634182809413684
0.6340461114342405
0.634354704358406
0.6339873654280833
0.6344418454524036
0.6341147958788846
0.6341569973069311
0.6339738865187222
0.6341404317281304
0.6341728842038422
0.6342483036875531
0.6341336731376825
0.6343719033402158
0.634109587207826
0.6341743984032275
0.6340418905151167
0.634166816200996
0.6341892399150689
0.634138300823394
0.6341829099091534
0.6340835953814727
0.6339653087288784
0.6341687673522131
0.6341146836419262
0.6338858509382016
0.6342828959777412
0.6341698384556254
0.6344125473320236
0.6339295133128029
0.6340791033428388
0.6339538434763863
0.6341804607384666
0.6342147165008014
0.6341853502919894
0.6342549717479898
0.6342829807034901
0.6340104909666389
0.6341606967690433
0.634149539794508
0.6342297354219221
0.6342586990821218
0.634127781181997
0.6340504477585293
0.6343926944442639
0.634070381109539
0.6340386660760517
0.6343798762180808
0.6341669115951266
0.6342871259273117
0.6342264579917593
0.6341896767839961
0.6342367714014225
0.6342122847159523
0.6342109366777802
0.6343100121436195
0.6340347672300339
0.6341702779907167
0.6339871643538438
0.6342934326542451
0.6342313480356763
0.634285167735495
0.6340767986352291
0.6341976902514281
0.6339797174766956
0.6341772123533735
0.6341150712471612
0.634146988438483
0.6341091925315931
0.6341490254923485
0.6341025660384648
0.634175941507362
0.6341528182827822
0.6342894740044855
0.6340851051075003
0.6340408614830754
0.6341556802777172
0.6340918646639049
0.6341787468140425
0.6341292317335506
0.6341750491585
0.6342069383513294
0.6341871265322514
0.6340660086543994
0.6341689633240669
0.6342554460208035
0.6342565519481105
0.634040268646991
0.634077029266949
0.6343100333628423
0.634192959082969
0.6341988579453843
0.6341398161627163
0.6343015523854116
0.6342012101926022
0.6342423838171928
0.6341294094006705
0.6341566313436895
0.6342229694722028
0.6341154496464425
0.6341061503691422
0.6340653719664794
0.6340021439346536
0.6341255443059799
0.6341332084654743
0.634176302745065
0.6341383453176682
0.634088731405331
0.6341723688894543
0.6341368380470772
0.6342264480612912
0.634240502225697
0.6341218523213653
0.6342245796048394
0.6342487209983751
0.6340625129995728
0.6341125373776619
0.6340589208362862
0.6342395042902395
0.6341332134480326
0.6341123829559125
0.634220266873814
0.63412722488801
0.6341366056963386
0.6342349950707936
0.6341544672672288
0.6341957716001461
0.6341983157645327
0.6341709854295247
0.6341595837337781
0.6341434554814642
0.6341101721727326
0.634149249263544
0.6341956016047269
0.6342138878028044
0.6342176049038772
0.6341537001487293
0.6341017368864955
0.6341182544970843
0.6342208576456834
0.6341173374145522
0.6342164684986378
0.6341784369855112
0.634136958899215
0.6340441380683642
0.6341270285450604
0.6341868799760235
0.634119383890857
0.634233606534208
0.634152121369903
0.6341343423959152
0.6341908797448175
0.6341260425272566
0.6341884036829573
0.6341028384702174
0.6341791816908754
0.634073427317821
0.6342160060383598
0.6341157704646555
0.6341557512380827
0.6342001676969814
0.6341630514213726
0.6341106977624508
0.6342080939921899
0.6341770259998686
0.6341142892837185
0.634204662503317
0.6342251856011377
0.6341123877005963
0.6342589682065126
0.6340679631641106
0.6341366099992203
0.6341508397271902
0.6340807810758088
0.6341268732965488
0.6340960630924599
0.6342577369003946
0.6341571632641335
0.6342398823870672
0.6341413489319321
0.6341797444505897
0.6341356459795967
0.6341203072171901
0.6342085038573584
0.6341656477401227
0.6341490340331501
0.6341954259699287
0.6341851283644332
0.6341179197063306
0.6341698686492544
0.6342244578316414
0.63409599265097
0.6341743270486168
0.6341249981809786
0.6341798771704605
0.6341338494098296
0.6340808637384886
0.6340754681175187
0.6341559646777379
0.6341784481898926
0.6341783196941461
0.6342184330078587
0.6341427622455692
0.6341329008421828
0.6341925440285904
0.6341706828397949
0.634080436099528
0.634188021442832
0.6341478380408396
0.6341681866179327
0.6341804590670516
0.6341380245346396
0.6342539385189248
0.6340797584516901
0.6341784888152855
0.6341304061069858
0.6342215142383438
0.6341718443092593
0.6341776331816338
0.6340960067647892
0.6341729544582938
0.6341523118291821
0.6341682239498352
0.6341024740379564
0.6340742113477021
0.6341240317976627
0.6341295054604995
0.634191240516984
0.6341028607254504
0.6341361076597026
0.6341303140305241
0.6341498727288194
0.6342224042262213
0.6340973760390065
0.6341923105416468
0.6341401753771977
0.6342016962113244
0.6340938848114194
0.6341364408195995
0.6341418295010893
0.6342717077203069
0.6341459645189937
0.6341677833249094
0.6341488200816914
0.6341717697342916
0.6342371582821404
0.6341372045438805
0.634147188350846
0.6340911020919239
0.6341710239027049
0.6341505920842021
0.6341675726466549
0.6341858066191196
0.6342711446775836
0.6341876133002785
0.6341786681205782
0.6341270671658708
0.6341466141828639
0.6341553070338966
0.6341440949171361
0.6341893648386525
0.6341108160839233
0.6340980450502599
0.634123863294035
0.6340833568862568
0.634187707278475
0.6342181753586009
0.6342267312365323
0.6341452212954326
0.6342403425751317
0.6342158190000177
0.6341476081508501
0.6340982534979774
0.63425632086551
0.6340887827721073
0.6340785210344188
0.6341781740139236
0.6341443590397868
0.6341308287980005
0.6341369604894725
0.634152980660722
0.6341238393025609
0.6342222586349825
0.6341740873697145
0.6341203191874952
0.6341808486147577
0.6341278204386079
0.634185735884408
0.6341478656805665
0.6341404077485555
0.6343074146036046
0.6341355833666618
0.6341592343933297
0.6341497862725742
0.6341421026339054
0.6341929558799816
0.6341003158275628
0.6341511812427129
0.6342464246918009
0.634115147647389
0.6340914907181432
0.6341604465418319
0.6342023739488394
0.6341497211202332
0.634065689351959
0.6341482115183171
0.6341768710945884
0.6342346208542492
0.6341266263472854
0.6341883629680701
0.6340937781829706
0.6341512417991437
0.6341108996939878
0.6341389086342916
0.6341289085547601
0.6341242624134598
0.6341876476567458
0.6341111601617889
0.6341469386844397
0.6340841596371065
0.6342065478588222
0.6341425670673223
0.6341199442731409
0.6342255855361458
0.6341294779329079
0.6341520260454991
0.6341893351438374
0.6340798011029569
0.6341672249750976
0.6341626139386494
0.6341503456418203
0.6341396598822139
0.634209129996819
0.6341624244505878
0.6341729028058926
0.6341969023753016
0.634067863342952
0.6340882666618849
0.6341884934667285
0.6341281691416134
0.6340694320700558
0.6342336782688834
0.6342261385926684
0.6341810407362481
0.6341868194044997
0.6341461212850783
0.6341111460578696
0.6341428659257816
0.6341325407489646
0.6341706622816682
0.634155259088243
0.6342519872018814
0.6342139393423978
0.6341424040523711
0.6341584250930504
0.6342017212103372
0.6341740077760392
0.6341350780014949
0.6342073825492244
0.6341574104745306
0.6341955615941579
0.6341449605131249
0.6341594619653926
0.6341447428885228
0.6341524438239925
0.6341442167812491
0.6341577947678786
0.6341751689686317
0.6341891519774424
0.6341445253555403
0.6341425323105244
0.6341551217055005
0.6341706397418057
0.634140624421152
0.6341910665572195
0.6341239495113176
0.6342211065092477
0.6341929384059637
0.6341270842468796
0.6341132237812747
0.6341528905424657
0.6341374893542743
0.6341670903570458
0.6341848312049169
0.6341799553085401
0.6341829075270545
0.6342041184218621
0.6341921954763262
0.6341046166847195
0.6341786271698943
0.6341513547066785
0.6341206506266439
0.6341439172720972
0.6341087662236703
0.634174502320825
0.6341514999037957
0.6340527703518158
0.6341271357771131
0.6341549838091182
0.6341751511028103
0.6340921804116711
0.6341350378406467
0.6341542445622094
0.6341801722711502
0.6341438712045232
0.6341121904682937
0.634044824014578
0.6341644093230778
0.6341036568708367
0.6342002484369281
0.634097018591425
0.6341994884467941
0.6341821993794685
0.6341286624466437
0.6341187262645294
0.6341607748236247
0.6341518690715149
0.6341624790129585
0.6341258302668703
0.6341239940655732
0.6340913624887944
0.6341904421006036
0.6341731936338856
0.6341564913105189
0.6341325123885714
0.634107270353438
0.6341553754547241
0.634160032421427
0.6341591920753877
0.6341483913204
0.6341234814407138
0.6341323423050887
0.6341613469577213
0.634203973792259
0.6342112903603014
0.6341978362108853
0.6342075345989737
0.6341900644767382
0.6342102236661562
0.6341705385127214
0.6341579537579155
0.6342082711174258
0.634162681069639
0.6341540268378203
0.6341922204243157
0.6341487712219743
0.6341383868732815
0.6341841164060643
0.6341032609012123
0.6341897859894978
0.6341914676042683
0.6342096591525417
0.6341317085533805
0.634171012185261
0.634169691619007
0.6341762159611609
0.6341260729439501
0.6342107139615064
0.6341504053950386
0.6341787339656774
0.6341225316656743
0.6341307185307694
0.6341709882916222
0.6341783830961862
0.6341153180706307
0.6341864451227017
0.6342040955009891
0.6341265917287602
0.6341137928892202
0.6341457386330271
0.63415401407517
0.6341429399804032
0.6341815441512133
0.6341883642576508
0.6341754580884456
0.6342100580819466
0.6342100352771687
0.6341864715775386
0.6341466731554952
0.6341770546499512
0.6341796409419187
0.6341641667736408
0.6341425709565441
0.6341650430013281
0.6341090746015643
0.6341484440443549
0.6341325625868701
0.6341062311973459
0.6342196267632864
0.6341669091507964
0.6341471076791311
0.6341819696698603
0.634146950460675
0.634170176676192
0.634110228352479
0.6341702015003962
0.6341939409979863
0.6341829693969656
0.6341112705511527
0.634179443238204
0.6341540681100735
0.6342058364796914
0.6341517625124571
0.6341372886982395
0.6341580796583185
0.6341684614686639
0.634128465889958
0.6341477588752886
0.6341427439722727
0.6341634752853842
0.6341532762530926
0.6341369860660492
0.6341291557211666
0.6341171711490169
0.634148360906766
0.6341738095660673
0.6341375080581667
0.6341277562572359
0.6341510467625711
0.6341862606744602
0.63412467493498
0.6341468872227646
0.6341368369369469
0.6341648158912181
0.6341214522171704
0.6341095287190723
0.6341583145331829
0.6341450004468897
0.6341685104129771
0.6341419057783927
0.6341509677086975
0.6341673424328983
0.6341269723986009
0.6341518195589181
0.6341636959992695
0.6341235887425157
0.6341360089046544
0.6341525658432987
0.634154585781759
0.6341446432435268
0.6341313787988524
0.6341346543760733
0.6341282791269081
0.6341436267965088
0.6341650820702862
0.6340986543287489
0.6341414266749036
0.6341367891220101
0.6341544258202542
0.6341752842977729
0.63416804517983
0.6341507005217837
0.6341314960115271
0.6341399651178592
0.6341519362023617
0.6341349803885601
0.634175463159556
0.634147992160348
0.6342026318397429
0.6341619339297478
0.6341621125548359
0.6341320575283936
0.634165824199209
0.6341438684781714
0.6341572144809156
0.6341874161103257
0.6341507151768566
0.6341473168438609
0.6341473627968912
0.634125370796469
0.6341545388851217
0.6341848634291455
0.6341878931498084
0.6341193268786155
0.634184249885466
0.6341298049365928
0.6341799197160074
0.6341846110322304
0.6341364820821123
0.6341639820451657
0.6341693600085129
0.6341713674054692
0.6340997631200389
0.6341510639088134
0.6341570318787478
0.634113323507918
0.6341583372268951
0.6341640480135425
0.6341676777965972
0.6341311531044954
0.6341838050717508
0.6341403652204409
0.6341863877350575
0.6341061078514045
0.6341537975145493
0.6342056168397232
0.6341681094686535
0.6341255107573692
0.6341608307197849
0.6341125529277191
0.6341443811177957
0.6341607786335495
0.6341697041321378
0.6341554498149012
0.634156238828819
0.6341722446336565
0.6341478920096822
0.6341498758702735
0.6341532037200106
0.6341624430818761
0.6341547595304502
0.6341340647838667
0.6341378071381972
0.6341772584781971
0.6341258542165419
0.6341213074086793
0.6341139268677338
0.6341481137371847
0.6341090991689731
0.6341721756050547
0.6341716732837098
0.6341488681882682
0.6341571319297936
0.6341559334741926
0.6341783294415172
0.6341767765610381
0.6341603840697299
0.6341375863868869
0.6341252502821537
0.6341919577665538
0.6341280440044433
0.6341645787650619
0.6341540936559222
0.6341461135358071
0.6341555899392316
0.6341669302209766
0.6341644927572786
0.6341305126587647
0.6341592432367685
0.6341591641322704
0.6341203410454023
0.6341253371497398
0.63415147384245
0.6341528338123258
0.6341484509725418
0.6341216640552939
0.6341574447888422
0.6341195888757899
0.634180132718216
0.6341450756743018
0.6341385519733976
0.6341509886826476
0.6341861523895472
0.6341526435282352
0.6341684882739612
0.6341629108261866
0.6341304941159104
0.6341281754635087
0.6341702954873688
0.634158539155656
0.6341626695990613
0.6341487802157839
0.6341309855002659
0.6341703373115939
0.6341059422741564
0.6341494937938578
0.6341222317835344
0.6341773845214966
0.6341588587327546
0.634137382117255
0.6341595300064742
0.6341665221353933
0.6341509903007633
0.63416944818837
0.6341391922310601
0.6341301182006388
0.6341660766983789
0.6341768540564517
0.6341040510990241
0.6341359765069429
0.634154343642016
0.6341884263311158
0.6341980557457338
0.634144309315204
0.6341448360999522
0.6341835425677366
0.6341546967516036
0.6341549517806565
0.6341653845546275
0.6341807087428013
0.6341324476051382
0.6341611366917771
0.634138985664058
0.6341641400686158
0.6341503363636293
0.6341659297818095
0.6341485462142449
0.6342010866866016
0.6341426356067492
0.6341471483852918
0.6341607381865578
0.6341536772331924
0.6341594458619866
0.6341458465394848
0.6341469045889456
0.634162479007711
0.6341620795366427
0.634146276103187
0.6341677588660799
0.6341536584711134
0.6341349262638054
0.6341520601234162
0.634160178451006
0.6341274707911422
0.6341446684327526
0.6341360892734438
0.6341425403968881
0.6341471089010979
0.6341583474009722
0.6341403163099908
0.6341480158425151
0.6341237359563473
0.6341430823767776
0.6341807534560918
0.6341594847168315
0.6341379941894698
0.6341617751009561
0.6341522052274501
0.6341458038818905
0.6341649454080512
0.6341189397613157
0.6341426907695089
0.6341634995038765
0.6341044416698146
0.6341686250045626
0.6341607260728565
0.6341631780538012
0.6341464426121847
0.6341404551899293
0.6341623420792009
0.6341560639648223
0.6341267879693427
0.6341629685061618
0.6341453702512142
0.6341296634278604
0.634122845616568
0.6341704668845808
0.6341720368380235
0.6341477251076526
0.634138403505967
0.6341611529241719
0.6341566789933678
0.6341114369159864
0.6341615402263105
0.6341501504901431
0.6341476292305605
0.6341535882143485
0.6341543581118991
0.6341269056691976
0.6341674026712462
0.6341671985782806
0.6341189776058144
0.6341740802932286
0.6341672606908866
0.6341519599481922
0.6341517941595768
0.6341562888738869
0.6341412395193389
0.634167034866228
0.6341539007590744
0.6341519145199234
0.6341403206358512
0.6341595492888881
0.6341786406179187
0.634131133901424
0.6341405423731005
0.6341469325366981
0.6341526704437757
0.6341337396390704
0.6341789996749845
0.6341608094333665
0.6341607581529218
0.6341450714916164
0.634170454758314
0.6341887067679242
0.6341633398526746
0.6341717734321153
0.634150303982243
0.6341383316746413
0.6341489599190239
0.6341555500099102
0.6341311278118512
0.6341456881229586
0.6341372600486377
0.634135959908847
0.6341417598444148
0.6341519715363376
0.6341815888472748
0.6341501472725964
0.634172984724866
0.6341410464813441
0.6341650342306401
0.6341578715741706
0.6341864294516182
0.6341416331129333
0.6341474288555095
0.6341438412297229
0.6341296914079585
0.6341508062480287
0.6341411296957922
0.63415452338325
0.6341478789355546
0.6341695415509828
0.6341533420494674
0.634154716637573
0.6341397934183344
0.6341678591030906
0.6341655138806445
0.6341434548971533
0.6341573393527978
0.6341367226715408
0.634155890426807
0.6341265357240947
0.6341523603827632
0.6341522705588457
0.6341621455897252
0.6341549472250936
0.6341490498600599
0.6341592134487162
0.6341663635544317
0.634140234921117
0.6341569837641113
0.634168244478664
0.6341457275904292
0.634151073285655
0.6341631448216676
0.6341414437630788
0.634165934314024
0.6341519524939314
0.6341407969283966
0.6341504484413979
0.6341570460037342
0.6341486005010587
0.6341427181659577
0.6341679913875214
0.6341248815791164
0.6341564789436743
0.6341742466645997
0.6341569993372353
0.6341474848039946
0.634144732477048
0.634156649846721
0.6341686798612601
0.634154960037208
0.6341416898615162
0.6341566903297907
0.6341670203740761
0.6341497618970434
0.6341409222958728
0.6341532219021189
0.6341527700223891
0.634150567117695
0.634147930218681
0.6341785946833784
0.634168628329822
0.6341603072943585
0.6341464878654148
0.6341588391097166
0.6341672637308444
0.6341610478562429
0.6341592490811969
0.6341383990844425
0.6341579694207814
0.6341463709533636
0.6341747201312414
0.6341513636687492
0.6341503548936889
0.6341583923717692
0.6341699259361551
0.6341693778749588
0.6341370883175574
0.6341564528196592
0.6341733390502091
0.6341531655790185
0.6341581652650322
0.6341672866555448
0.6341550312859794
0.6341505988410103
0.6341418094047655
0.6341512966052977
0.6341495098809903
0.6341554841715171
0.6341625564243664
0.6341556401377233
0.6341544449722478
0.634150455519374
0.6341497070010853
0.634158359918902
0.6341487234796314
0.6341502319498448
0.6341525162385989
0.6341469722851933
0.6341536867994265
0.6341515043333614
0.6341509264821832
0.6341650845357582
0.6341509829090679
0.634152256737408
0.6341448744852368
0.6341456484591852
0.6341513153039934
0.6341583771749222
0.6341509424077981
0.6341583824460645
0.6341528790086733
0.6341536262503762
0.6341506478767452
0.6341432268314414
0.6341505113811243
0.6341600315394171
0.6341550545874004
0.6341542187488801
0.6341535645600176
0.6341595057547431
0.6341522614170839
0.6341549965320208
0.6341618583804225
0.6341458778852708
0.6341509603632609
0.6341607490470788
0.6341565333623613
0.6341479049731499
0.634152631080729
0.6341579994752935
0.6341572435942678
0.6341477964098357
0.6341469630838885
0.6341547189682835
0.6341581149099983
0.6341539705238427
0.6341558950576618
0.6341544548647708
0.6341500772025478
0.6341540784839647
0.6341576508616292
0.6341554868768904
0.6341505464064487
0.6341516637975834
0.6341568951904963
0.6341572295426141
0.6341533151116291
0.6341511904762418
0.634151582019717
0.6341522031009502
0.6341547133476452
0.6341541745360708
0.6341536060706737
