0.19940670164964874
0.19988929284443083
0.1998056399254665
0.20000538260961317
0.20033091367413786
0.19999067948863364
0.2001800595797461
0.19960310923862232
0.199805286989543
0.2001752544231264
0.20011092503291303
0.2002035829722567
0.2001840120842248
0.19986348857758976
0.19987570960238496
0.19998718195204043
0.19999328301890942
0.1997743618369333
0.1999276903843766
0.2000319742250417
0.19971100485232665
0.19964139896550182
0.20019294526818177
0.19981408286080915
0.1997619117511544
0.1996978822263089
0.20003623273390636
0.2000100789796718
0.19973022787603045
0.19979720686268185
0.19985758433753448
0.19987419302039763
0.20012390241797456
0.20006929208328278
0.19990379752484716
0.19998819853848565
0.19992529144230345
0.19985737660751188
0.19993844088601592
0.1998887703385372
0.20001178019475724
0.1998775361386531
0.1998823719746261
0.19994983083465487
0.20010778661239706
0.1996132473535952
0.2000680176005594
0.19993513647291816
0.1999386931499724
0.19995060905974238
0.19982375260556315
0.19981765991753148
0.19985676767323074
0.20003408624952204
0.2000259022072818
0.1998704230588957
0.19986111755136926
0.19992249828994232
0.20003397846206075
0.1999278158847532
0.19989743813383598
0.1997045889382884
0.19978828504794335
0.19991172521108064
0.19993767701609252
0.20006497209212995
0.20011210713963132
0.19993272858237973
0.19978663638312205
0.19997155367378447
0.19988499910360277
0.19987318703769416
0.20000001020103003
0.19987420771613548
0.19998524374200283
0.19983387112490242
0.19990168866316108
0.1998839160352272
0.20003341277755554
0.19986808169060624
0.20000053993914252
0.20007560575868455
0.20003793245040544
0.19996138209193215
0.1998499765151734
0.19998127659995865
0.19983507851671567
0.19996189575507933
0.1999695840406835
0.1997656967473733
0.19991309882336072
0.19988559979851475
0.1999804126151162
0.1999098140122022
0.19989519194033106
0.19991595123551123
0.19991274226979489
0.19995560783686003
0.19993514203392282
0.19992701063580492
0.19985214564246348
0.19997389031268836
0.19990004983481258
0.1998942578590435
0.19998588551420088
0.1998452262543125
0.19993125279207147
0.19985124340376836
0.19999089618052157
0.19980019280428962
0.20008359195923323
0.199949052749108
0.1999078170601193
0.20002701687704197
0.20005159564950772
0.19994448651883004
0.19998435718815108
0.19994674497566298
0.19988698249989945
0.19997595094049575
0.20000633397817225
0.1998689406590357
0.19992559730222323
0.19983745009219517
0.19995499174256184
0.19999904563403434
0.19994506446061136
0.19984684917648368
0.19997221390026584
0.19995374456224532
0.19986035026527146
0.19994530531216215
0.19994848311998914
0.19997800065681362
0.19995425400441386
0.19994290153451502
0.19990697618860132
0.19989364139302374
0.1999565237188644
0.1999055946516797
0.20000079025661524
0.19985136371145884
0.19987696875913213
0.19997472248093615
0.1999215678992828
0.19993472959366917
0.19996403643066243
0.19995677672816559
0.1999915204077675
0.19990205440986955
0.19988116863851493
0.20002078344044663
0.199920466371528
0.20000555730758765
0.19984664159319387
0.19986926320320858
0.1998658039806574
0.19999285199024097
0.19987926658143595
0.19997211607167392
0.19986409146732323
0.19997158332138532
0.19990416902463348
0.1999326163027943
0.1999675947285992
0.19995375408668897
0.19989357376063377
0.2000241261707577
0.1998711698047435
0.1999637287837083
0.19987239415201852
0.1999801185325527
0.19994971135396117
0.19994116580037652
0.19998527184619083
0.19990223793439288
0.19992508408138346
0.19989758596078697
0.19990107330808696
0.1999874044089265
0.19992728677857455
0.19990552873968473
0.1998940496308837
0.19997611255614892
0.199931002425284
0.19999504528121978
0.19999019411346625
0.1999566044573123
0.20000516725164955
0.19988809482926229
0.19990425089942174
0.19986891397787643
0.1999606062162648
0.19998108425388997
0.19995988405190204
0.1998780396407612
0.19997415636071547
0.19991121046800445
0.19991876559715616
0.19987431251016233
0.1999250080569153
0.19993926096713904
0.20000513726359395
0.19995527441525768
0.19989430629427993
0.1999174274821804
0.20002082516262767
0.19995238589551725
0.19997131903420653
0.20005458249611596
0.20002944841224157
0.20000217146510985
0.20002003011397068
0.19994583564199037
0.20003426212252476
0.199888075829582
0.19994107414152554
0.19993305911975645
0.19991052914480026
0.19989717594732206
0.19992640359456249
0.19994212397801683
0.19994936075018835
0.19999191163122462
0.19996931540428178
0.19992438383367445
0.199922273623335
0.19998238525407527
0.19998812649580325
0.1999420615926734
0.19990507378087713
0.1999193544444696
0.19990352135450298
0.19996045037776497
0.19991805306101154
0.1999619727787364
0.1999238960275114
0.19988772856800718
0.19993143314663694
0.1999040500557634
0.19996359729244706
0.19996213057548062
0.19992698563231212
0.1999875667180269
0.1999560782139503
0.20000892947809112
0.19993159508132363
0.19991293726076184
0.19993712558230642
0.19994776108370954
0.19993835972378196
0.19994385137886883
0.19988895211780347
0.1999575500509169
0.1998642465421314
0.1999196107267816
0.1999691721125283
0.1999483520172671
0.19988251807088153
0.19991166212563563
0.19992291982950772
0.1999087708537987
0.1999091946683087
0.19990948509333473
0.19994660278442217
0.1999274423640385
0.19996449031742522
0.1999844677969957
0.1999288389690864
0.19994587157222266
0.19993362721460953
0.19996099322616936
0.19993484627073227
0.19985071416615624
0.1999153179909631
0.1999185286250728
0.19991851349237813
0.1999407355874593
0.19986687181947838
0.19990412246093278
0.19997734284633387
0.19997509352629972
0.19987815295660422
0.19993984505732393
0.1999085685464848
0.19994714128523663
0.19996774160761652
0.1999363577026079
0.19989835959119978
0.19995578639169648
0.19992399111771578
0.19996781029512864
0.199971337919215
0.1999436886999878
0.1999451658604041
0.19992245814162465
0.1999218531510187
0.1999284376035626
0.19993848709002696
0.19997879745805097
0.1999612459187139
0.19993441112217292
0.19989611845381622
0.19992100424306314
0.19991092591637236
0.19997131076363486
0.19991404891788353
0.19994516860890096
0.19994079276329307
0.19985182975564567
0.1999862029654992
0.199886353321045
0.1999308969146692
0.19992743369911803
0.19993600747775742
0.1999292877477922
0.19991743778800122
0.19991720843340835
0.1999295483140792
0.1999433126208228
0.1999275809807763
0.1999238606947833
0.19991460464848396
0.19994089933673553
0.19993835176763136
0.19991149115336898
0.19988177059461804
0.19987389556767526
0.19996267775714496
0.19994933030177967
0.1999584818114882
0.19992153580467717
0.199962601191704
0.1999285319758088
0.19994610705827148
0.19992277806648537
0.19989013091255362
0.19991025446222643
0.19997012971748926
0.1999413048619201
0.19991425687810424
0.19999054627773274
0.19999727896031327
0.19998967574142362
0.1999494184170065
0.19996962819002728
0.19991006622222252
0.19987960473089877
0.1999138204328857
0.1998996311525965
0.19997916164516732
0.1999400849797914
0.1999224056633961
0.1999646913705864
0.19994052935571746
0.19997125428406612
0.19988820839791074
0.19991865225094071
0.1999608616786493
0.19994374158054223
0.19996438550935797
0.19991494325087478
0.19989433830246336
0.19990284886372883
0.1999324662655279
0.1999779750531467
0.1999583199751321
0.19992026450215933
0.19991563287603487
0.199951068625288
0.19992165111802548
0.19993137869733146
0.199884896455383
0.19994186230229266
0.19989994565191946
0.1999480028752988
0.1998953862355808
0.1999407030641415
0.19991545158164364
0.1999495424306047
0.19994681657283053
0.1999172093430703
0.19986898829935085
0.19989636382643403
0.19992123044189275
0.19995677530716996
0.19990164345942574
0.19992733090754225
0.199942420811275
0.1999077340407514
0.19993976560237364
0.19995474649203313
0.19992127750008723
0.19996596074490688
0.19992413481186241
0.19988921109355656
0.19990906021405283
0.19989886763408457
0.19991851447068526
0.19991912517370233
0.19987838144978987
0.1999613062290001
0.19995043475645216
0.19995312779179134
0.19993944521948084
0.19992481645380644
0.19997479022547926
0.19987564568754812
0.19986276521205487
0.19992912191643566
0.19988841610880323
0.19994225482145953
0.19998069187547265
0.1998977340973325
0.1999402394903241
0.1999080855028784
0.19990828253241352
0.1999466770094023
0.1999331286812625
0.19993168156612157
0.19994200886761979
0.19994544220978944
0.19995357601656755
0.199948905296675
0.19988286374582578
0.1999207832227666
0.19993872552253666
0.19996919328969592
0.19992052088379886
0.19994740084930704
0.1999353783843365
0.1999458383606839
0.19990462946993764
0.1999364286333422
0.19992462813604822
0.19990939640163027
0.19991933454372773
0.19995472295589695
0.19993881294143812
0.19998304477021756
0.19995941994539967
0.1999266773908191
0.1999392083756845
0.19993641863799647
0.1999069320139868
0.19992253900329054
0.19993586427807727
0.19997057216115208
0.19996305548458304
0.1999653333755407
0.19994075820317594
0.1999105703054443
0.19992444282791524
0.19990754967821223
0.1999133995288858
0.19993897352024514
0.19994240956254544
0.19993673122942937
0.19989822470140758
0.19999389099775577
0.19992271882277807
0.1999167481901356
0.19995420228677124
0.19995843457408916
0.19993203588636957
0.19993384865774766
0.1999205558658743
0.19992796825478912
0.1999527445476635
0.19995769256497498
0.19990185989863868
0.19998763597183009
0.1999382081998175
0.19991296587252544
0.19994017319216806
0.19993875211168433
0.19996499985555716
0.1999320540468289
0.19996481177155406
0.19995258993042472
0.19994306001854487
0.19992491665885612
0.19996014867163917
0.19989434944855647
0.19994170865350083
0.19991296403886644
0.19987472414876417
0.19992929451925898
0.19994305081395083
0.19995021956338388
0.19992444329980832
0.19995350713124763
0.19993539928889184
0.19994106479589624
0.19997335147727122
0.19994694126684143
0.19996207111578082
0.1999429190122638
0.19992867871263265
0.1999447450348602
0.1998749330485786
0.19995767254493
0.19993962737843496
0.19994916885390454
0.19995203122837188
0.19991395957713237
0.19992570309461197
0.19994296863715272
0.19995483505765047
0.19992728487855121
0.19994251719807996
0.19996501823449378
0.1999499945583245
0.19991130273308194
0.19995396775440957
0.19995998426316636
0.1999409795304115
0.19994656886133266
0.1999371538780109
0.19992050367789801
0.19994735570347452
0.19997537895586384
0.19992175514022123
0.19996421178227755
0.19992217217546626
0.19993876392465437
0.19996317889960252
0.199917656803981
0.19992219089453608
0.19992974784940673
0.1999276850224106
0.1999636591035544
0.1999528518107669
0.1999763945895632
0.1999410954987758
0.19995360395330652
0.19991777433036084
0.19991184879311372
0.19991366167000976
0.199929677889333
0.19993194747354562
0.1999357423503763
0.1999648483138611
0.1999323003750995
0.19992405667984794
0.1999404105757057
0.19994644916333637
0.19994464272523288
0.19990773576380672
0.19994887732756275
0.19991480541089057
0.1999170881307476
0.19991263596859268
0.19991789336420707
0.19992620360959357
0.19991796567662112
0.19992260795406783
0.19995888374154056
0.1999188287073485
0.1998920486564231
0.19991883202985672
0.1999606104776988
0.19994156900521604
0.1999399200205135
0.1999687311218686
0.19992122736503576
0.1999146766979758
0.19993246346683596
0.19994353373433965
0.19994054478928466
0.19994982849245344
0.19995494469212347
0.19994390697275327
0.19992947453838164
0.19992655657321032
0.19991942009137206
0.1999380357295181
0.19993663512567847
0.199934735829314
0.19993807582293016
0.1999007606093467
0.1999033867719824
0.19991140902568896
0.19989364330494933
0.19991705545931537
0.19995174016624598
0.19991236720255598
0.19993082974474768
0.19991516682433338
0.1999408228903273
0.199946955154071
0.1999425525558168
0.19991106201469966
0.19993613331204338
0.1999514111196229
0.19993301274653386
0.19991171493759294
0.19995644396227336
0.19995874818915996
0.19995210569488603
0.1999232495135402
0.19996016821955817
0.19991849583287502
0.1999437568190452
0.1999369489412514
0.19994015358841566
0.19995388534566172
0.1999663086172162
0.19994229858096615
0.1999360690992169
0.1999349372326426
0.19995867186793043
0.19995618551651928
0.19996235286100922
0.1999466040454269
0.19993049948651656
0.19991258667345815
0.1999122093516288
0.19990968660906153
0.19994051043514496
0.19995228945156274
0.1999470520785767
0.1999590276280313
0.19990042155643784
0.1999519376296453
0.1999013104199824
0.19992292039410256
0.1999491414438973
0.19991213848793812
0.1999635800032425
0.19993624854508493
0.19993399286063804
0.19992493666691014
0.19991973809499267
0.19994015057706702
0.1999476114625212
0.19995888767393905
0.19993884414823623
0.19996737676598178
0.19992511946742209
0.19994195356990868
0.19994580250302146
0.1999234384513831
0.19993475171839667
0.19995632407602412
0.199931872768344
0.19992315591026358
0.19993280490605647
0.19993076056570713
0.1999413593602056
0.19993186269963056
0.19990344215254668
0.19994365017210888
0.19993176100290266
0.19994897636959733
0.19992861660085878
0.19990761226086914
0.19994945737310268
0.1999358257707056
0.1999420785465259
0.1999587266036827
0.19993071900452053
0.19992666022386113
0.19993356265506118
0.19991411059456957
0.19989097868463873
0.19994678202378838
0.19995143008475508
0.19994059383181914
0.19993171452243383
0.19992547940251712
0.19991575961228317
0.19990176266828186
0.19991724856349666
0.1999226090104662
0.19990043335388263
0.19991111652239318
0.19992694940889338
0.19992397742318657
0.19994374663654138
0.19994562080804196
0.1999334376541843
0.19994840074438971
0.19992507033965057
0.19991387400269708
0.19994463950622027
0.19995418629358097
0.19996677716450537
0.19992945752555374
0.19991885128102369
0.19995425747314394
0.1999393371806423
0.19990950701628693
0.19992486915602015
0.1999117279250077
0.199948637942614
0.19994553532403334
0.19994032967635397
0.1999072044212071
0.19993682959173303
0.19994707940574413
0.19993729999379262
0.1998823883265486
0.19995177989040855
0.1999390902388873
0.1999330115798044
0.19992896052799775
0.1999589297601464
0.19995877902678677
0.1999184376697454
0.1999437321918621
0.19994525815909955
0.1999412901929119
0.19993628504852978
0.1999249286533075
0.19993808788053052
0.19994357209674485
0.19993188497170808
0.19996929407613367
0.1999249705797717
0.19993596779934997
0.19992807638976073
0.19992632486771778
0.19993755316998504
0.19992182968680644
0.19992372381898796
0.19990881803681232
0.19994178076969635
0.19993569143581982
0.19992106031232035
0.19994033063321293
0.19993569826563237
0.19993939820383366
0.19993622024112606
0.1999239214274545
0.19991498422332402
0.19992776647026517
0.19990810540207507
0.19992741520843857
0.19991997655339225
0.19993517143177347
0.19993436049394384
0.19993272803892995
0.19992902462112982
0.19993880436800757
0.19992563917441522
0.19991451541366798
0.19994641363790014
0.19994010085079442
0.19991988177069156
0.19992307891509586
0.19995426981700648
0.19992981216818606
0.19993613835594748
0.1999438477121925
0.19992593659182945
0.19992843383835399
0.19991311379755133
0.19994405537964705
0.19994710791927464
0.19995012188900632
0.19992316090609202
0.19993025070949055
0.1999434103075763
0.19993115751280408
0.19996234470839694
0.19992326123695844
0.1999156843881986
0.1999425619251371
0.19990471944287488
0.19993946906005994
0.19993273653842356
0.1999209613902258
0.19992261686297005
0.19993386855991785
0.1999360530493602
0.1999280771657885
0.19993779675883344
0.19994985462186202
0.1999309832456551
0.1999261874183565
0.199916910297406
0.19992680702145585
0.19992655511520657
0.19993142975677922
0.19993807343553557
0.199935527271961
0.19994340535606134
0.19992866440781326
0.1999356563294072
0.19992744950918498
0.19993307782413147
0.19993980601328168
0.19994299914721345
0.1999147307604821
0.19993755563208307
0.19994218579606737
0.19994801161520626
0.19994435961612825
0.19993476402015872
0.19992855503755838
0.1999376102997421
0.1999120004001679
0.19991995555782
0.19994342022861275
0.1999404666081112
0.19994016986659907
0.1999357597769544
0.19993509287127378
0.19993341824676628
0.19993783042884947
0.199925269106532
0.19994159417029994
0.19992357777510555
0.1999289729463289
0.1999368228240578
0.19993870966453614
0.19993494420762753
0.19994162371290247
0.19992483125680205
0.19992948580492684
0.19994928596619913
0.19994330887504327
0.19993263807541997
0.19994123813425344
0.19993567508695043
0.19993098910902665
0.19993034288743972
0.1999422998596678
0.1999609448284642
0.19993804480575128
0.19992329535453998
0.19993227237089845
0.19994059459272093
0.19992036530308793
0.1999263852652321
0.1999432849408306
0.1999525146787116
0.19993411920552898
0.19992876232002837
0.19994542477690933
0.19992941110158566
0.19993499051300012
0.1999202039640061
0.19992323826504205
0.19994689820459086
0.19993904822188732
0.19992890115404963
0.1999229861403543
0.19993654995036958
0.19995374937485716
0.19994030214677036
0.19995342380921685
0.19994068821743885
0.1999339941249136
0.19993584458408553
0.19992639416735591
0.19993092614531138
0.19995458290023901
0.19991201476005857
0.19994202134242517
0.1999384133632191
0.19993178565188016
0.199926173997049
0.19994114949595904
0.19993238447277112
0.19992387668199427
0.19992617524958886
0.19992741899630562
0.19993434474592556
0.19993370411623423
0.1999356359475783
0.19993033851049502
0.19994351718221814
0.19993766978985314
0.19993406025998642
0.19993262642105958
0.19992816615506825
0.19993169447635772
0.1999348890596094
0.19993796226793184
0.19993068145523266
0.19993844851734013
0.19992530444036405
0.19992700966745017
0.19992599966291352
0.19993098655771022
0.19993394323230734
0.1999414227187794
0.19992541950087234
0.19993887448934505
0.1999304910903207
0.19993099633222663
0.19993375861363893
0.19991930136206273
0.19992739727715061
0.19993824826004838
0.1999380340272365
0.19994773736549995
0.19993068663976318
0.19993349381648945
0.19992923990355274
0.19993043352487405
0.19994026580146998
0.19992895245762196
0.1999315771534807
0.19994177851543413
0.19993288220381897
0.19993733428117572
0.19994408161304997
0.19993574908725614
0.19994352837190568
0.1999396273860495
0.19992829547731977
0.1999453836849781
0.19993392301683072
0.19993171506079813
0.1999389572283089
0.19994159063717118
0.199937504372568
0.19992842705354416
0.19993364870357555
0.19993196079655767
0.19994384117194622
0.19993402492649917
0.19991383912598168
0.19993453738378075
0.19992469713282576
0.19992376080808902
0.1999314806363595
0.19994430189908038
0.1999347169081023
0.1999489343896535
0.19994459040663345
0.19993945158524778
0.19994107214039455
0.1999243361930576
0.1999401537037435
0.1999431812714177
0.1999338170908202
0.19993017674645944
0.19993388351602764
0.19993796245793616
0.19993975673944392
0.19993087175995247
0.1999329817009304
0.19992996755383524
0.19992942962426305
0.19993336599313238
0.19993776711946792
0.19993417150836984
0.19993065684003614
0.1999252025926471
0.19993694035188017
0.19992533017545308
0.19992900635952005
0.1999319060040577
0.19993779789930016
0.1999373842538106
0.19994182560199458
0.19992793609752385
0.199933678629084
0.1999296947575493
0.19993484199684586
0.19992632884725073
0.19994013574000666
0.199928758335084
0.19993473193223932
0.19993369693901136
0.19993978607718574
0.1999323107080584
0.1999289105729438
0.19993790775215178
0.19993456719768915
0.19992995098300503
0.19993251247613922
0.19993355354747738
0.19993847768469455
0.19993302513460062
0.19993724911001565
0.19993739963132617
0.19993531929250377
0.19993184291875496
0.19992956515846563
0.19993450220446798
0.1999314736808636
0.19993780360087945
0.19993182144051666
0.19993480056572902
0.19993892037844024
0.19993256736980153
0.19993117565542154
0.19993137166380412
0.19993154839007146
0.19993571245026628
0.19993407863499957
0.19993410831557426
0.19993385745177922
0.19993470557684268
0.1999340462801388
