4.791743805171908
4.793001869671904
4.791956466364789
4.79247747624788
4.792594018901105
4.7924367396781395
4.791743547575601
4.79188302460574
4.792563132443731
4.791646675212634
4.79207343355086
4.792341275092611
4.791751674602173
4.791867287198224
4.792127389640672
4.791790981462995
4.791857838058767
4.792555457068215
4.791957250698263
4.791872878035521
4.792256316376893
4.791828184901289
4.791832982079835
4.792026108703144
4.7923689190048595
4.791989369772131
4.792001764117809
4.792067753429947
4.791964043051039
4.792019314083501
4.7918208812225975
4.792067187077759
4.791970474292348
4.792070259861592
4.7919344732079665
4.791793504784375
4.791916054246809
4.792215287868369
4.792032217166983
4.792105121755695
4.7917542037563985
4.791954421692442
4.792189825874797
4.79204711945149
4.792031544032153
4.792202815442456
4.792073783110212
4.791825459949146
4.792136180367783
4.7919021151897505
4.7919721431562134
4.791827607875451
4.792156627438739
4.7921005555834855
4.791877298907479
4.792056708687624
4.79213063944639
4.792032142409392
4.79205079186124
4.791957718422358
4.792058563940574
4.791848785067977
4.792018750967647
4.791873239280785
4.792021441598794
4.791907012592278
4.791895598072668
4.791957685483413
4.792003779082171
4.7917901385251085
4.792080987021915
4.79190063353416
4.791995264518083
4.792082851226101
4.791993752137311
4.792137457212337
4.792026664611617
4.792038183380227
4.792033794815457
4.792165181294413
4.791970217332078
4.7918929434041555
4.792065303015533
4.791996636805338
4.792056976093649
4.791985846862367
4.792015219695797
4.792018142793715
4.791942286013536
4.791869437986136
4.792034929071559
4.791898405573635
4.791959069089937
4.792090085969527
4.7917951507997465
4.791935558996424
4.792017988985372
4.792014312147589
4.791958926947798
4.791983091484989
4.792048591771138
4.791901480629683
4.792095018402751
4.791883141243814
4.79198058029806
4.7920840076865545
4.79207081043958
4.792058910755243
4.792152259598954
4.792134093923252
4.792100441273962
4.79199439810144
4.792028698198923
4.792006453827697
4.792028478280721
4.791898366304494
4.791985065957552
4.792046831873227
4.791931348469282
4.792014503377315
4.791982704881112
4.792011206532444
4.792039871151817
4.791977848061143
4.791833093195773
4.791988132255081
4.791953879779981
4.791968584987
4.792065171381608
4.791911409291938
4.791850835532409
4.792063689617833
4.792003829821192
4.7920758526468505
4.791914545936969
4.791964134279845
4.792009006998803
4.792014935906792
4.79194205401166
4.791991856153572
4.792049934258011
4.791974752728446
4.791991340881641
4.791991695463801
4.791992629060121
4.791991826567634
4.791952065850289
4.792055357789676
4.792064191813264
4.792030459813345
4.792006719162675
4.7920583252866455
4.791982784551089
4.7920934279502045
4.791980548424723
4.792053557832652
4.791980131933332
4.791876798055871
4.791974229819828
4.79196153073516
4.792061692903272
4.791926845337322
4.792035756325843
4.7919907552868946
4.7919644413881635
4.792040567679573
4.79197671902054
4.792039825516175
4.791976045117722
4.791958623039174
4.791999221432184
4.79194056607176
4.792060001399073
4.792006264727961
4.792046856860076
4.791957606173584
4.791976761984021
4.792116474041376
4.79206697271244
4.792046443737315
4.7918717280607135
4.79202798399018
4.79198457904999
4.792009952087212
4.792096883702193
4.79197708496518
4.791980886551336
4.7919388165707515
4.791972696372627
4.792073397895819
4.791991318702626
4.791984629690242
4.792062174491248
4.791997410387727
4.79197777786037
4.7920505387317265
4.7919775372192435
4.791901739633471
4.791930636735466
4.791927981236161
4.791942514874668
4.792028574302591
4.791918734994104
4.791949680278991
4.79209528991372
4.79201859062503
4.79193569047324
4.792020830225578
4.791918237964701
4.791971646408664
4.791926706436591
4.791823997189447
4.792000429978241
4.7919727403923265
4.792028278181992
4.791996657880231
4.792103276731247
4.792002113662505
4.791861296577907
4.7920001971379085
4.791940720505026
4.7919778447285895
4.7919942197436045
4.79199802680538
4.792023648718809
4.791986148258152
4.791952522657549
4.7919907728404985
4.791906542977328
4.791964344373276
4.792059030307949
4.792000509155643
4.791991894935811
4.79201775207115
4.791948752374065
4.7921161583998995
4.791968226510669
4.791970863955898
4.792027576852669
4.792008391648744
4.791977052453376
4.791942064381523
4.791984629355969
4.792031158310879
4.792041694862935
4.791958664308516
4.792019698871721
4.79206446259789
4.792021537833137
4.791996204343438
4.792007434323232
4.792009257695179
4.792001917514635
4.7920455255604795
4.7919536452564655
4.7919184452800225
4.7919281555471755
4.792127127828027
4.792055782331266
4.7920444700133675
4.792008415387507
4.7919752335545835
4.7920579515266395
4.792073853897053
4.792044433837042
4.792040853978484
4.791938058690459
4.7919932649750425
4.792023385118048
4.792084815082137
4.792010843424115
4.792019135463015
4.792026813081815
4.792016153061585
4.791875231118464
4.79193664434278
4.792019436626443
4.792100967725494
4.791969805704878
4.792002076438036
4.791920760189679
4.791942081658666
4.792015508087187
4.791937428135538
4.79195545508138
4.792040986596586
4.792052924581747
4.792011493353253
4.791997098669151
4.792040440486178
4.792007739479679
4.792076116445304
4.79195392889476
4.792058431344985
4.791983229711535
4.792034752683037
4.791939654531248
4.792002060659163
4.792026967504159
4.7919850114440825
4.792013530022232
4.7920316482405605
4.792020926924528
4.791938124544205
4.7920120358664295
4.791942867839497
4.791981790753075
4.792022471821906
4.79198839740865
4.791984924035422
4.791992399500282
4.791998396150518
4.792032503946426
4.792014665664573
4.792005017858039
4.791990671689227
4.792020391444215
4.792122881625539
4.791948048122754
4.79201088795902
4.791980395357513
4.7920505150928525
4.792031600670444
4.791968607405486
4.792016259364429
4.791996698523355
4.792029236104857
4.792069445528331
4.791982742729668
4.791950704884381
4.792037662738707
4.791982219215976
4.7920070984570415
4.791983787848726
4.792010203283088
4.7919326620867615
4.792037962227104
4.79198176376789
4.791954361899442
4.792001546813533
4.791926466323222
4.791996805597302
4.792024821303228
4.791970625290583
4.792013546042207
4.791927094382899
4.792046891767409
4.792058730356455
4.7919816734384
4.791959908329656
4.792010265229207
4.79202582591894
4.791897642307545
4.791978728883885
4.791967637191391
4.792062917481839
4.792006763189542
4.7920006381674485
4.7919746200929625
4.791971718693467
4.792011393328026
4.7920277363392545
4.7920298043109515
4.792012046668415
4.792056242810019
4.792041020725368
4.7919626890337605
4.79202447262399
4.792040372217505
4.792030531127651
4.791947834738101
4.791980450132712
4.7920194593188175
4.791927829255002
4.792045650949514
4.791976699254261
4.792033082992173
4.7920676976193155
4.791988027410592
4.7919888924746274
4.791997737923482
4.791937124454109
4.792051552456806
4.792014787028614
4.792039037184512
4.792035400870335
4.792080016359619
4.792031040520187
4.792007811332119
4.791954782051684
4.791995075939801
4.791978267911576
4.791963457108747
4.792062369648371
4.792033320816788
4.791970162088291
4.791942155732493
4.791976717827531
4.792056563131873
4.7920255992434075
4.791993694474194
4.792017898634935
4.7920100641591405
4.792040851403233
4.7919643798690155
4.791990239651062
4.791987444899783
4.791998894743903
4.792006911334893
4.792003436868284
4.791964219008379
4.791975882534
4.79198582852726
4.7919651294770045
4.7919600689967226
4.791989315787742
4.791989495428994
4.792008163257506
4.791957461802567
4.791967428798632
4.791987344464538
4.791998414566436
4.791979648343042
4.791939032811207
4.792035060671015
4.7919905471685205
4.792003023167912
4.792091621994057
4.791991864727622
4.791993600581616
4.792001547522386
4.792001455960558
4.791970769620907
4.792014564672637
4.79199185749799
4.79198616437166
4.792036680448865
4.7919898705389405
4.792051392031981
4.791921535263539
4.79198822774708
4.791989889845867
4.792009307480221
4.792056100277638
4.79201423214856
4.79198811528285
4.791989462628029
4.79193347252051
4.791972837119477
4.792017738755035
4.792003854001001
4.792055200841581
4.791973476980912
4.792015415923517
4.791989709458463
4.7920432900746945
4.792006402738958
4.792022722375121
4.791999380425036
4.79200013232222
4.791987029725736
4.791994463453734
4.791989785814892
4.791976004101132
4.7919691951089485
4.7919954572223435
4.7920100909416625
4.791984142610491
4.791993261846196
4.792024633744718
4.792021793645571
4.792022324411242
4.791984856041571
4.792043808133361
4.792025321036168
4.791979635169559
4.792001091557239
4.791983841410778
4.7920469669613475
4.7920252526343585
4.791982343587012
4.791990704763785
4.791935550118418
4.792021398810442
4.792010372816115
4.791965909268275
4.791981755256257
4.79200349435252
4.7920350448943605
4.792027570461061
4.792013529648246
4.792018286190573
4.791998064129801
4.791979292187573
4.791996792325676
4.791969242271263
4.791976457187021
4.792014766325744
4.792011511380206
4.791997295802384
4.7919791173102775
4.791988340630175
4.7919959631682705
4.791988883816976
4.791999495971154
4.792017222511335
4.791998631459397
4.791967794482182
4.792003952197089
4.791971867843272
4.792036024602152
4.792004256101088
4.791965923575569
4.791989476534817
4.791973619221115
4.7920045178456245
4.791975113577087
4.792040314081112
4.7920027143977375
4.792028467366124
4.792001134133928
4.7919902096612
4.7920073621520665
4.792011287340887
4.792000876258222
4.792013274201947
4.792029779245645
4.792046646199703
4.791970375199303
4.792016187563542
4.7920362757735315
4.7920213021068845
4.7920200227398455
4.792004978782126
4.7920168457754615
4.791964626941568
4.7920003824963135
4.791967743866564
4.791990370410053
4.7919668444562005
4.792004286691908
4.792008871083404
4.791973064916486
4.792022486291175
4.79199004911902
4.792025762045387
4.792003918962911
4.791976746954427
4.791982368769741
4.792013818430573
4.792020345981001
4.792037836231448
4.792013883827566
4.791951499893142
4.7919849739911955
4.791964036630999
4.792007654590162
4.792010678054462
4.7920340639633405
4.7920092455809815
4.792019000276075
4.791954641186078
4.791975689441483
4.791986112939161
4.791975060641837
4.792003107866519
4.792024573366285
4.7920202047316325
4.7920047891501865
4.792056940266709
4.79198105693802
4.7919950540364615
4.792012384994729
4.7919801010064855
4.791978232077162
4.792044622663126
4.791964901659498
4.792000184715431
4.7920167266724745
4.792000049909292
4.7919755115122955
4.791990916802407
4.791998478166135
4.791988848613786
4.792004157935418
4.79200084084033
4.792026765367692
4.791992706727882
4.791976279808971
4.792013983391925
4.79194926033847
4.7919813197704775
4.792030507194389
4.7920022928516905
4.79198880646001
4.791997384302293
4.791967960822215
4.791961674967238
4.791954916573217
4.791999534017546
4.791991663872874
4.792004987197545
4.791993341286077
4.792009159694365
4.79195953203149
4.791992955801909
4.791992894422673
4.7919952651695565
4.791990629029233
4.792019879104963
4.792026428691073
4.791981098362938
4.7919930899735395
4.792010032389227
4.791979937321453
4.792037745760721
4.792029592083583
4.791995916082077
4.791948475450128
4.792022670542549
4.791981191202454
4.792021195143922
4.792015663861817
4.791971954824915
4.7919983777144255
4.791993998107126
4.791993559268513
4.791998688196762
4.792033719924691
4.791994833398344
4.791981974942448
4.791975468756787
4.7919946450178585
4.7919835387934135
4.791998626495578
4.791976172891379
4.792022675347544
4.791987815751527
4.7919893726908995
4.7920478567838005
4.791989735547252
4.791991048607753
4.791983346603045
4.7920154566122255
4.79199366639027
4.791992034369091
4.792014916895106
4.791986864121236
4.791982739726365
4.791982287430278
4.791982077735854
4.792020701757957
4.792016150602687
4.7920010121618875
4.791986458240921
4.7919743493543265
4.79200675027759
4.792016420876152
4.7919854123475565
4.79196436254172
4.791992018909037
4.792030480836917
4.79201209197686
4.7920372514855
4.791994495378385
4.792000576567147
4.7919949699712365
4.792039295953073
4.7919617461769475
4.792015547442041
4.7919655207789
4.792010120620823
4.79194980748626
4.792020047349464
4.79202520178335
4.792023585871896
4.791989481651496
4.7919938841235785
4.791991392580493
4.791989098900352
4.792023132767981
4.791977849743696
4.791998512517637
4.791959558193566
4.791996254692397
4.791981339898345
4.7919917044722515
4.791981111305591
4.7920037547046475
4.792009442125316
4.7920119432053365
4.79198031905036
4.792023146022394
4.792031120477948
4.791989336932372
4.7919862303168905
4.791995653336673
4.791983034186837
4.792005313881236
4.792027956265821
4.791993920435871
4.792001723853667
4.791989782155847
4.791997083157472
4.792057416221992
4.791978406417036
4.791974380630732
4.791986890522899
4.792003531881258
4.79200531178543
4.79200346127638
4.792025705510241
4.7919729311955335
4.791980086025191
4.7919814071034486
4.791982261784165
4.792008061097303
4.79202140382701
4.791987969988813
4.79199846512308
4.79199001832471
4.791984925986173
4.791979082346747
4.791979328460986
4.792004055180573
4.7919883444010605
4.79198149260738
4.791982386712949
4.7920091801570255
4.791977014861183
4.791981772941113
4.792028002513071
4.792014573945757
4.791982365520864
4.791981363008248
4.792022964615736
4.792010264548849
4.791981513030771
4.7919864057448995
4.791994519535002
4.791993727756497
4.792005634246799
4.791987924101797
4.791967848390959
4.791963627613228
4.792019564342701
4.7920043123187686
4.7920221185243665
4.791969478197379
4.791997781446161
4.791967712531014
4.791988233583385
4.7920033064645935
4.792000247495769
4.791983857243084
4.792001654182139
4.791983857408532
4.791985952914646
4.792012998057421
4.792021841510017
4.792016654778951
4.791964144489504
4.792029787734917
4.791997360939465
4.79201070242463
4.791996332111891
4.7919671537516555
4.792003325740743
4.791987010927556
4.792005090306873
4.7919863082697445
4.791986364627228
4.791968793205067
4.791999550895905
4.79199863080302
4.791990106560266
4.791979488026901
4.791996605953212
4.792010470028726
4.791990987535029
4.7920057038353665
4.792007725559445
4.791989993803953
4.791975536708916
4.791992024425129
4.7919682226691
4.792008853643805
4.7919965644278815
4.791992180485131
4.791975830981798
4.791996090703103
4.792022329484406
4.792003448135437
4.7919843445764485
4.791981623312709
4.7920001721007255
4.791992797715214
4.791988699783623
4.7919869424276715
4.791990987805895
4.792027923951292
4.792008748989265
4.792010804109803
4.79198978198712
4.792006126180983
4.791994794487919
4.791985572654919
4.791982560809732
4.7919848761770165
4.7920146124664225
4.79198127313525
4.791970273475122
4.792003711076792
4.792007377741934
4.791985257337509
4.792011388917909
4.792003351919581
4.791992616041515
4.791971111577568
4.791995645361407
4.791999566453875
4.792004205066537
4.791978206677692
4.792004696229523
4.792005034103607
4.792009173813875
4.79200255833244
4.792005707240467
4.791990474185664
4.7919807076873
4.79200118998301
4.792010611781819
4.7920158505641
4.791966218224072
4.792005727226651
4.7919910404796
4.7919823858014325
4.791979685701396
4.791985707981063
4.791989154979122
4.79201142759116
4.7920098470287265
4.791993779060231
4.792013580134294
4.7920062798315275
4.792010613600907
4.792016993840975
4.7919941012219835
4.791999819130724
4.79199795211555
4.7919983265798844
4.792004798312709
4.792003257591685
4.7919856556753455
4.792003650494884
4.792003931497975
4.791998026618315
4.792017755423035
4.791992961720807
4.791985248291925
4.792001288188946
4.792031142248607
4.791990177911581
4.791989086371858
4.79199307504332
4.791995026963528
4.791993741017757
4.791992603329125
4.791999004055478
4.791998030228058
4.792004788889893
4.791990163267241
4.792001350929231
4.7920044882357296
4.791993546228414
4.79197453622441
4.791983438775866
4.791989391169195
4.792011105911037
4.791990593075683
4.792013324694933
4.791993146562989
4.791978254302027
4.791981152692132
4.791997012850261
4.791991268603879
4.792003799870108
4.7919863154000115
4.7920025700850495
4.79200565472278
4.791979940621926
4.791979300855467
4.791993856781045
4.792020255952184
4.791993437815831
4.791983639960706
4.791984154863618
4.791982366942819
4.7919961692414885
4.791997351123405
4.792004296897504
4.791994726538003
4.791984732815548
4.791987727394404
4.791990525418022
4.792007533169672
4.791987887802582
4.791986953372453
4.792002268181788
4.792001402467187
4.7919963522061675
4.791999562297566
4.792004482879972
4.7920097984489916
4.791995273409469
4.791986719787199
4.792007399886266
4.791990078489415
4.792004217466383
4.79199540882314
4.7919946644487315
4.79199910388283
4.791994274589863
4.791996114937387
4.79199842370568
4.791993300879177
4.792006384464189
4.791980321403258
4.791992250607694
4.792001212150161
4.792001257063302
4.791992064391565
4.792003980843364
4.791995552242998
4.792000484621945
4.791988626464705
4.791997099938043
4.791991267437965
4.791996896997476
4.791990523218834
4.791989684574143
4.791994397715805
4.791991736139858
4.792003277727625
4.792001210825265
4.791992611453509
4.791995972433486
4.792000666974025
4.791999657553161
4.791997325733116
4.791990074693332
4.791999755853637
4.7920118572834856
4.791995112678237
4.791981523307184
4.79199333493282
4.7919929320194035
4.791985460713087
4.792001478768483
4.791996880241948
4.791990875853639
4.791995858417528
4.791991699845716
4.791992441985805
4.791994824035549
4.79199467070131
4.791986021305341
4.791994593334572
4.791992486158532
4.7920004889341445
4.791998422712114
4.79198642400802
4.791993328204621
4.791997452362305
4.792005776442145
4.792009084545515
4.79199152309665
4.7920014585779525
4.791997413573564
4.791996322178405
4.791995309912216
4.79199599423737
4.79199450189316
4.791995502994769
4.792003968813637
4.791997484408521
4.791995421718158
4.791998448789104
4.791995085721332
4.791995280358469
4.791995672402517
4.791996682923452
4.7919972808336375
4.7919939379538645
4.791997444655499
4.791996544893889
4.7919971990447925
4.791995195114257
4.791996868385852
4.791996183715289
