0.46574932226128535
0.3367305319229522
0.27025458150857146
0.23445502983284447
0.20637002093585877
0.19106470861605415
0.17836975497092775
0.1642260268236717
0.15485681168199306
0.14710874508070904
0.1399010087132237
0.1341170926013915
0.12731961856871926
0.12259764738949797
0.12097379167304516
0.11620755091478359
0.11184128106452589
0.10852608104903254
0.1063181147181852
0.10397022683535048
0.100853792677677
0.0999738179947584
0.09584682180717108
0.09393261408330421
0.09269169382732638
0.09054552198118904
0.089436820507097
0.08624439585327387
0.08559799979252126
0.08385432652865227
0.0834378961598674
0.08142972458184564
0.07970590062840195
0.07793076785559507
0.07767832974554695
0.0769406584690851
0.07577295844007578
0.07416874562125883
0.07183122071269822
0.07294782871126462
0.07217091159284048
0.07138412987541891
0.06963851733128294
0.06986712181762808
0.06800440664040207
0.06745333017835325
0.0663782858613098
0.06646912492488219
0.06524686153519697
0.06437946461049679
0.06454251026839995
0.06267917591800189
0.06322730751905348
0.06234696518511845
0.06187950821792418
0.06079062269912715
0.06066294760036037
0.05996295546357584
0.05848571352559126
0.05849812717539287
0.05794349640926147
0.057646742646046197
0.056870123936102426
0.05627453173751994
0.05662591678043039
0.05603394548760842
0.055399805781837355
0.05459764730671894
0.05434574080770796
0.05403093163281946
0.05308117643991907
0.052699500287796575
0.05240666958214698
0.05238470301452976
0.0518291806782052
0.05123159619878637
0.05071254137177075
0.05062699460748361
0.0509466984433471
0.05027288960354308
0.049277990515430456
0.04965214270348894
0.04888449298819122
0.04881182293817123
0.04794819171766117
0.0482094123262394
0.04830082306311452
0.04767690370332717
0.04714314735519052
0.04759146055188492
0.04739629415747444
0.046542342146021105
0.046099558591079975
0.0452441538177905
0.04546196780563813
0.04590936878138264
0.04525112244882504
0.0446998927561386
0.045267717663965236
0.04420590502711312
0.043614923584519474
0.043984522229696565
0.043416226305509
0.043493647879862284
0.04313429020087046
0.042766182629545714
0.04191901067767135
0.04294157610945496
0.042498470457194945
0.04220453832585537
0.042378587620456216
0.04164943610871105
0.041608012026760254
0.04095773460515015
0.040758698560222205
0.040681402173602575
0.04140153127407286
0.04018116273092868
0.039961550921974905
0.040082242584183206
0.03985030856773089
0.04000047066021684
0.03909967807396811
0.0393563180927806
0.03875812008300002
0.03915886737219442
0.038679409391277016
0.038500514957986696
0.038066273925866465
0.038813943262531306
0.03824751345644599
0.03881840583265352
0.03759076825164035
0.037696340740270076
0.03735951284780559
0.03731811136592032
0.03702306401309306
0.036648506852906645
0.03668777599556642
0.036860861352114936
0.036324083828486495
0.036142246219401694
0.036320910686853475
0.03611408086094358
0.03601386018767242
0.0355836483829678
0.03570688573807917
0.03550637719414206
0.035169905936053215
0.03528448878231531
0.035234251835511037
0.03525640228238723
0.03516314254413745
0.03487162526493311
0.034240748060435686
0.03418692268723666
0.03424711273359322
0.034127145626454344
0.03397365219028742
0.033796675535924865
0.03406901566199785
0.03352626187237541
0.033460548895873236
0.033540288157742786
0.03279598509494584
0.03268766504762567
0.03274836379881933
0.032734518843945515
0.032458653374789176
0.032785266591751024
0.03261606340750566
0.03235478242761897
0.032403325476244534
0.032464527523181644
0.03223938714469077
0.031925351047388216
0.031920150295986376
0.03173369278538995
0.03160516902950475
0.03161712343836418
0.03151052170693369
0.031133867553149473
0.03128373704680885
0.03129930852905892
0.03120644146076354
0.03103391245455228
0.030950299495085425
0.030417369618745662
0.031095387550226693
0.03046319342039663
0.030406219712889353
0.030180058628088462
0.030297361839385053
0.03023419312370069
0.029740186137414824
0.030242099429922766
0.029874767770751015
0.02985558544159546
0.029823076172896885
0.029450256478139546
0.029198431040806296
0.02925163090951785
0.028977099195686418
0.029328967053446453
0.02932163868800609
0.029276413496681714
0.02935229525553886
0.028757594965023916
0.028592983864146878
0.028795332281171895
0.02868490709586941
0.028335384613908474
0.028610210980930667
0.028334672867779583
0.028129518228995648
0.02823103684427227
0.028039200893715435
0.027878092051276643
0.027941813107373724
0.0278674100085022
0.027731822260325036
0.027617616745915823
0.027576640677361722
0.02718532131742898
0.027311453322897184
0.0275832587720794
0.0272975824791592
0.02716654689366653
0.02735505734777363
0.026771029406633406
0.02697848776421462
0.026929417617546417
0.02671237408186035
0.026983513594327192
0.026541780402678683
0.02585990798159577
0.02673460050919088
0.02652731720156961
0.026276172400172968
0.026498168249245526
0.026244024015787782
0.02642729699009274
0.026314720714852306
0.02584943417088828
0.025979819947901522
0.02568352710949345
0.02592119642932914
0.026041714515384718
0.02589554671438769
0.025499059068376944
0.025500446548019737
0.025370231204430046
0.025172758698549274
0.025206145572081815
0.025966633635579463
0.02530192261185459
0.025250720782248926
0.02495845389390121
0.025066437735095343
0.025106576376454533
0.025101124187589037
0.024822534168527578
0.02462433681283442
0.024652841176266652
0.02452855553776771
0.024691041050711186
0.024969338729258397
0.024552643262031357
0.02439601277660919
0.02450593449811383
0.024273172943969676
0.024253143193691287
0.024309540692038833
0.024280724776739003
0.024132721567891122
0.024226939327809234
0.02371778914468809
0.023847126385392336
0.023609296198669267
0.023809820116446376
0.023771635412133285
0.023549227790403655
0.02353860397030508
0.023569188880772786
0.0234466458378015
0.02376033699585985
0.023203008060931667
0.023339147254015317
0.023118505939418593
0.023144091568371092
0.023252039796274375
0.02296938051810478
0.023245219307831258
0.022902644597780155
0.022831163388724002
0.022777820617724848
0.022726580206175954
0.022413298840036674
0.022452459225969962
0.022529623754965086
0.022532446933335868
0.022781342601781357
0.02250610523707852
0.022492762660890658
0.022441611849122654
0.022311359053472514
0.022222565566753418
0.022482646341737494
0.022030065269730295
0.02223007396973679
0.021875054813452147
0.02183950575874782
0.02198117419628482
0.022018659144918188
0.022072173123674196
0.02180371491570387
0.0219789762102045
0.021766575730050208
0.021859635856256245
0.021593383867666828
0.021436658552728062
0.02151480196802559
0.02168491976820655
0.021366919794099427
0.021173647933085377
0.021242351274329163
0.0212805296100393
0.02100426716477475
0.021235996919108557
0.02128848339913163
0.02092949513689123
0.02080056927486562
0.02100175852609709
0.020938776772029703
0.020654953794418528
0.020666334731368207
0.02088383363497528
0.020683920229220696
0.020805257081257914
0.02076919203552627
0.020470639889133523
0.020556985403708303
0.020682748050719745
0.020367420972900115
0.02045570015397269
0.020207060506330452
0.02018402398401078
0.020122618429776962
0.02041702300336576
0.02018849643122223
0.020182709605260696
0.02008428940658499
0.02020264193982891
0.019998382674136877
0.02002766840907845
0.019916603709256516
0.019934860346380864
0.01985161257257678
0.019730716375240466
0.01984729075860731
0.019735129661179913
0.019680308531772578
0.01976416559790565
0.019545744272278596
0.01927232505322434
0.019347418605565103
0.019465272057868195
0.019382013702275137
0.01935810743401016
0.019148187855016773
0.019389717892971912
0.019215103213350106
0.019284966210744117
0.019146936508384473
0.019138755896813946
0.019103959873584587
0.018884025518713196
0.01919252289948226
0.019053250057280098
0.019060558982630354
0.018978934412908675
0.018812664694389216
0.018755324804683057
0.019010367477147707
0.01875576291178134
0.018584081790975628
0.018543576911554532
0.018907580142718435
0.01870039407082246
0.018581130941236514
0.018492390971239624
0.01851920824452126
0.018220607608375135
0.018490393193441923
0.018526623727607716
0.018283502892523885
0.01839067067697417
0.018156999199385394
0.018123277717117806
0.0181792698974748
0.017946360713564154
0.01790367278722458
0.01800222744258179
0.018088633140957242
0.018090258321140158
0.0179003126810749
0.017926344883858383
0.01780738645991928
0.017890405110981025
0.017955038950562437
0.017442442553979597
0.01787516504297868
0.017641640135430677
0.017407932423648066
0.017464491304983346
0.017489148889616103
0.017689074301678147
0.01730304886182415
0.01738547459101347
0.017357331571964413
0.01720149127953004
0.01730708697895291
0.017184987533934683
0.01725282512505081
0.017295782042682572
0.01713348759038616
0.017288255450903123
0.017095057416666233
0.017009363552056577
0.017065396946593897
0.016835639396001946
0.017023032467324617
0.017021483891413877
0.016977545023719055
0.01703863086100454
0.016792922238044704
0.016926400282168283
0.01688591703401414
0.016873473978322343
0.016688760716731765
0.016666725318786633
0.016741471669708418
0.01663253790665762
0.0167294328881474
0.016665590359892665
0.016576950826076235
0.016462302851158277
0.016459678392137692
0.016331263798679056
0.0164318547493964
0.016369000435687394
0.01610343240972066
0.016114183580503504
0.016390606156490378
0.01627319373307647
0.016094342156624926
0.01612333276652175
0.016075402353564135
0.016020528934485734
0.016143404402972076
0.016119428429382254
0.01593018644589845
0.015862632273743446
0.016002042402469517
0.01573173678681872
0.01587047670929484
0.015814247598405825
0.015577217617332774
0.015697566822254257
0.0158458495659962
0.01561052472404556
0.015552428767105388
0.015735264887915375
0.015631497619964674
0.015581940236522896
0.015577328687614666
0.01557023107094632
0.01536616043304572
0.015468713769319156
0.015390950172332364
0.015423068100243081
0.015322024588275886
0.015123171930562342
0.015419760852539023
0.015197564052098269
0.015284975591188858
0.015275367857274296
0.015330734440234165
0.015277288415154182
0.01499883975460343
0.015303606348328997
0.015037887333779707
0.014968423786358868
0.015127889190306188
0.014915294706728158
0.015038103301416405
0.01497352657351196
0.0148580663376193
0.014841127178964006
0.01489682081529069
0.014731448561482835
0.014697057061345171
0.014741953658050103
0.014425482410795361
0.014591050510002526
0.014738660653475712
0.014704020509766746
0.014445844639918567
0.014554591014695372
0.01448420764840887
0.01444644218126411
0.014572836199670872
0.014473303743746252
0.01449362204625427
0.014351981901943475
0.014362392878685893
0.014328321356739516
0.014224944895184876
0.014282180926126141
0.01412698446648503
0.014271155534763838
0.014270341803869002
0.014203117610344384
0.014053571267328691
0.014038104043974138
0.014108702149467068
0.014180031043897702
0.01399524894006949
0.013951410484545283
0.013849430332842368
0.013826411294769511
0.01378738040203554
0.013821485228080351
0.013729634528583497
0.013743848382378162
0.013776207132509018
0.013779130635666943
0.01401376530574568
0.013609402178858589
0.013655065141230716
0.013649954138286366
0.01380425888929573
0.013567121243230253
0.01353071094979317
0.013397334530499731
0.013481173232555427
0.013433572679873457
0.013407149467924488
0.013577543487433504
0.013360725593176677
0.013352094182695713
0.013307997667535628
0.013469882280619351
0.013297721629145004
0.013304732260971836
0.013228249881714803
0.013058084293889508
0.013152057295282639
0.01322417912313177
0.013003118778385845
0.013171673483857484
0.013120118560604136
0.013027378399375414
0.012864793576133415
0.012997831046069917
0.01300570029857269
0.01283909205553815
0.012847411896210189
0.012880736544208063
0.012810160213481022
0.012854529153114552
0.012908080209571815
0.012838364537306461
0.012831981412789925
0.012673490443275898
0.012685421845324826
0.012570202552701262
0.012598325297800982
0.012651188214392772
0.012604871489115531
0.012489408661510533
0.012444426048956608
0.012678838894988555
0.012597482254632605
0.01249479556273897
0.012660423103329127
0.012488937819816049
0.012326706662620195
0.012545954867073283
0.012368966141105983
0.012334625378511804
0.012424233080579583
0.012280015841846093
0.012141896718709692
0.01216645057886466
0.012204939036204378
0.012154442351854818
0.012130532530157334
0.012101027230505688
0.012066490619276504
0.012268956529447431
0.012122412687619247
0.01195202028134452
0.01202996324639779
0.011918087339975247
0.012029938173461405
0.011919929110040155
0.011829564035631191
0.01192214902306695
0.011797548655087399
0.011650752762335615
0.011857272161084065
0.011936057806080574
0.011855024259388173
0.01177546335519418
0.011736671420144519
0.011597421601737786
0.011612708649197884
0.01151892112748508
0.01166425495973568
0.01148802153500079
0.011518168140795062
0.011482193680228105
0.011369144683437367
0.011400017612847715
0.011377985620412048
0.011578077845705644
0.011458000898839549
0.011359247161210072
0.011153484044039586
0.011425594207701903
0.011300786411573447
0.011223293629909668
0.01134449877492039
0.011162080039514176
0.011187085629392525
0.011142706803163524
0.011245549211630205
0.011039375335607836
0.011275676218127934
0.011004198860846966
0.0109653561004508
0.010867283148511625
0.01097416674358153
0.011019800091629057
0.011015947121807647
0.010839410548053844
0.010908887436033967
0.010933529594128617
0.010699893816206377
0.010818203639294862
0.010839003238477763
0.010860943106649208
0.0107272797711333
0.010695846329316585
0.010706837008091465
0.010786696028543227
0.010765978077738221
0.010650345883005395
0.01064032461676628
0.010562704701872783
0.010446198326338682
0.010504549333428061
0.010499574163525928
0.010450047666651984
0.010424789529614297
0.010449727317517973
0.010693883600858869
0.01035247689259324
0.010378499711774897
0.010215583455018867
0.010392935430199618
0.01030740146540824
0.010200484796992261
0.010267742669618714
0.010144920612437663
0.010312424824764212
0.010135558485471664
0.010043523651530089
0.010208893195238945
0.010062251445573494
0.010092508483113636
0.010034623229109528
0.010168247952063466
0.009943522048182888
0.010045051155784794
0.009995039913543148
0.009960643102883531
0.010024890406226266
0.009884400655843728
0.009847533675485095
0.009782935867078608
0.009869428295878115
0.009944739415577154
0.009772506700531937
0.009704205020316855
0.00975112142682878
0.009706738609050357
0.009821368997250047
0.009886205083168929
0.00962828541514945
0.009563999993021875
0.009595756122254523
0.009627819383178292
0.00952163690784094
0.009426476180945494
0.009574655239040082
0.00948823241654622
0.009577611846249006
0.009504367285672964
0.009512391545524598
0.009534869823338434
0.009322338502044789
0.00956606005037224
0.009420379655747732
0.009380965289554248
0.009245547426241693
0.009164009447354843
0.009278055505568745
0.009195232440667426
0.009264708312339411
0.009212496203850683
0.009087132494557002
0.00913834887507548
0.009233776864767257
0.00908709837355953
0.009128579396551107
0.00910857313079801
0.009136434386470408
0.008937217251505751
0.00899267927791983
0.009002881581703499
0.008868709069927748
0.0089456355111531
0.008782837849820138
0.008922683329254442
0.008911241800887967
0.008756780411893187
0.008825731898048588
0.00875046977786733
0.008733822351907602
0.008729133564337889
0.008671889131341913
0.008691571066080924
0.008686169083767757
0.008698726229748013
0.00861855057854841
0.008580625208245386
0.008523641743846974
0.008481555855648925
0.008557799674083327
0.008546962212036253
0.0084412959639632
0.008416503735690728
0.008465015035542993
0.008398106111221102
0.0084011925343808
0.008324048977557428
0.008330441939691841
0.008316548625603154
0.008273142463599706
0.008263990331033198
0.008243580484025266
0.008261998099726995
0.008157829208421822
0.008148844131121472
0.008171695590953314
0.008130479286290612
0.008166543359451647
0.008125311664283978
0.00803750832246818
0.008085520064499885
0.007926396590781001
0.007936131704541141
0.008117889777111994
0.007991573145135563
0.007887898498567263
0.00789267650734238
0.007949183705810992
0.007858815612574649
0.007834308032923176
0.00776036139675849
0.007813866382273885
0.007717824775849419
0.00776652791139348
0.007701944308557081
0.007667620015431989
0.007677762644495151
0.007694277794195088
0.007586985348502458
0.007699980116002583
0.007665173043511175
0.007612961389881276
0.007520049771443227
0.007458616047364201
0.007538874712026928
0.007424753760228578
0.007429683201733269
0.007382455269138357
0.007306282977985462
0.007323604574531403
0.007314542448957387
0.007378657033996142
0.007285089436474287
0.007397358714033471
0.007266877270650359
0.007247532600267767
0.007103116633487402
0.007208112268817987
0.007207059247816836
0.007135022842105737
0.007085523758458916
0.0071371187371686365
0.00702342841771301
0.007086862870740413
0.007110359424663203
0.0070199044004588965
0.00690158984263622
0.006981194258114829
0.006876798629000385
0.0068483591795982955
0.0068902849432240214
0.006811433394007845
0.006820316659766886
0.006832908727693217
0.006717359930517219
0.006830411816607131
0.00672672604595228
0.006754521736644481
0.0066674158918828205
0.006704588294568547
0.006615131700356161
0.006588211165281169
0.006593234660195873
0.006582455925834132
0.006541888901722364
0.006522225748577275
0.006508389142606255
0.006565544992465302
0.00644347847410359
0.006420773342188157
0.006417495115612405
0.0062962912943925016
0.00636548744354184
0.006368516062436751
0.006346241234402183
0.006335620740643598
0.006261293808243645
0.006245062072730661
0.006178788304558041
0.006248626110648575
0.006224929907550533
0.006164979985545604
0.006178217445658134
0.006037101064958726
0.006087828164153491
0.0060463639983769175
0.006022801456469049
0.005994970432679239
0.005933473264120497
0.005905523209196705
0.005887968430838286
0.00594038995119886
0.005821148691335417
0.005868763933087927
0.005729757990793324
0.0057598491489289
0.005789859706910161
0.005894964279579485
0.005705164181293718
0.0057000765584000425
0.005659074505375855
0.005676655618180646
0.005652417167387677
0.005623084541208701
0.005511634550428642
0.005575476376928173
0.005560213911297383
0.005474828965595602
0.005425692814859426
0.005453379399053792
0.005426098429914248
0.005381601471787973
0.005403090914932174
0.005299275415738455
0.005291899363412667
0.005307501525184391
0.005262682463769417
0.005302269027782056
0.005232046839269929
0.005190018389311734
0.0051152229417182875
0.00510878635542477
0.005155545217835053
0.005052673258743478
0.004974963983017799
0.005090175449202759
0.004984691663544207
0.004955742286106391
0.004956556896270909
0.004853678280526366
0.004918377191058458
0.004828821698886056
0.004864509685557525
0.004721880682148917
0.00473395148416024
0.0047101989086973705
0.0046786179793966605
0.004702984528047981
0.004697420395627277
0.004624516837734908
0.004638181472090639
0.004580085063618299
0.0045380160876743415
0.004519574657488119
0.004483937744659182
0.004420528308031417
0.004410962716099928
0.004360623908511583
0.004323256409411024
0.004346819666703259
0.004364517605210519
0.004254394515266852
0.00417048443292294
0.004203358825471305
0.004212027682381455
0.004171731018553936
0.004116202532212948
0.0040738939051957555
0.004054994768316704
0.004020103087745879
0.004007035386772889
0.003967881188444914
0.003917844691223198
0.003931289499538825
0.003853940575430789
0.0038408175726332683
0.003814237589182637
0.003810608940319132
0.0037109282589225167
0.0037051516626949825
0.0036371614756655905
0.0036046691854388223
0.003593125910372662
0.003559440079173404
0.0035111651460225544
0.0034996063792772274
0.0034883316788434735
0.003467375239318481
0.0034111885549691833
0.003356556143430251
0.0032842227544509685
0.00324788625441649
0.0032607201620970033
0.0032414309960237288
0.003200733239105605
0.0031119144959887374
0.00308070498037018
0.003045998622930664
0.0030377420697887177
0.002972258328126543
0.0029453095564272087
0.0028943297289713847
0.0028444545802358513
0.002823166963174618
0.0027375120554046536
0.0027416822322760604
0.0026794804517119193
0.002653709380158455
0.0025870361167812618
0.002567183281706774
0.0024998880382452703
0.0024621417237614667
0.0024160396717917434
0.0023764768546697887
0.002339927668518694
0.002274903334938138
0.0021962095465060186
0.002160048748358258
0.0021093378932045123
0.0020750591625582774
0.002020776448459286
0.0019467913287831706
0.0018953179347207558
0.001824845065394855
0.0017691591048956663
0.0016799524613484603
0.0016300620089605066
0.0015703350062005706
0.0014943802109664871
0.0014194773877974323
0.0013430944219972824
0.0012532979572257971
0.0011511565092125256
0.0010362587152289101
0.0009407884150415813
0.0008143430419056349
0.0006508174369304948
0.00046496154937818526
9.036096944748923e-16
