0.284679637996233
0.19938732033379472
0.1646430137385663
0.1430108920187816
0.12793141147158715
0.11596819782780925
0.10797626182339745
0.09963686694926409
0.0941086901404688
0.09058291978801583
0.0855001157235775
0.08184732440518583
0.07866985050319411
0.07528940724086827
0.07317520351133096
0.07031813513311311
0.06874410306864584
0.06753594498244117
0.06500857150181681
0.06296512210605755
0.061452395728154335
0.06011236095441297
0.05951193760397431
0.05748549703401696
0.056905049009381
0.055692922946632945
0.05415421857486248
0.053429349639418165
0.05149573275786629
0.05133317449579091
0.05093348043864535
0.049281130101767955
0.0492959524279495
0.04777862792145417
0.04741718774174242
0.047090027608417614
0.046053142772680376
0.04597337928288004
0.045125759367610735
0.04473797939308741
0.044137673305621454
0.04338731986702184
0.04285852352303936
0.04207331636175995
0.04149843808866447
0.04124345427579775
0.04097587126460249
0.04013220039996626
0.039833782022909506
0.039898097024503816
0.03880967972734942
0.03865299146479783
0.037954639508481394
0.03736249303199733
0.03771968077255017
0.036543116373075835
0.03636398934861249
0.03657182401299697
0.03596217829073749
0.035773821327046734
0.035304019868705364
0.03509163920460319
0.03503483716870634
0.03423742985831983
0.03431988148039805
0.03407849362015186
0.03366248137994561
0.03359851799578294
0.033211810127219236
0.03257455468449359
0.03229289020148419
0.03237840041432644
0.03190699561300209
0.031925692599523596
0.031840522606468545
0.03141495243756511
0.03118813863474478
0.031047338884336695
0.030391204856716446
0.03100151645350105
0.030535464449141278
0.03036472649897181
0.029808104391066646
0.02965543583199858
0.029700373135778675
0.029587087650483773
0.02930842111774297
0.028927203084015828
0.028538416349226152
0.028393330432443603
0.028854918287355133
0.02854760484713742
0.02831883374382967
0.027912299116180008
0.027725080172362408
0.028081822505534208
0.027714316146942405
0.027171511018243694
0.02733171230142988
0.027097375864517166
0.026919164832266862
0.026854140559136916
0.02660280551641241
0.026715017611006295
0.026356717639641487
0.026446064421674638
0.025942287448336702
0.025862918808709168
0.025654249842457018
0.025835328185887744
0.025562660612864666
0.025629064029786517
0.02499990770843633
0.024847335599107154
0.024814947650018276
0.02504516524455771
0.024747921628770878
0.024610273743983224
0.024711612893503866
0.02457235392771542
0.024445253142843307
0.02470418105447024
0.023924397941204056
0.024095150621427027
0.024038276183608466
0.023618853049614974
0.023616222505441393
0.02366675248597761
0.023664944123062456
0.023387787287600555
0.02327881769306496
0.023213148079059193
0.022881428768945163
0.02304448413378741
0.022956069168649368
0.02257605396434832
0.022751209185478447
0.02264456181247189
0.022545952144326375
0.022300151597971263
0.022226227304125913
0.022205218894273664
0.02201477144312579
0.02199246300926026
0.02174805442886385
0.02176659288305279
0.02155067603135866
0.02179071758452949
0.021535585573026286
0.021418069038829955
0.02176821007357429
0.021451570770749127
0.021295764999482967
0.02126919217363703
0.02104390176078764
0.020989151402758924
0.02099309353094484
0.021105192176490185
0.020782904959307652
0.02068318226067203
0.020709244192648173
0.02044973185409478
0.02048550618181171
0.020461079535827754
0.020244320017862104
0.020228532642693052
0.01996436988743138
0.02004725550836718
0.020150779477003344
0.02008959985911355
0.01991769753932886
0.01980240233806616
0.01978893844415542
0.019812171193563755
0.019693526488306093
0.01951262348597544
0.019406701619264045
0.01942231335776273
0.01952610532383576
0.019172549144012847
0.01914347867897536
0.019180416427591034
0.01909349724636869
0.019008889713472664
0.01890879801888084
0.01891987781438464
0.01873492810101633
0.018593436811832856
0.018576948064816332
0.01848862159616357
0.018612115387073965
0.01867022378118179
0.018379142854273174
0.018423235092877424
0.01825426807042528
0.018512314784963447
0.018255910635762266
0.01815274076014989
0.018305266980261456
0.018019785296250743
0.017866055748980238
0.017663550029131
0.01797716676714964
0.01770662878982006
0.01776747879447224
0.017551930194830923
0.017593474809086913
0.017559637643292384
0.01785637961790014
0.017370244182115246
0.017574972371567767
0.017316104819404717
0.017404894510013567
0.017513451216008245
0.01717157649781528
0.017177312068290762
0.017053625401828556
0.01720949190437831
0.017332468877522985
0.017102802186372314
0.01712727072152247
0.016662125877091673
0.016967619586922278
0.016612579335797212
0.016772775537372664
0.01659225726218641
0.016506195319620554
0.01658504711768523
0.016509417222533174
0.01640620593049664
0.016619888145449117
0.01650887866807831
0.016621975680279504
0.016260585080067152
0.01614805514282304
0.016148936437266788
0.016179379764466265
0.016282176701411768
0.01609118986436111
0.01595568007677706
0.016040923633127938
0.015951417726717
0.01594446628527027
0.015729358035328288
0.0157607868470223
0.016117527235949895
0.01576936268944065
0.015480712156223644
0.015620609119517124
0.015589516263164785
0.01573424868185738
0.015505144570714766
0.015551600713514064
0.015457476010372222
0.015563144424065745
0.015294227940002868
0.0151017496632616
0.015389126092069938
0.0153310067266952
0.015325807608892473
0.015398876276016956
0.015009160386631394
0.015051497343278425
0.014998746155264123
0.015249323848851732
0.014823914893894188
0.015031540323471693
0.014956217568135853
0.014716339222246046
0.014975528618419755
0.01478146179823479
0.014930163741589625
0.014643334719828932
0.014854811638844265
0.014531249250183287
0.014560870787285527
0.014687918759474235
0.01455780280771706
0.01446907744338231
0.014481695404106426
0.014595146472249621
0.014466756711606066
0.014209238259399896
0.014351190645861227
0.014269464484759282
0.01429865911311171
0.014356424778765404
0.014264305981553852
0.014221531512796707
0.014444852442104845
0.014187995764561142
0.013903282008759415
0.014143042299694318
0.013952223750418047
0.014076941711169409
0.014088877315595726
0.013827835280323128
0.014023375758510754
0.013905858049293972
0.01376681101290318
0.013851660116022207
0.013748356229982467
0.01373354547724319
0.013762614942062646
0.01369124929342685
0.013748896585931859
0.013760261970271831
0.013643182287088818
0.01343182158150451
0.01351497226471532
0.013508977414586038
0.01353621875455612
0.013295186305199831
0.013422572222900882
0.013292314775128346
0.013325470058781555
0.013175986001011799
0.013190262385653634
0.013133930750445541
0.013061896483495442
0.013290874343011282
0.013165207586279818
0.01304770328480973
0.01306018015161069
0.012851867395050615
0.01290985803618922
0.01312048804022824
0.012709680182525628
0.01275480305054713
0.012830432531799336
0.01291804498944336
0.01270869393342696
0.01287858349889551
0.012869155329640503
0.012846425954947886
0.012652952058230206
0.012693349753373925
0.012652768564701695
0.01253093462647749
0.01253704898746883
0.012519968456122898
0.012508157312125892
0.012290085954255708
0.012263500404267255
0.012459283045510318
0.012483279311063767
0.012525194247647553
0.012349830850843423
0.012362349958286806
0.012274530012017691
0.012422878653748267
0.012300205375521346
0.01224269963357414
0.012305476867849705
0.012098477684161698
0.012047200058211048
0.012194194672298033
0.011935490210415511
0.012017475811570288
0.012059542502347373
0.011944999117302455
0.012049995270597668
0.011892212011582024
0.011989313219866808
0.011839144427090184
0.01187115978372607
0.011901383508381777
0.011986814874311013
0.01187041645838777
0.011760540467257018
0.011882613787197443
0.011692563290622774
0.011746455722619627
0.01166854755929771
0.011639345034497582
0.011701555005958781
0.011790570144556067
0.011492121859452847
0.011539759304534613
0.011584626858034401
0.011461894669704884
0.011531510627474303
0.011586202643742567
0.011528326545396822
0.011553156169736156
0.011348625848783492
0.01138310601399674
0.011341584230033933
0.011262656449473657
0.0113487111653568
0.011368303089091765
0.011208373926855947
0.011155466634450491
0.011227509022883974
0.011265707223107315
0.011056478423714431
0.011165553863162
0.011172836025092584
0.011107851752067376
0.011209864275977357
0.011106160595443367
0.010964951895907049
0.01089159565645452
0.011103353342693191
0.011012947121661868
0.01099921264061508
0.010924591219023557
0.010822989509022649
0.01088068896105848
0.011028297828491308
0.010865139752250707
0.010715913531013806
0.010896066325720705
0.010605536647196009
0.010719515441468395
0.010716663617296509
0.010652949096974994
0.010768059868944196
0.010655121596473936
0.010554927982777924
0.010523083979054106
0.010722036749102087
0.010535993649145023
0.010474855601483132
0.010559338081823678
0.010547380915893604
0.010488060387066105
0.010412696531737117
0.010554106235774461
0.010406610754242327
0.010291554733070092
0.010391904972736517
0.010347825599479544
0.010336293943523159
0.010260004620555721
0.010185843136574368
0.010223532850997896
0.01028961561402797
0.010307358796748873
0.010224505439983746
0.010213964212806197
0.010182515811429468
0.010050103122344623
0.010126053476756929
0.010094937107321017
0.010089806802934866
0.010085153233740355
0.00987457829326692
0.009970239873165445
0.009836831236678948
0.009963018497306781
0.00999032786559997
0.009885618085007054
0.009875371659400677
0.009822478586293785
0.009777735000681223
0.009853269842870695
0.009923107216962074
0.009820639217229012
0.009736780760854036
0.009725529466671238
0.009907366438259579
0.009772622728834631
0.00972917313224962
0.009776764559963786
0.00961699156103782
0.009709430700248581
0.00967450880850551
0.009654965979460126
0.0097376444915137
0.009536612432669648
0.009694182281104833
0.009592432276595581
0.009383658109879234
0.009533092363416162
0.009446578703955847
0.009502855339351426
0.009450908724651314
0.009411418181872936
0.009319028610256653
0.009402604397398427
0.009400034714020877
0.009490000297117069
0.00939144160010617
0.009304764040553882
0.009221849020646414
0.009346370902486632
0.009302930736490564
0.009132616022311022
0.009175106659242102
0.009153706821535799
0.009078159148822412
0.009171654588523122
0.009257523829132207
0.009153419753236672
0.00905242174726667
0.009070370456503156
0.008992672890151761
0.009114949038279025
0.009012534558194035
0.009008086768725942
0.00903056134620563
0.009037223468926478
0.008998035742596118
0.009046523320703765
0.008913030664694096
0.008961026251825521
0.008801047886616497
0.008993979991171757
0.008928242291890843
0.008844272320083713
0.008760909977467106
0.008837044405325402
0.00876943042450999
0.008734745838005013
0.00873374855453561
0.008697823476238849
0.008673974265489522
0.008714729827922178
0.008702858351897687
0.00866564515447775
0.008678996014070121
0.00864848515602456
0.008588199972458093
0.008606779786827539
0.00856986724013799
0.008572847715794994
0.008432366114388995
0.008527863153448379
0.008489900823754249
0.008448268186368853
0.00849613088047895
0.008518913662743079
0.008447962386391146
0.008468539793404456
0.008378652194928986
0.008373888270796466
0.008395429103749137
0.008383661539498473
0.008386556164331937
0.00845464845246971
0.008357176365577023
0.008335398891017923
0.008381266319629061
0.00823772968071356
0.008249388751773525
0.008100926559343578
0.008173684247645687
0.008159387771510242
0.008132438946034595
0.008193473195830733
0.008086449890997448
0.008235831734062253
0.008082506722050044
0.008144275300846415
0.008152219429610658
0.008037088104385687
0.008019259935062337
0.008018160551305368
0.007963168118629094
0.007937958665677815
0.008022896986912735
0.008037399762460316
0.007893398874412993
0.00795050236856146
0.007870676606520388
0.007860669107703163
0.007923534267208777
0.007934303998192062
0.007843696814012186
0.007789913601564133
0.007794397258907065
0.007876518970067274
0.007781869486838532
0.007752432953145085
0.007858623121905155
0.0077978060805531536
0.007671437404125727
0.007662348284159392
0.007684856378673877
0.0076558368255809865
0.007710650479049825
0.007746303495117853
0.007656846121922951
0.007633684650820709
0.007638236159775094
0.007524723516378714
0.007629030716695893
0.007502064982350959
0.007459996331207857
0.007500113391793589
0.0073865383355401805
0.007535481887368286
0.007480867557292338
0.007416950590558978
0.007439669794046892
0.007509668074070604
0.00731369524524612
0.0073603596635273974
0.007381923629681641
0.007390784513263066
0.007334445795046643
0.007333927943138995
0.007376189212291838
0.00733769017181764
0.007318065037272182
0.007269361619737727
0.0072490632894532765
0.007235093640993794
0.0072431448271666815
0.007168744159988859
0.00724226308764863
0.007192637770984634
0.007142954346757543
0.0072091152340459565
0.00708741763726111
0.0071562383708930295
0.007092597442419526
0.007185924324386902
0.007067607063714866
0.007061892112695876
0.007030441458823088
0.007078601287665475
0.006987388582001388
0.007028862024559597
0.006906382208035859
0.006908841430693741
0.006866679135781604
0.006987770920943174
0.006980820679697017
0.006923770316590701
0.006885726488999071
0.006950258609434268
0.006855768515117241
0.006876643048350485
0.006846169150145954
0.006871057752391938
0.006783092540786945
0.006841354876526468
0.006789325731613539
0.006819333381706757
0.006732120469303437
0.00676621044820824
0.006766499112637343
0.006696452103479916
0.006704419463340469
0.006649114357152067
0.006656340601579166
0.006576198608483267
0.006631997093407794
0.006626650334104009
0.006592384745373696
0.006569182111201562
0.006541924964105641
0.006562615545940459
0.00658791046550419
0.006526968679417508
0.0064251113758835585
0.006506743396986824
0.006494041326536174
0.00646058554150329
0.006428259927524325
0.006407700649543918
0.00635921785130356
0.006414907540815799
0.006391264748091673
0.006375971499600377
0.006359556736119863
0.0063598629513227445
0.006289800006832256
0.006326322916004579
0.006330445534016336
0.006256546527990814
0.006374430276707521
0.006232947643535382
0.006207109645292784
0.00622399229070601
0.0062031338547332325
0.006289061791747746
0.006186507324311208
0.0061842863840383885
0.006126924039159951
0.006169170671901648
0.006068081127324314
0.006114395694588095
0.006167578611013294
0.006060541185088653
0.006039806769406722
0.006051104197546152
0.005962092732753145
0.006010669476755601
0.0061048394953453315
0.006017953680983405
0.006022903784471548
0.006052992040235755
0.005973445060207394
0.0059775057212503166
0.00591139898695175
0.006013603935416135
0.00591107323185614
0.0058753699464075505
0.00592111509737626
0.0058754403292229015
0.005849773770375821
0.005789878243050837
0.00586186646425613
0.005867189787817805
0.005753342853184353
0.005817248276519866
0.005809427748698525
0.005803357198186594
0.005730230184518531
0.005758375191470749
0.0057030308563644815
0.005752677295163439
0.005657745133803544
0.005673506627422851
0.005717762227778027
0.005732412551860491
0.005655096032715535
0.005627897182755211
0.005534745995378581
0.005585123471454159
0.005601118356653619
0.005598064267709957
0.005531042529628571
0.005583241309210029
0.005436969909279339
0.0055123561501721026
0.005560227601857808
0.005558572402192431
0.005507359572743373
0.00546890623795433
0.0053968904919549044
0.005458091541345692
0.005387544839710032
0.005458323352612938
0.005443288531068678
0.005350565695585878
0.005365031946556773
0.005320395703815829
0.005342721984340688
0.005320157615564282
0.005275399699063868
0.005334507739014522
0.0052974779223162035
0.005211974333412545
0.005214277852830515
0.0052189679592583044
0.00520768795249471
0.005150788361628245
0.005126396193136897
0.005163101083539061
0.005211711560020456
0.005167847010141712
0.005113306392461867
0.005132048733062611
0.0050580636532817766
0.005022583370235287
0.0050898401593556285
0.005069119295819237
0.005001076138036688
0.005048367093999586
0.005010098531931158
0.004979987035795356
0.005070243285698323
0.005054298206997409
0.004990907882248305
0.004929220653049331
0.004921206416369732
0.0049388017493836485
0.004893953758547714
0.004840865418478537
0.004957289475026194
0.0048366000556182235
0.004904643354619745
0.00483544409471497
0.004770434625548582
0.004768082858097961
0.004825813645772307
0.004750935207552739
0.004701613682168577
0.004715828847595249
0.004834709049161664
0.004755065110397774
0.0046537121634576285
0.004663006336551933
0.004647334231016151
0.004618906569494211
0.004670381380774545
0.004626412548996177
0.0046025619949918006
0.004614987445952887
0.004602396142884882
0.0045175393369689875
0.004579452547410842
0.004545909393403113
0.004544294308524843
0.0045470049784509334
0.004489608153498618
0.004518236288360348
0.004449922863361089
0.004467592410988984
0.004511817795040557
0.004442453606587338
0.004455890700031595
0.004427770614194795
0.004342440208373928
0.004370843965899649
0.004418372120229129
0.004360265275088284
0.004340362683360353
0.004328506384447669
0.004285698547850259
0.004302494622123123
0.0042428826020659395
0.004260616519230216
0.004230154119448203
0.004181605805877413
0.004249257002535129
0.004210594024168536
0.004168897053593627
0.0042237839845413955
0.004210933553309458
0.004178613944421952
0.004165189770438071
0.004110411555163361
0.004136909182628724
0.004099540096877526
0.0040750060326764015
0.004074242314943041
0.00407590179580762
0.00403262826367269
0.004036068943756319
0.004038007379473732
0.004012254594089268
0.004000428816508525
0.004007783765064597
0.003935016834053977
0.003939774381045098
0.003940326506335377
0.003949906639848445
0.003847824619834429
0.0038249072842617637
0.003868785401281374
0.0038731021285996416
0.0038661806064378174
0.0038401763443647275
0.003783067533227854
0.0037382824395499597
0.0037895409029637703
0.003737204370186183
0.0037365598808452357
0.0037177352873185654
0.003712861265218296
0.0036857412858734085
0.003668758852317731
0.003631682712940278
0.003690452977454683
0.003674093838014064
0.0036769878489281388
0.003623359502093781
0.0035926473329720592
0.0035926148012706163
0.003627531382249289
0.0035609108343287784
0.0035155306806837184
0.0035369995574591963
0.00347056834610553
0.003457646213650034
0.0034995004972536293
0.0034953439990081238
0.0034482276754023503
0.0034320580560322656
0.003397656866585558
0.0033762172066526463
0.003374694771734082
0.0033852549769717365
0.0033432506734415715
0.003351347563201784
0.0032840126708934695
0.003339347540549428
0.0032721523654985363
0.003261342847080653
0.0032730237048714914
0.003224578402985336
0.0032218862389455523
0.0032036272077183166
0.003169043307881149
0.0031873405285347415
0.0031695724483434915
0.003127487310908089
0.0031172339539162343
0.0030997217159611083
0.0031006396295528865
0.0030874833866706922
0.003034319870620099
0.0030754821278203208
0.0030555072492164576
0.0030335400770403168
0.0029758131353588044
0.002983197725507067
0.0029583663962492674
0.0029428810281545504
0.0029356594283976023
0.002925859248036852
0.0028998585552058856
0.002875705284624776
0.002860062897043133
0.0028884786426502944
0.0028160567246370205
0.002833673768657585
0.0028072418498012596
0.002782707385455907
0.002751457446271401
0.0027457356758849734
0.002701040244434946
0.002717892372382691
0.0026634118845992156
0.0026682048595716022
0.0026716694899659166
0.002633695243274134
0.002618592425554437
0.002584818302681698
0.002582247552582868
0.0025442977099254895
0.0025152763275953834
0.002513480578684775
0.0024722809494654367
0.0024431500797030855
0.002439417460754828
0.002433184395695965
0.0024345730079919172
0.002376354819764238
0.0023796079414883115
0.0023515842176358467
0.0023738160307566992
0.002330846989037347
0.002306417979534819
0.0022834084862027306
0.002278890041718224
0.0022414537175226216
0.0021917171065581253
0.0022048503612796286
0.0021693244430356085
0.0021691229799769654
0.002131273050571309
0.002117115419209012
0.002107705071484869
0.0020708612180355647
0.002033285897145347
0.0020128172690557487
0.001993868768182542
0.0019636332025319047
0.0019598030423598326
0.001942410415264672
0.0019116516027104272
0.001900826160047505
0.0018606683390436853
0.0018240807041397516
0.001823872837523455
0.0017901771317789439
0.0017632509345310548
0.0017403257986659322
0.0017071272969924182
0.0017186507404728468
0.0016629883726206971
0.001642766929552556
0.0016176518083215003
0.001568293215061831
0.0015663013150957628
0.0015205646225491065
0.001500152297047981
0.0014736420804949528
0.0014496423738806935
0.0014136485453345121
0.0013763991544617456
0.001348299055679511
0.0013258998901823776
0.0012794232336433215
0.0012541547636335155
0.001227749995293763
0.0011856150045050247
0.0011553069577534332
0.0011221559320265184
0.0010717393952639743
0.001033744103763048
0.001002681397356437
0.0009583498755125814
0.0009069611115201448
0.0008577942733544802
0.0008271096456364887
0.0007567520584627684
0.0007027371453979426
0.0006439134361731641
0.0005725636442763986
0.000499862620354301
0.0004025328560739346
0.0002868260518321707
3.806818601795435e-16
