0.18898144023581714
0.13444649713601314
0.10867917154155436
0.09453289099868377
0.0852449665273778
0.07744746553480325
0.07105997309871095
0.06724126188589476
0.06388104116818398
0.06028068213145592
0.057428532750685116
0.05496195546326871
0.052164630930067346
0.05040669173253228
0.04852226060839712
0.04675914758821912
0.046084486106101816
0.044666915383805544
0.043233314029345285
0.041583039823090334
0.04084097499151498
0.03989177293226557
0.03917881154794618
0.038583453776167564
0.03755527232532919
0.03659203779572087
0.03621047098481855
0.03558559931529901
0.034357454247775934
0.034527174529358315
0.033631729703076915
0.033538839068246826
0.032758200852010304
0.03214757038560474
0.031349028010579504
0.03111809619800237
0.030357667952303716
0.030207871299301803
0.029791297552879733
0.02919950723501603
0.02887094291649149
0.02857652524202139
0.02833073269611081
0.028309501796908918
0.027872338920661793
0.02751597840467399
0.02704130275222311
0.02687066001049851
0.02644768690680716
0.026122416233610543
0.025940510769701622
0.02583308158942454
0.02532289533414089
0.025265225337937246
0.02493296450562707
0.024777370493302597
0.02454337603432164
0.024093502083707526
0.024009441839207602
0.023783658633571476
0.023650816682237927
0.023371689169187252
0.023226437135847725
0.02287781359501581
0.022913405019654224
0.023020524601499878
0.022255632869310173
0.022337754710134126
0.022222431208244624
0.022116603776974147
0.021450919988611806
0.02142012671294767
0.021493468307442937
0.02127396194163354
0.02111492597624485
0.020914162826012606
0.020805631886022285
0.020464735065940327
0.020664654562480702
0.020509877719434536
0.02033111362230844
0.020280169288017666
0.01975729836457731
0.019921824289081205
0.01974819555915058
0.01965857447114853
0.019551908774675514
0.01944951543226101
0.019410621975382916
0.019005024493451157
0.018770783601008215
0.019012625497111652
0.018759105417490048
0.018890533653699408
0.018717714142005515
0.018480339407723485
0.018418101840126756
0.018176091764039677
0.01833659752873692
0.018080562448701654
0.017937543497434733
0.01801345883445879
0.01787853753598635
0.017560726500563333
0.017487792367468214
0.017747295274293265
0.017361895966436277
0.017382792800799005
0.017502317358722718
0.017108948814917143
0.017012308001512457
0.017058148966807032
0.0169717464092924
0.016764878580420233
0.016737031516877547
0.016496824687290603
0.016288071029492784
0.016573109615174223
0.016487582563586227
0.01614152843604712
0.016135673840006713
0.016111789549388255
0.01612169384181149
0.01590817737434872
0.01601527843518266
0.015850528024757806
0.01597984028542133
0.015655864929449287
0.015642205817098034
0.015555291544601337
0.015445047293824742
0.015640964623446534
0.015169221482050604
0.01526272218984139
0.015150191021402786
0.015192908146962057
0.01527288350063054
0.014973041831888407
0.014872183960883358
0.014940124257968592
0.014914698303817208
0.014918426188715054
0.014676413889739462
0.014671544657924123
0.014755644354303895
0.01458088988030345
0.01427736577358857
0.014664308166717115
0.014274049104770379
0.01418035695030657
0.014265044861537297
0.014238949612694195
0.014172093557571094
0.014231098107704048
0.014111251079869606
0.013853292344746526
0.013776413578694649
0.013849827697941903
0.013903113724763945
0.013851803212599245
0.013641392962400235
0.013635472296416344
0.0136713472039549
0.013650491321044032
0.013458455373891254
0.013507608136127985
0.013458813896967035
0.013481750171394032
0.013284598012868977
0.013385578783497925
0.013399448330794757
0.013176807070324393
0.013168572293575877
0.013071030619579883
0.012919096759980741
0.012999502595764595
0.012848957249238815
0.01278313118811144
0.012848799335535326
0.012913163508723641
0.012776782237540278
0.01278331416000722
0.012650177909262237
0.012679912535711376
0.012553212066246364
0.012622025629914636
0.012639061580736776
0.012541360732328675
0.012475677427995215
0.012661137143058212
0.012460283904929752
0.012494228545828476
0.012230400842796495
0.012404589065978097
0.012058029282676854
0.012221625539805919
0.012220363704673684
0.012123481210475889
0.011948615517665495
0.011906031675955496
0.012041241641099513
0.011851487345845537
0.01199255999108173
0.011859114430217272
0.011773636090486985
0.011818888781651743
0.011796936303875464
0.011672986698794732
0.011697557071398919
0.011621860501180392
0.011509525235353708
0.011636923102830047
0.011625721817199742
0.011437121576312794
0.01142565329764894
0.011519078519219293
0.01148024865797752
0.011390205358453281
0.011489170958844299
0.011258970621631725
0.011378057797316802
0.01136160505670724
0.01104081427538974
0.011214428251503778
0.01128858169904875
0.011110086975266189
0.011035506557991131
0.011149401869104467
0.011014715031991518
0.011231425870586682
0.011199184117463653
0.010791346202234913
0.010909368044925186
0.01084370921176244
0.010940361037302459
0.010790244975802553
0.010705425211588291
0.010756154696732759
0.010767614473286263
0.010829657056310414
0.010590417719142767
0.010708780805072274
0.010504365808087432
0.01058449292206237
0.010692719097172088
0.010645432926702222
0.010428737461489514
0.01042829868710203
0.010427965352982698
0.010498444541339032
0.010408792987166224
0.010340564158009852
0.01039212534580508
0.010369909017616051
0.010176705252100753
0.010198509086699961
0.01013948894675007
0.010178437227603475
0.010183584091200569
0.010220556588788194
0.010115622603679474
0.010220265144904135
0.010178779622820782
0.010059951290525233
0.010124043752034389
0.010076630383668843
0.01002189839271119
0.009860720472500039
0.009797543677833925
0.009867323024414414
0.009930983171060007
0.009903937936045035
0.009801402010250222
0.009942244918802497
0.009628956429137983
0.00980090731009267
0.009759219034087392
0.009697404325561817
0.00968571457516331
0.009650201178220096
0.009682415136440366
0.009514340515778676
0.009540103183014733
0.009634513275589724
0.009444952186508036
0.009432864097590126
0.009478858254163088
0.00953087117501117
0.009366519093517524
0.009525869452734394
0.009322170680067932
0.009302204700059043
0.009306807215750081
0.009308419121696103
0.009333698950107132
0.00941990514738779
0.009150282528147485
0.009200988657020374
0.009296042122463516
0.009264735119433836
0.008984706984170617
0.009180549432388692
0.009074760301669963
0.00909021283256094
0.009120923404140988
0.009142342652343314
0.008989799463919127
0.008961885362142812
0.009057107801575265
0.009036290221146302
0.008975822142062044
0.008928899125949552
0.00895512344000187
0.008993139250846582
0.008841191963757858
0.008893774712014139
0.00879235658332311
0.008712415277608175
0.008677589587705328
0.008844014496693175
0.00873222964749167
0.008880474984160466
0.00866972292117542
0.008622604739823106
0.008638586422757173
0.008626714041007762
0.008774854528361293
0.008773600069284543
0.008581429524532835
0.008527547215656657
0.008602591949333886
0.008592968922094057
0.008511083316672951
0.0084892625621643
0.008458048162002815
0.008517845142874849
0.008531488411809413
0.008453959480402017
0.008364088696048873
0.00834073310039007
0.008412845256939066
0.008359366441499934
0.008328810114025543
0.008332866337227964
0.008258724103592073
0.00820294930181674
0.00833779747561872
0.008291919422858616
0.008138829096737053
0.008201739343808743
0.008105915842614216
0.008015987131976307
0.00814531793664329
0.00807968477987618
0.008127176215280862
0.008140350849000397
0.008068408776241182
0.00814107142278599
0.008030837334180332
0.008084814463633424
0.008035035814795186
0.008015707516948497
0.00791085636598922
0.008015148152475024
0.008008089683099755
0.007920731722474567
0.00798422090777351
0.007909424875441886
0.007852082157879525
0.007860926661614295
0.007780282240287433
0.007837205362131826
0.0077516400731811935
0.0077236564268880585
0.007814172732535691
0.0076665967834172585
0.0076622905687988
0.007649565843885335
0.007747319172530268
0.007614329766044226
0.007649783092364868
0.007659297970900203
0.007659353753721522
0.007601382048786313
0.0075237641262935785
0.007482582278517026
0.007680344290603757
0.007529546039887806
0.007473882648856794
0.007559466289962643
0.0075331221165418055
0.007537073184650983
0.007513933054321452
0.007500850600711434
0.007425387562999067
0.007503973979054232
0.007285734769454606
0.0074105036095099604
0.007455069866948351
0.007280485665488886
0.007405586098667814
0.007329094727222938
0.007235904599805172
0.0073086059997514875
0.007261922742654865
0.007332179501537752
0.007298716741975961
0.007168655233302651
0.007241621990024331
0.007183248155067426
0.007267529440242286
0.007139588879035
0.0071681706234211825
0.007079868356090696
0.007239566021751501
0.007158027525027997
0.00708805847626986
0.007071932236079096
0.007130754610209986
0.007060569650664768
0.00701882553649468
0.007076659155921014
0.0070139588703365344
0.007006683278259325
0.007035247294383117
0.007004619883646547
0.006938995229521229
0.006892384461944393
0.006886716717311548
0.006849729230548283
0.00687898732361561
0.006921498389007913
0.006878507422091205
0.006874263062907771
0.0068644516324905475
0.006883927458548512
0.00682648854262485
0.006847372512869733
0.006761295582051149
0.0067686754782870905
0.006631545938157555
0.006678747656472849
0.00676482335500481
0.006788991853481959
0.006812370764583528
0.00665594452280687
0.006810760228879
0.006660709403827883
0.0067045919480387675
0.006642169668585523
0.006669010111685763
0.006564887999356923
0.00657736738380958
0.006590360013039765
0.006582140220205365
0.006534157370483572
0.006535265300594453
0.0065829990179837265
0.006593024050594499
0.006502406599646193
0.006534456614952483
0.006534878604396372
0.006521077999752787
0.006447464499291766
0.0064531035707775155
0.006443286111438391
0.006513041663583883
0.006457033114959686
0.006412692793756101
0.006438250499966876
0.0063737563734756
0.006348851153838519
0.006397634349332181
0.006283000241609903
0.00627933931937911
0.006334581593823311
0.006255711474466513
0.006298841584658185
0.006306873729063472
0.006276446021886994
0.006216671356674269
0.006157445834300196
0.006262930714078419
0.006272929005809643
0.006239670545077034
0.006199242411825017
0.006115929401371153
0.006171169265554667
0.006164656247361859
0.006187010166801512
0.006104297431256407
0.0060947985963951505
0.006153181682052682
0.006053208239409995
0.006093185247570643
0.006091078873293396
0.005997985240289062
0.00602703186731212
0.006045872938766943
0.005985600862972455
0.005988892619983821
0.005962878326486503
0.005982853787588219
0.00596280686945871
0.0059467271715258905
0.005918149684955375
0.005998467877771585
0.005914389778109536
0.006002552532428447
0.005899678906521447
0.005852249125184083
0.005939740511102908
0.005891090566173424
0.005813183994804597
0.005928983474617662
0.005880266339850255
0.005807758706739466
0.005821892414163482
0.005794968959740378
0.005761525851556178
0.005720738761872635
0.005740959484840067
0.005674053274390737
0.005733057615906088
0.005703880243876992
0.005752860398497394
0.005693604544099919
0.00561766082008138
0.005689936506875353
0.005723555652214124
0.005650665370224093
0.005622318960155708
0.005677862709576482
0.005659437916256163
0.005582853831187313
0.005589354084336007
0.005566368540950566
0.005555430091455382
0.0055146777577155
0.0055463227676957865
0.00550672684511685
0.005467807618174644
0.005558717507306307
0.005640280070092494
0.005510513895893605
0.005425975795165447
0.005581974342335944
0.005426601317361938
0.0054183236262609555
0.005395594967937899
0.005407638434643879
0.005407748226648092
0.005399228940790699
0.0053966485824491536
0.005345147120015963
0.005357148283112941
0.0053966677597073265
0.005336060235126282
0.005385429171386971
0.005322753626193381
0.005301812951551896
0.005308932021477318
0.005343425711090795
0.005318719856753958
0.005295296168481607
0.005252344697394451
0.005225432258175147
0.005231667063819319
0.005199415761212724
0.005219792025847285
0.005171527981790302
0.005257942281230443
0.005221157374993815
0.005148962503693496
0.005199082752617458
0.005198891509727957
0.0051307188581809935
0.005183582794957194
0.005139672488292796
0.005096966090304486
0.005116530227621853
0.00507382957469406
0.005088759164442428
0.005054317326693353
0.005118423436186073
0.005049657843306454
0.005012773288367119
0.005023834954159218
0.005010773068413135
0.004993247826377032
0.005053829620389705
0.005020750678170132
0.005033951494051142
0.004957895286369204
0.004989688797348619
0.004976827390412831
0.004918691647861945
0.004950188565219894
0.004954977254697926
0.004972035732062686
0.004948890655755789
0.00492270402630291
0.004902876514949111
0.004916826405276692
0.004821035156592166
0.004803318751019333
0.004785890741253572
0.004771282669922408
0.0047774525090998575
0.0048257196386735784
0.004816015437214868
0.004743350698588425
0.0048559502673807655
0.004745646306841676
0.004740215709589973
0.004799136874578919
0.00477564570554347
0.004728624045823469
0.0047045475594828705
0.004695909645415087
0.004608798091398191
0.004762263421428777
0.0046274114008010405
0.00468551463111787
0.0046415547913275165
0.0046729489397417615
0.004630690870882683
0.00461258513548925
0.0046280116643892125
0.004606945957895784
0.0046159640589975475
0.004590930580668158
0.004533201123360983
0.004531191773811254
0.004584704489410445
0.004540628874150599
0.004531072292939202
0.004595051009292093
0.004514773012208635
0.00452601893288492
0.004558821060349462
0.004480843040158003
0.004470057559983355
0.004522583510774549
0.004451750328890629
0.004471721203704083
0.004437145216118625
0.004452423996002679
0.00437870466700354
0.0043660347626368005
0.004442329314803968
0.00442808583750153
0.0044080695549271
0.004406684732446114
0.004355166298773667
0.004303257986163125
0.004338534546760129
0.0043022494795335025
0.004340767425447222
0.0043116315950930155
0.004267796184305957
0.004286422029258907
0.004285174170412874
0.00428169213091688
0.004275161891305026
0.004256436344118193
0.0042133510828658354
0.00422168001154486
0.004207454957035721
0.004205304580608475
0.00418926319613373
0.004169127664136229
0.004140208188504046
0.0041883864074295125
0.004150880958415082
0.004195809699964501
0.004095532124400221
0.004170348788226801
0.004117973768697509
0.004090453536438275
0.004121265170310325
0.004137177652156653
0.004119982537387993
0.004054590102337242
0.004082892940282064
0.004086887864567664
0.004106077827742933
0.0040375215740596545
0.0040558309710601245
0.004050112786295675
0.00405949242786226
0.0040405964854498
0.004014524503950536
0.003970329136788243
0.003991073091675286
0.00394428241371329
0.0039695785871992975
0.003960612103818804
0.003923623771793363
0.00395407276296939
0.0039166499159426415
0.003953035517210372
0.003939578379558287
0.003933863779451273
0.0038909016553767346
0.003924281859874944
0.0038792933502844467
0.0038506170797513086
0.0038637185018105223
0.0038507957977610913
0.003836964787708647
0.0038425618382266443
0.0038680204739776703
0.003802206275910726
0.0038290976375677725
0.003805416100646445
0.00379962581393381
0.00376682876933468
0.003751208630503172
0.0037264488021540453
0.0037552109461201897
0.003684430317382275
0.003748641630159041
0.003728858823171734
0.003663409169933127
0.0036941260211265526
0.0037132125177443014
0.003682952361144823
0.0036546792790624794
0.003652421805526236
0.003607496348768558
0.0036514657324160757
0.0036240837860361287
0.003612791536209958
0.0036172961004405785
0.003610605349338757
0.0036067994652149863
0.0036154230106368317
0.0035398046938465645
0.003572835233664089
0.0035616689999833154
0.0035594889674526336
0.0035649145843046006
0.0035164000167056592
0.0035446154021906914
0.0035080542130094734
0.003466176144003378
0.0034754483321279115
0.003442953528439017
0.003488275696605483
0.003470783014170252
0.003419628748234426
0.003411705007286704
0.003418243217049477
0.0034281934471326607
0.0034175151806676847
0.0033925587565419974
0.0034082322985840596
0.0034033614103520693
0.003365140522534395
0.0034358507581145606
0.0033211292019185625
0.0033526685799719377
0.003342480179176691
0.003338874910891211
0.0033269448225279577
0.0032896010301028287
0.00332760264705955
0.0033093709240595713
0.0032709036207962195
0.003275569856659521
0.0032786123932373804
0.0032635447697399165
0.003264367845646578
0.0032254301730150286
0.0032317404547327544
0.0032111558151934755
0.003173514835718398
0.0031941462732340987
0.0031932018302060815
0.0031985198557028
0.003191902555392864
0.003149871897493134
0.003129169492350738
0.003140906436453011
0.003114143069080635
0.0031279985458632638
0.0031226006816664855
0.003084886067987216
0.0031157797683424577
0.0031309224858729707
0.0030777097601065334
0.0030505177507577697
0.0030845897446694654
0.0030545261607120445
0.0030642899917161146
0.0030030435400257853
0.0030292929111923692
0.0030145410613198137
0.0030290395223130065
0.0030152449322078264
0.0030081532098932165
0.0029737941091670032
0.0029638514085618514
0.002983338127778549
0.002934258745776516
0.0029312604904171407
0.0029335048736006428
0.002910787481655899
0.002911781024317065
0.0029001993713739568
0.002934917214017466
0.0029193655590932796
0.002852462648891543
0.0028995843016506504
0.002840847760494168
0.002836482847019048
0.0028188841889344924
0.0028579240402743585
0.00283965511570215
0.0028183875204726774
0.002768284228639582
0.0027945814325781495
0.002768444186017686
0.002742342457806782
0.0027634681577344365
0.002712488647149912
0.0027265836918776046
0.0027438496932028033
0.0026955028391276465
0.0026993703965501954
0.002675077043554874
0.0026669986503599944
0.002675209690148273
0.002686301632131566
0.0026697012170199185
0.002675826397558564
0.002597490256107435
0.002620173921465572
0.002622641994619508
0.002623624936894644
0.002621300657198082
0.0025709574801529547
0.0026126573137039456
0.002552006618200379
0.002555571975719507
0.0025629475588453622
0.002555123641498336
0.002497373437766386
0.0025456589581940043
0.0025266868061350986
0.0025140536577753503
0.0024816243281883467
0.0024769557660872387
0.002450203839152381
0.0024625431517957264
0.0024633317545979575
0.002466801153446647
0.002480060654928738
0.002443392904497723
0.0024487932674066085
0.0024066633709867434
0.0023735630315625976
0.0023800112010858195
0.002368789188104822
0.002399572938639826
0.002366824556630675
0.002354174388714988
0.002340469168034422
0.0022954273172301
0.00230089382499105
0.0023305288766620274
0.0023060054751219026
0.0023070793163052924
0.0022984704033735576
0.002263328770105105
0.0022310879995742494
0.0022437644954887573
0.002246315745684176
0.002227898646683462
0.002207393052869873
0.002209050949620182
0.0022071550988661827
0.002176462029643819
0.0021451904656847754
0.0021882453069909723
0.0021329899695425297
0.002169292825159993
0.002153658983195863
0.0021147469995445854
0.0021222734211429647
0.002102907317933246
0.0020953318492843284
0.0020740987518313636
0.0020774865028836647
0.0020395176782364898
0.0020413271789843407
0.002012551543833188
0.002038833166733976
0.0020024457763240335
0.0019937421306293417
0.001970137283548204
0.001960511382812242
0.001940778122068178
0.001947431701671584
0.0019392654690590103
0.0019229805384880117
0.0019221805370837892
0.0018894433707445399
0.0018919529826973939
0.0018699125632051
0.0018612545117920667
0.0018705244170293183
0.0018330809874613672
0.0018455177080596023
0.001810654555434463
0.0018135644293252888
0.0017818278639854857
0.001813751035252342
0.0017674295020863122
0.0017607110036916625
0.001768009755672142
0.0017170617035846313
0.0017152264814504201
0.0016989019964922508
0.0016941631438270462
0.001683803657130862
0.0016852584283883238
0.001666762834437157
0.001657975381702913
0.001623936218679966
0.0016401509186366873
0.001607479760960296
0.0015940051761252922
0.0015968973893118945
0.0015675158260315895
0.0015574099486830306
0.0015504880690785333
0.0015382113188643447
0.0015161380949578833
0.0015178987133525953
0.001521187171281901
0.0014910953254162675
0.0014676449407082593
0.0014517879084667204
0.0014514733498206408
0.0014123076871773044
0.0014060617004012592
0.0014069142990059057
0.0013765840818891419
0.0013640748086555968
0.0013343720388691454
0.0013297517662056492
0.0013148680120492204
0.0012836238940708304
0.0012828061587561428
0.0012854653964298455
0.0012408815115414725
0.0012402093855292454
0.0012271240074353835
0.0012003427670815186
0.0011943668647874256
0.0011806186958035001
0.0011626414489993252
0.0011455489976870382
0.001125608235910988
0.0011204253596930852
0.0011085168417641227
0.0010682872583956775
0.0010728515354454233
0.001031578608885552
0.0010244193029206254
0.0010143773026662533
0.000979738212906739
0.0009636658868657438
0.00092084504064667
0.0009308803377392013
0.0009072233412679861
0.0008792825786976435
0.0008570049382869518
0.0008420786613116427
0.0008077245528773429
0.0007933623520197488
0.0007775076621325783
0.000742492256897867
0.000712824965242735
0.0006856127545728588
0.0006670012166559541
0.0006293617497311868
0.0006033900570285647
0.0005847027688843357
0.0005397643426195584
0.0005064352711148194
0.00046954102876259395
0.0004278707486250748
0.0003791997083329127
0.00032591774265791493
0.0002690125814894759
0.00019112199273659615
2.5522576133420595e-16
