0.7312203349221241
0.7312722867721649
0.7313816791346255
0.731481541904375
0.7312215681476898
0.7312441088409388
0.7313473409359247
0.7312245208228947
0.7313926016262409
0.7313258697613423
0.7314098056345161
0.7313206969775643
0.7312819362520285
0.7313162797381207
0.7313031228152688
0.7313399057746058
0.7312914396901052
0.7312919676595159
0.7312792520651071
0.7313376525448841
0.731348550610172
0.7313575584621115
0.7313026103431896
0.7313267238672989
0.7312805080935079
0.7313562022588272
0.73125893306681
0.7313295039047323
0.7312536679629271
0.7313164633318308
0.7313206566788565
0.7313619231813308
0.7314074752737438
0.7313084366999943
0.7312874017491575
0.7313386877426497
0.7313670512901431
0.7313822852976688
0.7313174344801745
0.731310811608322
0.7313323167819381
0.7313760520814189
0.7312710138734634
0.7313299619774799
0.7313563198368592
0.731332184485325
0.731384234993383
0.7313466487666043
0.7313149301825967
0.7313597793256935
0.7313517859880172
0.7313127362158635
0.7313603829889329
0.7313884589482301
0.7313413118199434
0.7313488173721594
0.7313770544159259
0.7313572592043744
0.7313087777517531
0.7313016309591237
0.7313445807442583
0.7313373794888357
0.7313376417295421
0.7313441657142898
0.73130011207775
0.7313780694053977
0.7313385221441037
0.7312773241493201
0.7312951953946714
0.7312988757680967
0.7313452165365075
0.7312661746566747
0.7313955604731592
0.7313270986825995
0.731306885070966
0.7313449710249104
0.7313097693723234
0.73132041653515
0.7312980906081006
0.7313090091856452
0.7313237601200366
0.7313542904571989
0.7313113496743352
0.7313133393067119
0.7313285298620547
0.7312929264628963
0.7313397000682809
0.7313260003427432
0.7313927234867637
0.7312656049059281
0.7313315502245394
0.7313245046735352
0.731338971445599
0.7313321504908424
0.7313029268492105
0.7313919271355124
0.7313323974605594
0.73133431180475
0.7313413591817715
0.7313446969138581
0.7313240636345123
0.7313024088091792
0.7313216115856032
0.7312857938412166
0.7312964680995192
0.731316364611155
0.7313407895074489
0.7313456389637607
0.7313141850773409
0.7313289230918942
0.7313359306765378
0.7313269100586521
0.7313168786103801
0.7313125378318116
0.7313444295820198
0.731376814031797
0.7313367135812651
0.7313449834800643
0.7313228180916113
0.7313207525308627
0.7313475985659575
0.7313299874474567
0.7313245144155673
0.7313300297910914
0.7313660479971396
0.7313393212342891
0.7313693466591374
0.7313508304753646
0.7313355491680843
0.7313074221081158
0.7313299031494279
0.7313433925583012
0.7313546966646906
0.7313646818129467
0.731319938643848
0.7313297051402143
0.7313223614291431
0.7313258925874968
0.7313354340854157
0.7313154351164514
0.7313123690032443
0.7313346919574849
0.731358036863732
0.7313382815356168
0.7313598525790371
0.731343419958117
0.7313687417741132
0.7313401998404804
0.7313297553821804
0.731313569875613
0.7313361909709516
0.7313391046214907
0.7313518030153628
0.7313221638561201
0.7313144118108824
0.7313263988476683
0.7313269836322511
0.7313400457221393
0.731328788502253
0.731340314754136
0.7313148724485226
0.731344866394417
0.7313337991156055
0.7313147089773654
0.7313597629498326
0.7313277843644599
0.7313527824323374
0.7313268613575191
0.7313387730552294
0.7313267508358248
0.7313311776750798
0.7313279010061994
0.7313291745449442
0.7313370367948729
0.7313362438050254
0.7313430809874523
0.7313345691797413
0.731340325852998
0.7313481425011038
0.7313530445403696
0.7313400095037258
0.7313218788536218
0.7313252376867551
0.7313270201006173
0.7313329282438817
0.7313107086866995
0.7313249332148698
0.7313474272946106
0.7313112473132598
0.7313297090774394
0.7313645809521037
0.7313045524522471
0.7313240452672951
0.7313273874834291
0.7313294308517677
0.7313198157840302
0.7313153969131355
0.7313378703621771
0.7313266530711315
0.7313419319319763
0.7313177817000968
0.7313471112468481
0.731347068127667
0.7313302145004961
0.7313442568148146
0.7313600547650962
0.7313519401729747
0.7313460945975052
0.7313332215635203
0.7313374484570089
0.731346470864137
0.7313065487811439
0.7313441352791884
0.7313437786467158
0.7313283101783898
0.7313156315717115
0.7313267018917676
0.7313231218136389
0.731349789322277
0.731326886353872
0.7313425867189786
0.7313358992943224
0.7313481791731079
0.7313516451351554
0.7313258510985847
0.7313468494948783
0.7313403913792581
0.7313310976157316
0.7313221330500057
0.7313394220710601
0.7313406051115093
0.7313465271171894
0.7313405411587776
0.731332566036957
0.7313497835386384
0.7313163168738053
0.7313482165411986
0.7313174161395319
0.731349067892765
0.7313411351195711
0.7313162359173336
0.7313422762093981
0.7313290232831338
0.7313099256951702
0.7313262254349469
0.7313287675094001
0.7313232252631607
0.7313433835805617
0.73132217086125
0.7313415011445209
0.7313314719791302
0.7313437948315836
0.7313352540078674
0.7313492024554704
0.7313384543867162
0.7313386719246421
0.7313286791346398
0.731327479344656
0.731329045281121
0.7313270074250593
0.7313444488051145
0.7313387698859067
0.731348390951924
0.7313333458301644
0.7313357046896473
0.731343932877376
0.7313362317734308
0.7313316853746422
0.7313417870591485
0.7313201759628948
0.731329097915802
0.7313505531952167
0.7313377331209051
0.7313448734358979
0.7313317619890847
0.7313302291554333
0.7313267183056331
0.7313274262411213
0.7313295940128073
0.7313314255060195
0.7313418364843803
0.7313334947522387
0.7313238861309588
0.7313398205836972
0.7313371782276221
0.7313220472146998
0.7313307276414506
0.7313454074287818
0.731333549999426
0.7313425506690541
0.7313158649115329
0.7313181959108704
0.7313252360426559
0.7313459565167424
0.7313268315948751
0.7313382522868969
0.7313338062457719
0.7313322894791996
0.7313542050303145
0.7313221879435977
0.7313337989223962
0.7313535826425308
0.7313317512624399
0.7313386689533649
0.7313289910469252
0.7313376132019949
0.7313492747133865
0.7313240558552978
0.7313340739806757
0.7313286790480166
0.731337078997213
0.7313259764751707
0.7313327825014376
0.7313360990517511
0.7313315748474961
0.7313377543107956
0.73132553125507
0.7313451763521646
0.7313348896695203
0.7313319437956995
0.7313173486441803
0.7313274543561034
0.7313472671500676
0.7313339769878163
0.7313348254581113
0.7313366246584764
0.7313315884284836
0.7313332529625717
0.7313415184445217
0.7313241646511786
0.7313374159342073
0.7313304640727543
0.7313340224546411
0.7313468652319468
0.7313258492873844
0.731325944980991
0.7313396307230238
0.7313295017994491
0.7313282034335892
0.731334934841606
0.7313209915119295
0.731333004183424
0.7313277994537455
0.7313200500086323
0.7313232938426147
0.7313277647379998
0.7313395501441272
0.7313414232729362
0.731339778973322
0.7313465552406994
0.7313277766976587
0.7313364773419349
0.731331154744265
0.7313256843950622
0.7313219111065044
0.7313263853147064
0.731322043978109
0.7313358987394337
0.7313441100348796
0.731326004051072
0.7313409445991218
0.7313205997021552
0.7313372480440191
0.7313208460980682
0.7313351914141872
0.7313310263405676
0.7313323623404719
0.7313382187823114
0.7313318602558992
0.7313374119876319
0.731331147545648
0.7313271308933943
0.7313382535571799
0.7313247067292478
0.7313259991294441
0.7313409915642436
0.7313173207352973
0.7313330806819025
0.7313334760529985
0.7313406805716548
0.7313303334998124
0.7313300138071556
0.7313350736179571
0.7313315109768675
0.7313388026102693
0.7313345913324779
0.7313148931210987
0.7313328622567752
0.731335667462133
0.7313312831948455
0.7313328637812423
0.7313255693327381
0.7313315467860226
0.7313383253156546
0.731327330843659
0.7313340173931497
0.7313408654968226
0.7313308817859463
0.7313316299243676
0.731333621828403
0.7313407711658325
0.7313400390145014
0.7313159695611966
0.7313343471981856
0.731341011570182
0.7313305302026555
0.7313448165981614
0.7313341575124691
0.7313334467125382
0.7313321494809893
0.7313339881913128
0.7313302478933977
0.7313443595253097
0.7313381760135258
0.7313359832495486
0.7313441859644666
0.7313355355601335
0.7313178197038332
0.7313100498790526
0.7313460997276161
0.7313310901246303
0.7313341799183674
0.7313394384760411
0.7313288773977111
0.7313338110325364
0.7313380605581051
0.7313328478326357
0.7313321229215759
0.7313328299109542
0.7313249778272152
0.7313357989850758
0.7313331975839557
0.7313350010902315
0.7313357051001181
0.7313250868397905
0.7313304819050945
0.7313260739753479
0.731345275230458
0.7313237643410723
0.7313302715135127
0.7313250372264772
0.7313387969002081
0.7313316953845711
0.7313410295935295
0.7313460874902173
0.7313320429269663
0.7313362651663403
0.7313424781022629
0.7313410698511472
0.7313245420487546
0.7313288792845584
0.7313229500418779
0.7313391289165821
0.7313393271055888
0.731323100048002
0.7313351944189339
0.7313267615220279
0.7313265561741226
0.7313383019490645
0.7313116240722213
0.7313340664453553
0.7313329455488012
0.7313375051041249
0.7313252232779599
0.7313285400338702
0.7313399598957907
0.731336929432107
0.7313248167798603
0.7313354485650991
0.7313197458884588
0.7313326255136245
0.7313317987384136
0.7313327446234146
0.7313276690600626
0.7313364195136828
0.7313295569510783
0.7313283880606172
0.7313394221803483
0.7313259365762288
0.7313285076743604
0.7313394364292637
0.7313280276895519
0.7313234159980689
0.7313423729745148
0.7313315489853225
0.7313370527872733
0.7313293968684619
0.7313338931136312
0.731337090695418
0.7313289392989785
0.7313230160399167
0.7313239459973729
0.7313400541455732
0.7313267321390406
0.7313247643839932
0.7313354346959446
0.7313296834004239
0.7313256146500183
0.731337093014711
0.7313337702786706
0.7313311567171932
0.7313471374404705
0.7313449045112996
0.7313206327434886
0.731333209790108
0.7313302449774688
0.7313200767161517
0.731335297032734
0.7313263221332913
0.7313184401379478
0.7313409459079682
0.7313189008703812
0.7313447858204815
0.7313325355872515
0.7313393613482073
0.7313296514225299
0.7313247413424273
0.7313313686377733
0.7313358552203493
0.7313325914112725
0.7313295940538859
0.7313283927608035
0.7313327904615544
0.731332971874003
0.731315965448015
0.7313456115982769
0.7313432346373714
0.731333300431526
0.7313306561833508
0.731328308145665
0.7313291988987399
0.7313330706022241
0.731327388338003
0.7313148943955483
0.7313396877482811
0.7313422977353559
0.7313360294578416
0.7313327994755191
0.7313301139702938
0.731336703111057
0.7313376789252134
0.7313255513195726
0.7313484404646838
0.731343810250964
0.731328459182764
0.7313359894985996
0.7313365497717046
0.7313382897559354
0.7313303275175556
0.7313265257835326
0.7313341966243894
0.7313364429094102
0.7313327219205346
0.7313274883493333
0.7313359037759873
0.7313320307561104
0.7313352201163547
0.7313357184136381
0.7313417077337766
0.7313288991749685
0.7313297195305108
0.7313454790917063
0.7313347732526921
0.7313419723946535
0.7313299886289663
0.7313360622518063
0.7313286405931562
0.7313249415180497
0.731334683355587
0.731332067477373
0.731322933735354
0.7313308561509794
0.7313273308109822
0.731331147751909
0.7313356390435954
0.7313372839194462
0.7313318947093322
0.7313294273915913
0.7313269155020117
0.7313407181844306
0.7313297607399543
0.7313393481291498
0.7313344210984751
0.7313251331105864
0.731330683862401
0.7313427135981149
0.7313335103694226
0.7313313978772837
0.7313285693361476
0.731344345942649
0.7313313943083561
0.7313361539468275
0.7313321866542333
0.7313328281282326
0.7313436511802441
0.7313268185008547
0.7313382776359197
0.7313286680332076
0.7313262273263093
0.7313317813233589
0.7313359783796366
0.7313194116817227
0.7313336640952127
0.7313238008908388
0.7313343838601345
0.7313293273483606
0.7313299792223955
0.7313382557338487
0.7313291959178012
0.7313319374703308
0.7313341155732694
0.731336317188466
0.7313297285529973
0.7313383399974321
0.7313206157297896
0.7313253318755993
0.7313334066649684
0.731323558888051
0.7313336485690803
0.7313310313387474
0.7313351162753715
0.7313331860969816
0.7313333615244132
0.7313269319365069
0.731333273332363
0.7313341579893515
0.7313371498672642
0.7313332560372935
0.7313360852427419
0.7313235221214418
0.7313327698021276
0.731325879058387
0.7313284945455687
0.7313263945985314
0.7313272849013922
0.7313321866802728
0.7313458642119322
0.7313274638781517
0.7313282034533861
0.7313355905304599
0.7313265830650533
0.7313300847235212
0.7313337081256271
0.7313259946345557
0.7313384401661449
0.7313399591487826
0.7313302571929758
0.7313350030461993
0.7313355262939978
0.7313333757448961
0.7313265644587286
0.7313209191359633
0.7313389203293778
0.73133017328094
0.7313314519317834
0.7313306342782425
0.7313339140526363
0.7313326988244989
0.7313210196739616
0.7313239400324334
0.731331123876401
0.7313321631302557
0.7313340052143897
0.7313225721167752
0.7313296864804671
0.7313297424816619
0.7313315499436444
0.731337520252808
0.7313348468077882
0.7313331648134263
0.7313287862234552
0.731331237965292
0.731329651962805
0.7313330528913863
0.7313258927929858
0.731331826788354
0.7313302052620827
0.7313321154559629
0.7313258174190536
0.731331464878823
0.731332344196974
0.7313339652150516
0.7313281770460565
0.7313300559528918
0.7313252623379523
0.7313297636864344
0.7313369523646882
0.7313352332917525
0.7313296812357308
0.7313293326598548
0.731333971833223
0.7313294501662793
0.7313331456379865
0.7313306138269063
0.731332890651211
0.731334542796892
0.7313319082382934
0.7313381099041544
0.7313300733354358
0.7313279105691053
0.73133249751893
0.7313332377029639
0.7313278262676097
0.7313265091942407
0.7313250399662036
0.7313278563435698
0.7313350623484387
0.7313259902064112
0.7313319756036655
0.7313317051383861
0.7313392857734164
0.7313290348128552
0.7313281496537444
0.7313351377900102
0.7313332519222175
0.7313232395196408
0.7313312006737404
0.7313297342301895
0.7313281056487102
0.7313301079882382
0.7313304296881993
0.7313346661667032
0.7313263075573644
0.7313356865133528
0.7313307091361004
0.7313300168955288
0.731327342201151
0.7313361233470906
0.7313338175344765
0.7313298435733288
0.7313242721964824
0.7313355952242204
0.7313315180632645
0.7313381182506261
0.7313326238348153
0.7313378124691665
0.731335057750325
0.7313355129858313
0.7313312379649283
0.7313327955737934
0.7313339313219053
0.7313297748264945
0.7313324993108418
0.731338434449338
0.7313338163590929
0.7313307862982905
0.7313329412973754
0.731329543396991
0.7313357420428616
0.731334900930392
0.7313329211770855
0.7313364412994917
0.7313308166453899
0.7313263917472473
0.7313320409884123
0.7313314382642903
0.7313346668672353
0.7313345109280582
0.7313314559954223
0.7313289311400251
0.7313288200898463
0.7313326448903966
0.7313346036889585
0.7313329220561258
0.7313343179784637
0.7313306363846437
0.7313365570445242
0.7313326277716871
0.7313201964800221
0.7313330634297293
0.731331415385759
0.7313307016952194
0.7313282290380007
0.7313286977387717
0.7313336784529151
0.7313319851033051
0.7313307702439621
0.7313278312877637
0.7313357428620042
0.7313340435492944
0.7313334138467958
0.7313318409810429
0.7313252269878483
0.7313358373295821
0.7313336942781306
0.7313327162564325
0.7313306848302173
0.7313347186351882
0.731334219346041
0.7313351378200413
0.731332563570295
0.7313315779277051
0.731331471704378
0.7313297340685745
0.73133566661
0.731342688037966
0.7313366441586664
0.7313324877169534
0.7313313634182704
0.7313242859613625
0.7313331837427522
0.7313325766929324
0.7313288667725677
0.7313283490861581
0.7313301281452472
0.731333275110167
0.7313270045195621
0.7313327049010964
0.731330424477676
0.7313331067696142
0.7313309146747081
0.7313344252905734
0.7313323288094115
0.7313313619758799
0.731331306819091
0.7313423315363984
0.7313310983482979
0.7313320308741856
0.7313332492422676
0.7313307725458575
0.7313349355521315
0.7313371867610842
0.7313319589312673
0.7313320588167145
0.7313290306791481
0.7313307727587802
0.7313331764874225
0.7313372640033887
0.7313358607007284
0.7313385063327419
0.7313359945258181
0.7313349176846907
0.7313276532287885
0.7313316216746087
0.7313355467647199
0.7313296289696545
0.7313284424608357
0.7313338442200167
0.7313339459723105
0.731330506294639
0.7313296393212385
0.7313332722665247
0.7313340290860224
0.731328951903279
0.7313321998924882
0.7313304452757193
0.7313332233581826
0.7313332517878826
0.731329010079689
0.731338516703084
0.7313347989067096
0.7313322022003398
0.7313342428364076
0.7313326596982275
0.7313273928501806
0.7313318054469619
0.7313367535934729
0.7313350932047629
0.7313358740039585
0.7313346555142902
0.7313336534801942
0.731331756806271
0.7313374072802756
0.7313330478459177
0.7313327095279614
0.7313318649022817
0.7313318413544264
0.7313365366523361
0.731336278073108
0.731331109324356
0.7313321234473605
0.731332585093217
0.7313383968542032
0.7313316482758899
0.7313337834043745
0.7313357659557187
0.7313283634234314
0.7313347536129793
0.7313296443552872
0.731332220698616
0.7313349547007972
0.7313353403336246
0.7313274334927813
0.7313358852566164
0.7313303613617652
0.7313377822126087
0.7313301370783102
0.7313284147325275
0.7313335336385584
0.7313291654938741
0.7313361307427837
0.731335295292636
0.7313330490724437
0.7313327776593197
0.7313314292458671
0.7313274668775646
0.7313355810296249
0.7313302700238578
0.7313325366117387
0.7313323139776183
0.7313310403288574
0.7313350578023222
0.7313336676467457
0.7313354943956326
0.73133025476508
0.7313313479734191
0.7313325008321027
0.7313337089865576
0.731331373556632
0.7313329828047709
0.7313331927027829
0.7313341308459202
0.731328921122824
0.7313309946883381
0.7313343067495814
0.7313327772554888
0.7313290567632077
0.7313342848211987
0.7313308325514086
0.7313318822874054
0.7313322993723095
0.7313293656398456
0.7313348358238021
0.7313326450677162
0.7313339227639126
0.7313314790501364
0.7313330197052726
0.7313344803601898
0.731334360528956
0.7313302726459858
0.7313318544077626
0.7313287524524958
0.7313297136770391
0.7313360330710001
0.7313338621730052
0.731330594112829
0.7313342458203328
0.7313327107954591
0.7313312887703624
0.7313296901920575
0.7313320387237919
0.73133232947928
0.7313306514738266
0.7313337400108911
0.7313304879666254
0.7313322271038912
0.7313329123561163
0.7313331665568127
0.7313317729237018
0.7313309325058679
0.7313328889424411
0.7313308583405284
0.7313332705365777
0.7313313305024927
0.7313320139308331
0.731332439631485
0.7313316835486855
0.731333091046664
0.7313329769137106
0.7313316730030273
0.7313343740959387
0.7313309816442847
0.7313354755015411
0.7313339979315456
0.7313329286351546
0.7313331625553278
0.7313311938387221
0.7313326382381962
0.7313323941968545
0.7313315897156312
0.7313310119143603
0.7313314761557036
0.7313311306515219
0.7313335828169496
0.7313327305726913
0.7313319858211429
0.7313328952364684
0.7313312577929351
0.7313332548481151
0.7313329943511638
0.7313326451994491
0.7313324869568391
0.7313308653362134
0.7313308288858359
0.7313335287621849
0.7313322098247036
0.7313315902086318
0.7313314139999256
0.7313321571253362
0.7313335842910393
0.7313316334931876
0.7313320560322091
0.7313322766626772
0.731332489598989
0.7313331003838852
0.7313328110682984
0.7313325125866038
0.7313324907646681
0.7313324305711252
0.7313324126562311
