1.674425441291205
1.6744017563989129
1.674671450455597
1.6745541212242103
1.6745588134053746
1.6744149829781703
1.6746096535363744
1.6744499479615893
1.674190999490128
1.674512937964484
1.6739490362504934
1.6746172089390474
1.6743243441952977
1.6742011616270613
1.6745418693735454
1.6743983716724622
1.6743068504927068
1.674522694472564
1.674476190372005
1.6742654830542048
1.6742093336660206
1.6744235511689403
1.6742696571758504
1.674457606260028
1.6745698382073007
1.674285035982118
1.6742602801948916
1.6744456078375878
1.674496115518735
1.6744090273646055
1.6743150285611321
1.6744526716324333
1.6744453448388867
1.6743457331214366
1.6745399556816432
1.6743827887435554
1.674368843292298
1.6744800403815017
1.6743312206497016
1.6743718396572573
1.6743859545572657
1.6744828037672854
1.674315491543644
1.6742779944663773
1.6744264637146793
1.6744295379847067
1.67441105647046
1.6743743892509377
1.6743424151314776
1.6744398153773983
1.674457877637972
1.6743394512321625
1.6743316625501443
1.674458709580802
1.6743636945929972
1.6744520657748092
1.674376394725767
1.6743203683810575
1.6743855137519197
1.6744380144853621
1.6745186260730107
1.6743755142091614
1.6744433690382967
1.6744146398360906
1.6743544337131595
1.6743671529645494
1.674471882579835
1.6743956189886415
1.6743988554526452
1.6744690340210377
1.6743363285378903
1.674432344931768
1.6743888339229969
1.674397740145817
1.6743921613289823
1.6744777471893013
1.6743432925192427
1.6743257928341657
1.6743845558853039
1.6743818633354883
1.6743512802992984
1.674339667561971
1.6744666702799644
1.6743814667842312
1.6744482539940697
1.6744474279045407
1.6743866064613482
1.6744296728449106
1.6743284816825372
1.674374687752749
1.674432290921269
1.6744802921583748
1.674389916576832
1.6743337733791719
1.6745176751599407
1.6743935074526983
1.6744179701043074
1.6744412634725814
1.6744373953051204
1.6743995405502672
1.6743594522760057
1.6743825451672074
1.6743852626658016
1.6743913369567287
1.6743146049587125
1.6743548213096728
1.6743656465121828
1.6743670700345257
1.6744061607468934
1.674430428253517
1.6743876240039957
1.674399968460586
1.6743362908601673
1.6743167236831566
1.6743648070776471
1.6743773134747992
1.674341886036951
1.6744522513472588
1.6744021803626308
1.674441998721788
1.6744879155787622
1.6743752638054306
1.6743693492949703
1.6744230034614576
1.674349801912463
1.6744507566539941
1.6744166636084163
1.6743234531337923
1.6744707078746477
1.6744469282550034
1.674417117787959
1.6744641013578305
1.6744365453211023
1.6743980919889734
1.674338561585309
1.6743306099851776
1.674410822176896
1.6744090533024785
1.6744189368559583
1.6744704823426844
1.6744290379952813
1.6743993866102087
1.6744274445023133
1.6743622635396347
1.6744173966018097
1.6743795176147311
1.6743628579943972
1.674388095220476
1.6743608887297134
1.674396920838998
1.6744135789126122
1.6744090827554114
1.674405647433643
1.674386825740701
1.6743576782437213
1.6744053364985212
1.6743299793138444
1.6743876411762306
1.674386007550428
1.6744128916965602
1.6743848486992745
1.6744051155771222
1.6743842200969252
1.674390978265536
1.6744051887637756
1.6743590642289505
1.6743580158744156
1.6744537375008564
1.674416948230021
1.6744337835240855
1.6744023522327978
1.6744286948983884
1.6744080153041518
1.6744180984103771
1.6743595797521036
1.6744123501181667
1.6744020753353708
1.6743876029375355
1.6744129881845693
1.6744345019485714
1.67441085321266
1.6744061520937288
1.674380807224975
1.6744176262772577
1.674363537587887
1.6743999377879737
1.6743847381401236
1.6744308441710847
1.674437841867713
1.6744073791183942
1.674398098120693
1.674450910339531
1.6744244867508729
1.6744447401290148
1.674429693394811
1.6744368609627407
1.6743482048614107
1.674379413985525
1.674407422661814
1.6744503264573214
1.6743819602782306
1.6744284496364787
1.674444380541944
1.6744338246520616
1.6744371630897985
1.674389266016387
1.6743738367733796
1.6743783825061365
1.6744097979963943
1.6743916169158162
1.6744003553833169
1.6743965143149457
1.6743618919108103
1.6743810285813527
1.67436846427206
1.6743594454311963
1.6744431202975414
1.6744305430241317
1.6743701894982013
1.6743900088681278
1.674373844457331
1.6744205212292094
1.6743901981345661
1.6743693557479666
1.674380994388627
1.6743943037714721
1.6743785095757784
1.674433294089526
1.6743717575967842
1.6743525560185148
1.674401536175942
1.674366954634381
1.674388721465318
1.674400129711139
1.6743847600016464
1.6743793401029674
1.6743823569333556
1.6743987775952602
1.6743768568396193
1.6744226816524548
1.674411028202089
1.6744385026416857
1.6744339643532389
1.6744255724506143
1.6743871421041323
1.6744034228195979
1.6744165554229964
1.6743935806475692
1.674406345051953
1.6743613672349056
1.6743994041993873
1.674375817169028
1.674370433387269
1.674360190460338
1.674411752614098
1.674374965109094
1.6744491434467859
1.6743915923058303
1.6744130067920218
1.6743430946319218
1.6743822703698243
1.674372200268131
1.6744131732476122
1.6743786350383176
1.6744077069945198
1.6743877302443129
1.6744409490289727
1.6743928584188332
1.6744277726166874
1.6744183118070466
1.674381160453526
1.6744097855656364
1.6743673892233746
1.674401240187847
1.6744119905151613
1.6743651087337923
1.6744000484382955
1.6743992379139174
1.6743790416594835
1.6743961635821867
1.6744139959624702
1.6743897780349095
1.6744133787763424
1.6744168930092576
1.6743940589438164
1.6744066530761694
1.6743732632107884
1.6744064015976943
1.6743857612738056
1.6744193970471093
1.6743961366682263
1.6744591004691982
1.6743666549983844
1.6744535561485006
1.6744146505285469
1.6743841881773696
1.6743787162710002
1.6744092028109867
1.6744102098870994
1.6744051651815695
1.6743638157659924
1.6744144770232101
1.6743928934871575
1.6743848177927299
1.6744254575613953
1.6743827088163314
1.6744019785631001
1.6743484244172007
1.6743998847194281
1.6744055669796112
1.674401044368686
1.674413098032748
1.6743645408300136
1.6743747004618275
1.6743953036400183
1.6744425562569512
1.6743704538317095
1.6743973230978957
1.6743942245558192
1.674401952127467
1.6743930502370967
1.6743699311694662
1.6743797830010978
1.6743887366898722
1.6743849934211503
1.6744056367028133
1.6744116609174653
1.6744003909635496
1.674407626884398
1.6744036635435473
1.6744231460437569
1.674398506274982
1.6744297273156152
1.6743852082029418
1.6743939510565702
1.6744044074867295
1.6743710842508135
1.6743893144408806
1.6744440345282878
1.6743884341216544
1.6744364101180726
1.6743971617238693
1.674373323690591
1.6743856311747902
1.6744021103704883
1.6743773230980536
1.6743896748711926
1.6744078682803243
1.6744015697394505
1.6743969359026891
1.6743965606287292
1.6743869939253142
1.6743772725980486
1.674389073717239
1.6744096445430525
1.6743638960894218
1.674409275062316
1.6744118804735169
1.6744080380643827
1.674394940986573
1.6743760522484263
1.6743507200323962
1.6744035343403572
1.674405379090097
1.6744287664928152
1.674405819574148
1.6744265720729814
1.6744064303909705
1.674440965115431
1.6743879864107567
1.6743804532539275
1.6744124595779146
1.6744031993840796
1.6743833017208858
1.674374906116347
1.6743929403980244
1.6743846017200872
1.674366579944767
1.6744009539889124
1.6743957149137572
1.6744407624100917
1.6743889560746603
1.674354677927893
1.6744107529770438
1.67437473369754
1.6743997374697603
1.6744006166133845
1.6744308137199386
1.6744121922785364
1.674400508944891
1.674395029087859
1.6743837413036367
1.6744219710230486
1.6743966353280826
1.6743837520328817
1.674407796222288
1.6743720678678693
1.6743736820710255
1.6744348397648143
1.674436994602806
1.6743959417362966
1.6743974983427345
1.6744032736935686
1.6743968052349256
1.674433100448556
1.67437507472919
1.674393041617885
1.674424582641379
1.6744012943367879
1.6743753623532502
1.6744222015435877
1.674420166285753
1.6744225091694298
1.6743934238010096
1.6743540065751117
1.6743708361105114
1.67440843851611
1.674390578468043
1.6744010240463272
1.6743860361539191
1.6743880519161074
1.6743942429200251
1.6743993946452993
1.6744192022367832
1.6743875936633792
1.6743895216930897
1.6743971541718086
1.6744013578952435
1.6743636546177236
1.674366033811309
1.6744197979810131
1.6744069204915852
1.6744313167087908
1.674376177761932
1.6743664174509705
1.6743996568818016
1.674405405214611
1.6743900660715236
1.674380043216755
1.674382190549531
1.6743877069803916
1.674395990318204
1.6743859175723022
1.6744214561171815
1.674408686507549
1.6744282874350847
1.6744082654718913
1.6744048704481524
1.6743656812167989
1.674416814893045
1.6744017708225136
1.6743840777349157
1.674409096087384
1.6743884434529612
1.674384489464139
1.6744008240690917
1.6744089298086586
1.6743899650756433
1.6743977790953912
1.6743824941259946
1.6744253836851064
1.674413972364965
1.674428520246892
1.6744075967448597
1.6743837594623976
1.674386745403579
1.6744017715209367
1.6744094782132222
1.6743927604425564
1.6744057647240944
1.674375650317285
1.6744204976752768
1.6744073868503837
1.6743932318529426
1.674422744716948
1.6743925173131275
1.6743914523357828
1.6744356108356506
1.6743972930370232
1.6743861077384086
1.674396990554635
1.6743990693703694
1.6744090539728052
1.6743757280956848
1.6743933928207269
1.674413153635236
1.6743873006202283
1.67441514485957
1.6744063762489332
1.6744006746214997
1.6744039063073106
1.6744138297154445
1.6743947327681696
1.6744283551990273
1.6743963620942013
1.6744190142075535
1.6744003789278519
1.6743962458235802
1.6744276598338714
1.6744007988273468
1.6743958590450856
1.6743745230882403
1.6743943620020563
1.6743987670481089
1.6743936129696355
1.6744042799709573
1.6743767689780864
1.6744204261861086
1.6744079232654487
1.6744017225187042
1.6744143368776465
1.6743842406963847
1.6743961781240866
1.6744119614107846
1.6744376373487135
1.6743973266950116
1.6743952914303477
1.6744227333877337
1.674392482610121
1.674389535329713
1.6743912574899855
1.674402213920139
1.6743980449648024
1.674420123849581
1.674409933149276
1.6744103350461736
1.674415259383967
1.6744126098205738
1.6743978899332832
1.6744112241380018
1.6743886280154103
1.6743941946919556
1.6743943817319553
1.6743984003721015
1.67439495505825
1.6743859511343173
1.6743767864396435
1.6744082979384198
1.6744140954407063
1.6744123088424545
1.6743792184331123
1.674404880227622
1.6744027137794855
1.6744004694967145
1.6743956844203043
1.6744142540590772
1.674390251961986
1.674368295526869
1.674379456710705
1.6743971911392892
1.6743941003095661
1.6744006793308854
1.6743990901132961
1.6744042951351625
1.674384949090685
1.6743899262198716
1.6743857740589068
1.6743995099719653
1.6744123300311844
1.6743938019809164
1.6743982158259627
1.6743933629098884
1.674414118768749
1.6743891742736237
1.6743872814478475
1.6743972705017567
1.6744099248233
1.6744121549327218
1.6743916830789636
1.6744010747309004
1.6743992975560118
1.6744016233296615
1.6744099795904495
1.6744094885959657
1.674419324236198
1.6744154409353813
1.674387149750031
1.6744020960063501
1.6744165645713536
1.6744230857368763
1.6743955231326433
1.6743932279681528
1.674396835618081
1.6743916763411537
1.6744055753707412
1.6744077654115617
1.6743989375258563
1.674420611450633
1.6743806986263743
1.6744023322305168
1.6744078635759105
1.6743764605253921
1.6743883001006168
1.674424035749468
1.6743836813081652
1.6743964331035437
1.6744046924902949
1.6744145695006345
1.6744055660192287
1.6744021630428332
1.6743790028199133
1.6744018456570389
1.6743843864316637
1.6743821573290854
1.6743923231921107
1.6744149039303695
1.6743842502803803
1.6744129165218649
1.6743959651830789
1.674387338250809
1.6743922550908057
1.6744073035819347
1.6743797129448657
1.6744031715370244
1.6743960059388403
1.674396353006692
1.6744054109678903
1.674390806197995
1.6743911274295231
1.6744075347713274
1.6744048748530291
1.6744083245089594
1.6743681908676717
1.6744022943269763
1.6744180165484714
1.6744086775713019
1.6744087298028094
1.674406042682686
1.674402774199444
1.674393857638551
1.674396828077808
1.6744136281225064
1.67439326347452
1.6744032840605862
1.674391625146328
1.6743924332017064
1.6743983808006826
1.6744056151740725
1.6743975079882245
1.67440329731674
1.674398202534517
1.6744087165425012
1.6743971112659288
1.6743853384215377
1.6743908684094087
1.6744101786240118
1.6743985103662347
1.6744130665275203
1.6743851159682204
1.6743922195790515
1.6744101250813903
1.6743866927505988
1.674403035586831
1.6744063338222452
1.6744020515776619
1.6743835716557713
1.6744035701103979
1.674391405460109
1.674386267546006
1.6743949128992386
1.6743732114994145
1.6743954680677438
1.6743977821912155
1.6743967803359017
1.6743931997997796
1.6743930947914385
1.6744037785491575
1.6743796846432615
1.6744009393120522
1.6744034000292893
1.6743763876110829
1.6743813815161823
1.6744041679763864
1.6744078576165953
1.6743802294655412
1.6743900363657427
1.674384773773517
1.6743954962974243
1.6744158118643875
1.674394591369788
1.6744137452988486
1.6744050051831458
1.6744082072933522
1.6744080340801855
1.6743952796664285
1.6743920260030318
1.6743965636666969
1.6743859502499094
1.6743926586267581
1.6743935565129497
1.6744023770402487
1.6743941788666008
1.6743946411788375
1.6744039488447784
1.6743858706246058
1.674388983827841
1.6743936281716385
1.6744017763215369
1.6744180836123181
1.6743940911652266
1.6744113896356678
1.674396716506872
1.6743931018248248
1.6743846275919496
1.6744072696418182
1.6744009930695305
1.6743927089725203
1.6744127588902316
1.6744083200245767
1.6744063365638797
1.6744046424344714
1.6743966061491624
1.6744117318945588
1.6744046950842422
1.6744121934484901
1.674394866310813
1.6743905845436609
1.6743893422722897
1.6743989527744165
1.6744042889633457
1.674388297119064
1.6743932049640007
1.6744074287485597
1.6743975396827726
1.6744116757962801
1.6744027918241384
1.6744009427702167
1.674402942948909
1.67440242242659
1.674396661184399
1.6744201371888543
1.674390269414445
1.6744012290227919
1.6743860909202144
1.674406810722798
1.6744012882081216
1.6744061600044235
1.6743910933234603
1.6744009114734775
1.6743867471222311
1.6744045481101275
1.6744002333340973
1.6743959543831355
1.6743943920289748
1.6744041400530025
1.6743950080836025
1.6744126961542125
1.6743980973916608
1.67441038201997
1.6743974379167395
1.6744092698459754
1.674408225580022
1.6743988194856065
1.6744066170665928
1.6744104943196454
1.674410702039479
1.6744099462223523
1.6744178310442455
1.6744007528092102
1.674406775567006
1.6743895444494727
1.6743879817702778
1.6743822868431266
1.6743905492693822
1.6743864148118845
1.6744017868308307
1.6744129233144152
1.6744065836764563
1.6744043943345386
1.6743978283888115
1.6743962090656477
1.6744036777533744
1.6743985680642501
1.6743991881828089
1.6744037662508693
1.6743977500998124
1.6743947586231167
1.6743885677260961
1.6744164689616103
1.6743927359527349
1.6743972053537388
1.6743985308378342
1.6743817220197135
1.6743941264125772
1.6744090804637617
1.6743988668019127
1.674391457306808
1.6744002880515483
1.6743986650212221
1.6744006577767185
1.6744048469357935
1.6743931611541243
1.6744021922764245
1.6744046837697468
1.6743983976908199
1.6743913118945992
1.674392951278309
1.6744011136953694
1.6743948585348225
1.6743987517181957
1.6743971708381684
1.6743971662669472
1.6744036725137537
1.6743879973969142
1.6744181082923246
1.6743951148020526
1.6743954942734538
1.6744008063494653
1.6744008353310884
1.6743976074091385
1.6743984732437676
1.6743941171049523
1.674404674304196
1.6744078297505338
1.6743847382952242
1.6744153594179039
1.6744037430664147
1.6744035966562827
1.6744072032642983
1.6743985079596504
1.674394350341586
1.674413872231855
1.6744004240951544
1.674412629936001
1.6744014448588058
1.674401557590855
1.6743997114257727
1.6743985473740173
1.674405039703978
1.674396709753765
1.6743841380652917
1.674401605346505
1.674401630787872
1.6743973814244473
1.6744052786999484
1.6743994929197157
1.674390143869298
1.6743976706029917
1.6744042309663623
1.6744005102244028
1.6743994937392388
1.6743951453867914
1.6743979287108872
1.6744168447740726
1.674405741679305
1.674396823609378
1.6743996101004435
1.6743950167029797
1.6744009064916157
1.6743998965936164
1.6743965184938148
1.6743957724111231
1.6743909171186595
1.6743957999848906
1.6743979339520703
1.674396400162456
1.67440679206319
1.6744002263679598
1.6744023588063832
1.674399117978344
1.674396566540522
1.6743968861205838
1.6743992485323371
1.6744046152675085
1.6744045104845044
1.6744052378063716
1.6744032324527518
1.6743994823316586
1.6744007041633049
1.6743989510243305
1.674401515543263
1.6744041159329324
1.6743954965136298
1.6744072831981587
1.6744039081251845
1.674398861580166
1.6743971993154476
1.6743962503837706
1.674400001558708
1.6744007010457005
1.6743965622143728
1.6743889947697341
1.6743972190358385
1.6744022680984676
1.6744002172923371
1.6744042622563888
1.674392292773629
1.674394339022171
1.6744036606642072
1.674406432290841
1.6744057784640833
1.6744050163470532
1.6743962680872966
1.674390669276558
1.674403769249928
1.6743975779215485
1.6743953243244913
1.6743978508464694
1.6743877143864745
1.6744000563679882
1.6744007726556493
1.6744019105306245
1.6743998114770817
1.6744000617769481
1.6744046397192913
1.674401719750193
1.6743986113307663
1.674399224314679
1.6744034879989989
1.6744003230709414
1.674398076549022
1.6744080174887381
1.6743960996472154
1.674390851801716
1.6744011302168051
1.6743969612886977
1.6743993266879018
1.6744014354550105
1.6744027524376746
1.6744016765535548
1.6744027104210515
1.6744015039956663
1.674399396418561
1.6744056887911116
1.6744020741356402
1.6743983064147483
1.6743988224598942
1.674397135913743
1.674395299494342
1.6743970774729917
1.6743916111388841
1.674392905882529
1.674403733545422
1.6743967462871634
1.6744006900627784
1.6744040650369671
1.6743966600073752
1.6744063275601981
1.6743963405862003
1.674389403459237
1.6744001263125887
1.6743997863020923
1.6743904609979046
1.6743951551839587
1.6743952011042653
1.6744031318503807
1.674401724488545
1.6743998777965008
1.6743979269908003
1.6744025767223258
1.6744003623176569
1.6744051457177855
1.6743960657541825
1.6743972936294198
1.6744006641159943
1.674398416376092
1.6743983033843648
1.6744026935415
1.6744005593594855
1.6743981150892122
1.6743966691591587
1.6743970894808666
1.6744009019027108
1.6743982690097425
1.674398219867735
1.6744040626341772
1.6743995001176746
1.6743947362938398
1.67439594029605
1.674399594063978
1.674403906045192
1.6744021895635066
1.6743968910528586
1.6743966212080421
1.674401065505616
1.674402584282488
1.6744012652367124
1.6743994598144847
1.6743977381032353
1.6743961193511063
1.6744002654265784
1.674400584483405
1.6743984590084335
1.6743993731315145
1.6743996746194079
1.674399688750693
1.6743971397137485
1.674399767340949
1.6743996863097352
1.674399939692328
1.6743971754263247
1.674398268211748
1.6744001519035274
1.6743995914468768
1.6743988143743844
1.674399517368657
1.6744002824188173
1.6743989355453
1.6743997964783655
1.674399104063716
