0.07209419068626628
0.05131649116520023
0.04219794581490111
0.03628932900798686
0.03208806861407957
0.029648318723460337
0.02714355793800345
0.025140021968270004
0.02407432416609434
0.022929874757226583
0.02190074517087613
0.02095811114269247
0.019968114004226708
0.019401039042693028
0.01860772354422601
0.018099624713500368
0.017296724219229336
0.017121627643551157
0.01662319892858193
0.016206914061459805
0.015753350154656218
0.015475628646806733
0.014918258543424134
0.01481126737197747
0.014472529093790784
0.014039603319416638
0.013849960799868407
0.013653858035147272
0.01342405107163501
0.0131083683872001
0.012808651369608513
0.012633063322184921
0.012393869519944858
0.012252541765819537
0.012036071467681406
0.011913405126907996
0.011902707217262977
0.011618959591491384
0.011379542267697617
0.011219483758571612
0.011108328737167926
0.010994423599427105
0.010780567324039845
0.01079165794611459
0.010595782131097624
0.010459920533482507
0.01026609210850728
0.010197133871263276
0.010125690306773778
0.010116754286553979
0.009954528108883368
0.009818961350963709
0.009631638828623681
0.009710180860937931
0.00959165338756545
0.00951534381835312
0.009436550130875795
0.00933349760619858
0.00915394584167411
0.0089699825030727
0.009144820624014066
0.009028757958934097
0.008903979679509656
0.008812413615499793
0.008731689244833479
0.008712630809487849
0.008662603287769891
0.008567231735808317
0.008458997019714023
0.00831208116547866
0.008212260043756473
0.008272765884246112
0.008224605843227532
0.00804982167721607
0.008121459859983311
0.00807462324872034
0.008094125102500493
0.007888560300850096
0.00792995067560871
0.007755430345152131
0.007869093256875306
0.0077115428029446145
0.007639539828874154
0.0075948253939748115
0.007535933379854044
0.007478662267248228
0.007520273859370018
0.007404760882026902
0.007371064038144682
0.0073116984781545855
0.007230266009376021
0.0072240175297444064
0.007146444360054116
0.007131684913147816
0.007115147700857806
0.00704393499722686
0.007012287212019955
0.006931057937304195
0.006971386583278769
0.0069299209397876895
0.0068183527296630285
0.006844549532643988
0.00675785447306623
0.006735387906261094
0.006694734265376062
0.006792229431795593
0.0065913721317132435
0.0065540731524270975
0.00658379706211503
0.006582829844171568
0.006530515771256802
0.006433792843195931
0.006488089828123699
0.00642282549372729
0.006363869299277339
0.006428209938273445
0.0062944484773398545
0.0062225959831447115
0.0061959380044860676
0.006275581785763431
0.0062264199506968975
0.006140328440675293
0.006153810316371064
0.006177894791829411
0.00614308280273853
0.006096867482478669
0.005994013046812386
0.00596918092640044
0.006003624752612616
0.005953261720669724
0.005918846972732491
0.005865493880968833
0.005940501752975461
0.005831177529346521
0.0058561895354993666
0.005825713116442009
0.005756607757712908
0.005718390595250337
0.0056854547095077064
0.0057117719032412076
0.005679444828802902
0.005641927955053967
0.005648137081700886
0.005516080740961803
0.005568466966964236
0.005604284069174295
0.00558538378531557
0.005515279218048626
0.005547190622473663
0.00557643032434103
0.005428343713762945
0.005439968552940758
0.005392952563822504
0.0053960282302994165
0.005361736181588982
0.0053039192543900245
0.005414958072589115
0.0052591374486049645
0.005285747403124041
0.005183671482615218
0.00518496654796511
0.005216850216430276
0.00517035918355239
0.0052125745013835425
0.005166181373764163
0.0050769483889412615
0.00514093334468313
0.005119227493737926
0.005115886642533474
0.005028829597682029
0.00503873611373741
0.005012611319842272
0.005051991186663151
0.004992445621307632
0.005012881289343694
0.004994195931757534
0.004903879116946386
0.0049143856827721715
0.004955033163058407
0.004867455023141219
0.0049384488552407175
0.004847948567008782
0.004871962605563088
0.004822262499259063
0.0048800354993330086
0.004857094325206662
0.004762110710719346
0.0047753732544354955
0.004753643529527763
0.004761575472214619
0.004675460575295882
0.004714171983547837
0.004736110547513044
0.0046563939957029715
0.004632117593850982
0.004576712733539406
0.004649356386599481
0.004616936769697769
0.004607130154815871
0.004604636237221593
0.004564723569740796
0.004563227809255932
0.0045095912518387585
0.004551143296012996
0.004556748283263108
0.004527257090799405
0.00447332519600461
0.004481407712384361
0.004469281473914995
0.004435526013497786
0.004450007416529941
0.004369209199711823
0.004433116253113561
0.0043294072102234805
0.004440554921347748
0.004407397852787759
0.004359013963498433
0.0043342642828889276
0.004297166665613589
0.004346932498988445
0.004303129100545808
0.0043225147812053005
0.00432266286367712
0.004263434131604985
0.004231769725030044
0.00427719533624926
0.004232980460825231
0.004224933206210459
0.004250013415104561
0.00419170432218939
0.004221802247194828
0.004140979327238487
0.004172081078168394
0.004095505123415474
0.004112186297136732
0.004151595817880953
0.004150052386361991
0.004129149703086338
0.004175534329128082
0.004111075913133279
0.004062056459627266
0.004083542697312491
0.004084913616186027
0.0040482800414624555
0.004057346628631596
0.004031709316844396
0.004013966874104817
0.004015163828520956
0.003988798128615801
0.003944553138613707
0.003964349483168358
0.003945768432028799
0.0039053729963253233
0.003914514839987508
0.003951230417261579
0.0038948105317686246
0.0039002653777788325
0.00391184771936237
0.003951244696833087
0.0038996939079190495
0.0038919447879130612
0.003877915204749779
0.0038812368177355053
0.0038398676041519913
0.00383249070936746
0.003785936275937362
0.0038002714625539635
0.003804731389659355
0.0038003410232292393
0.0038147560812138433
0.0037759065470758394
0.0037795649757733606
0.0038003218523165383
0.003757166532468718
0.003697557223004827
0.0037201535903547494
0.0036613913534892946
0.0037134365553024057
0.0037369044606578587
0.003696648697863245
0.003696378448149247
0.003663771655051678
0.0036287810926744655
0.003662868126042088
0.003634051826106648
0.003592046964280276
0.0036529310076238056
0.0036021205836006508
0.0036043511239146763
0.0036485872350076726
0.003518424150790757
0.0035799395432258973
0.003530036431525813
0.0035338402280390107
0.003599423259553187
0.003541292701334023
0.0035688213390456655
0.0034985661767830967
0.0035262887040046135
0.0034857797806663537
0.0035347594882305625
0.003478380639323559
0.003481922248120875
0.0034672752301030756
0.0034363771856719726
0.003442593015540308
0.003469041836819686
0.0034993873374884656
0.00346180561668309
0.0034341963253510573
0.0033996236704864685
0.0034194706779812605
0.003413088421032785
0.003374754214042661
0.0034040963787871706
0.003392917687181029
0.0033919979763063646
0.0033673479301342757
0.003365563296287355
0.0033254133297749787
0.003363171627428471
0.0033793816310707246
0.0033364311931683
0.0033175659401984744
0.003318935394640792
0.003328686979617992
0.003285322668633738
0.003296379006450385
0.003294577784946748
0.003281833702394561
0.0032636361660871556
0.0032082087844598674
0.0032383289777768716
0.003245353260231873
0.00322854041161259
0.003255051408438919
0.0032313496729493543
0.003238269476973776
0.003214613109273159
0.003163173379471201
0.003178489614857257
0.0031745210649673635
0.003201274357322242
0.003183358491351275
0.00315596427642119
0.0031632876673706465
0.0031388834756568484
0.0031625511201723738
0.0031601483708268057
0.0031646196798182286
0.003148355589299408
0.003129420314572764
0.0031237990419497545
0.0030550982844765864
0.0030956570637541408
0.003096334992991739
0.0031165939145341554
0.003078796005415736
0.003076896755852722
0.0030516415601477454
0.0030709209349641317
0.0030545415225044746
0.003042609197732728
0.0030524019668235073
0.003066834799537956
0.0029931624281569445
0.003023168828298024
0.0030263827153144437
0.00301591843991862
0.003024292891389545
0.0029720011753021336
0.0029770635250261426
0.003013081840488424
0.0029462531273601444
0.002999425868102783
0.0029489861920023942
0.002948867892572656
0.0029554582866627276
0.002964812389871043
0.0029584712060255975
0.0029190314224474163
0.0028679249071462557
0.0029094412351516395
0.0028793289997649635
0.0028880927358477444
0.002909466365041681
0.0029247801728934145
0.002907782828456749
0.0028957235708035743
0.002887080146518212
0.0028729072768662357
0.0028902515210417995
0.002850947426194973
0.002836907020441897
0.0028249767067030206
0.002843521838875773
0.002841771544311689
0.0028346725686568684
0.0028248621031864494
0.0028044508361305125
0.002826885328954694
0.002779074598054372
0.0027624277170542246
0.0027841477622990597
0.002776408649505196
0.002770752340808226
0.0027710244918434258
0.0027498368443821097
0.0027384747608927076
0.002775341238325408
0.002714973523746884
0.0027498371057380015
0.0027296249624918917
0.002722803453574396
0.002744505689963346
0.0027412941135069925
0.002707851247279388
0.0027363692913100726
0.0027048934429510446
0.002685767446184955
0.0027345950367395383
0.002695578033680358
0.0026774879930594178
0.0026814236972602704
0.002673668318052285
0.002630055633825363
0.002668450119460265
0.0026592558946457023
0.0026760386750147285
0.0026576110660377905
0.0026492814017801936
0.0026299007983897633
0.002617475706931545
0.002650571761138476
0.002622887035156152
0.002603799817094752
0.0025825394499046795
0.0025966955052778647
0.0025846586684197433
0.0025656878949487237
0.0025879926927101856
0.002604675326950408
0.002568620951847598
0.002556084976437754
0.0025683789123480214
0.0025575054407215667
0.002559517272217072
0.0025659577527468286
0.0025238527627747713
0.0025670837399844144
0.002531392999540499
0.0025335716982901415
0.00252062595371676
0.0025018903233422173
0.002474053217136884
0.002509384848205998
0.0025246609113946826
0.002488708566731222
0.0024935501137664244
0.0024834797449938143
0.0024759949860334077
0.0024825110378144596
0.0024851513626253734
0.0024573691315881983
0.002449972976452338
0.0024387849432660506
0.0024477724239027974
0.002454764277865623
0.002433621775498427
0.0024703235835405045
0.002431815012396294
0.0024338710362251568
0.002420016172173868
0.0024125141083582726
0.002395193747126991
0.002439821126341678
0.0023838420103291617
0.002406168095299677
0.002397877348878127
0.002387848565955215
0.0023777328308111794
0.002407159212195834
0.0024043526202420346
0.0023678273471720718
0.002349489185201304
0.0023854196265738403
0.0023855297630873294
0.002342151460045834
0.0023492703143439563
0.0023370852506123213
0.0023546771873843683
0.002324141313881203
0.002323615132814619
0.002366429941667811
0.002304799795295648
0.002316818003878418
0.002310948018535485
0.0023311819299862324
0.00230667580071566
0.002297710110493328
0.002300580818365332
0.0022875613519904563
0.0023077746864551356
0.0023192440494536324
0.002263623267379916
0.0022739244684962905
0.002263178416214154
0.0022714697718725927
0.002249190743488699
0.0022754596718640107
0.0022503499284851213
0.0022555124614294475
0.002237713688882856
0.0022389102657586757
0.002204107732610706
0.0022318312210903293
0.002216218729451087
0.0022343239180861655
0.0022250404741860734
0.002216902442315747
0.0022197133393538275
0.0022170872525804873
0.002215178802423977
0.002198609037411467
0.002175237112719827
0.002185492752393409
0.0021749907329970727
0.002165701412750028
0.0021800506880146355
0.002150009059078852
0.0021681327645763503
0.0021760675477095555
0.0021692945695773683
0.0021424100182344838
0.0021424513897516898
0.002134383630966736
0.0021668531946718635
0.00211421826036346
0.0021248972477487874
0.0020894175724808918
0.0021193561084626223
0.0021122609976060025
0.0021068182198965774
0.0020948609709011035
0.00211516672549989
0.0021011415439928676
0.0020931563267885243
0.0020855254077500186
0.002090874317345977
0.0020652617147230196
0.002063821819957161
0.0020646769526295665
0.0020807514959903964
0.0020497011502783754
0.002094075968712798
0.0020381919377245174
0.0020530259598011496
0.002037130283896143
0.0020423678884287306
0.0020379726363950646
0.0020260653047920363
0.0020295950379694452
0.0020177666065805803
0.002020620060973676
0.0020068997570192415
0.002006567643525212
0.001964586684742308
0.00201756942853444
0.0019929407519856204
0.0019918650414901848
0.0020004287998526826
0.001957822529206962
0.001990318636106701
0.00198643893455206
0.0019729412185411667
0.001964446471334946
0.0019505218747363042
0.001975981793401899
0.0019594613112343304
0.0019805009343287633
0.001962228743608963
0.0019443792400393365
0.0019479522772374034
0.0019450115978425322
0.0019368332529165844
0.0019299494159669252
0.0019357952979595005
0.0018983896612380844
0.0019199609457761667
0.0019327252851162433
0.0019027797675192203
0.0018934773039845003
0.0018812596888067002
0.0018892400850498811
0.0019096946484773883
0.0018758593807461157
0.0018924666779673734
0.0018946022271502062
0.0018624191958015342
0.0018984667700776296
0.0018770956970670918
0.0018827688930966617
0.0018549923585040888
0.0018596318171110742
0.0018445129696966608
0.0018385822479879096
0.0018430167785606583
0.0018297029416353117
0.0018420517947200185
0.0018426739356578023
0.0018412715185216074
0.0018332374142725875
0.0018337721119359364
0.0018099114518524656
0.0018217067087687461
0.0018487474754641505
0.0018170365405816926
0.0018086085541550237
0.0017898696188500644
0.0017931624674623443
0.0017922312344180458
0.0017898387488907766
0.0017939910538718438
0.0017907445723162954
0.0017743335097125056
0.0017700000707591098
0.0017585718341241619
0.0017771488824910738
0.0017724961918476282
0.0017752888945426432
0.0017475267191853093
0.0017724583124855548
0.0017493676928641727
0.0017468773546329367
0.0017409180019940095
0.0017392857450241985
0.0017385754388011194
0.0017252909275379466
0.0017155078582963758
0.0017182542962159745
0.001728884057517961
0.001720962397943241
0.0016942513519361112
0.0017110478554210383
0.0017126285287111403
0.0017037076965123205
0.001693279247789125
0.001710028989931889
0.001687985438993792
0.0016989615580823283
0.0016751985370469047
0.0016787638878436937
0.0016836456243119664
0.0016891552605589773
0.0016447667652348175
0.0016792345487295244
0.0016827959097074827
0.0016568461500333107
0.0016444144393380643
0.0016588736081613353
0.0016514363473082569
0.0016636804598670716
0.0016392757593286626
0.0016290210399140773
0.0016206100209028172
0.001645082655797755
0.001622736582299608
0.0016011310853971878
0.0016031526969472567
0.0016377331205611639
0.001590642559728226
0.0015922096274946073
0.0016327838865177072
0.0015955978128736272
0.0015992288998468937
0.0015931639849383937
0.001578160959777911
0.0015842366990736448
0.0015892752816315807
0.0015730779179258649
0.0015763192713074805
0.0015592476359685965
0.0015781176756720276
0.0015583630326663342
0.0015578059011246213
0.0015610706712141209
0.0015577461083457896
0.001561481825747474
0.001560374834135301
0.001550963388925697
0.0015407785605718988
0.0015504475694734514
0.0015107020342111802
0.0015186529510972393
0.0015490406204900717
0.0015065192981181584
0.0015138249362614616
0.0015155121412479828
0.0015142316146975726
0.0015017926684581194
0.0014909582129747647
0.0014948362221534302
0.001490739003710688
0.0014928685716068266
0.0014774389277799162
0.0014837126101463504
0.0014845949812678986
0.0014726416763786497
0.001470764905490593
0.0014683199363971597
0.0014653904283521708
0.0014487055304464517
0.0014636059034049862
0.00147477589464419
0.0014506097182943403
0.0014365157854581596
0.0014432484670792503
0.0014401872706808572
0.0014485218825724885
0.0014358632522797898
0.0014314973474614538
0.001419904798514765
0.001427576851518874
0.0013961147909065084
0.0014156130261555812
0.0014151321377045346
0.0014041227897659007
0.001389019535631141
0.0014106633536374504
0.0013872887121652955
0.0013976428474182577
0.0013905164567251144
0.0013868690711774704
0.0013866844188849352
0.0013717762606934364
0.0013877766834419088
0.0013691805401655657
0.0013650219412284785
0.00135172035904915
0.0013828837899035396
0.001360414937803142
0.0013785086160376238
0.0013661558395196933
0.0013357474307405053
0.0013618583528155403
0.0013545626045395982
0.0013312392049777584
0.0013275481684227688
0.0013297031543577597
0.0013086940764101395
0.0013341849410383828
0.0013120062487705123
0.001316317553972987
0.0013124898630877883
0.0013097655980760599
0.001306963618010535
0.001300724486066068
0.0013131868139343726
0.0012880264070473403
0.001303559911034209
0.0012791915168989415
0.0012766651190568765
0.0012763883042673392
0.0012899746361878452
0.0012727666461752416
0.0012710488296049844
0.0012719705809010147
0.0012655664490026227
0.0012731042251942592
0.0012611400552612938
0.0012444255107075886
0.0012441963833201017
0.0012386118515097053
0.0012345264055615014
0.0012462805740371483
0.0012326423213557959
0.001228762980220302
0.0012393278620089676
0.0012286080867532382
0.0012249705696537865
0.0012246005928609855
0.0012110994438204441
0.0012151510739100157
0.0011913546196509585
0.0011882637089771933
0.0011980222010693278
0.0011889619564267996
0.00119529608546367
0.0012021712074142415
0.0011781553162408412
0.0011827311030300695
0.0011673209258302173
0.0011681988323380922
0.0011727708422705077
0.0011623474296313138
0.0011722930625381657
0.0011677489849906014
0.0011630407727699634
0.0011559857838353601
0.0011607176617026529
0.0011357573144288213
0.0011378673267548284
0.0011482755728830368
0.0011189698816101742
0.001130029091631302
0.0011172610965800556
0.001131192373733973
0.0011409973843025949
0.0011177979731678339
0.0011112882931801613
0.0011216925758030744
0.0010931401236893169
0.001097988807843229
0.0010890805621078118
0.0010969464856588696
0.0010811176345709443
0.0010807405731909294
0.0010910504375637204
0.0010766013788033534
0.0010722682810848758
0.0010782713769810206
0.0010716399408076708
0.0010735170864227552
0.0010520978733270763
0.001059854921574764
0.0010732435975482758
0.0010475949094981701
0.001056330065195008
0.0010330239303848686
0.0010437162872198712
0.0010372269143699416
0.0010231171515369213
0.00103195730727377
0.0010279099704315286
0.0010204297180207967
0.0010140442648644441
0.0010132351865910522
0.0010131150105224848
0.001016375886473306
0.0009991311299348883
0.0010012021805151968
0.000994248194674167
0.0009872262039433044
0.0009981974142623644
0.000987719024040604
0.0009822075567510178
0.0009762422484238649
0.000971227771759284
0.0009774098212466608
0.0009744502574153594
0.0009567131200328891
0.00096107895903553
0.0009557831842449105
0.0009547431070538541
0.0009542303902941292
0.0009326547596905009
0.000939036273797887
0.0009243494093592543
0.0009339344177329841
0.000936414901551063
0.0009241036560741003
0.0009220088968301998
0.0009229435803145614
0.0009000397972230727
0.0009072306293359277
0.000907927137021912
0.0008959368808475429
0.0009009622961256089
0.0009069798152235803
0.0008811687820326023
0.0008771046877206537
0.0008804839988860023
0.0008846618144604385
0.0008722563875818118
0.0008722260474482038
0.0008717098850391609
0.0008562525288764364
0.0008509098892051427
0.0008543584732614897
0.0008465513302318022
0.0008489872098690318
0.0008429491803547084
0.0008417394906313929
0.0008331430730663568
0.0008251290785556326
0.0008168658655064084
0.000807919709065204
0.0008133332008524686
0.0008158149444702941
0.0008050653360025287
0.0008075100052973267
0.0008051614789415805
0.0008020481144037798
0.0007875675442112493
0.0007779401767525317
0.0007805242446070735
0.0007753828932794319
0.0007779877104333457
0.0007748178007042266
0.0007632897250650969
0.0007563942149179075
0.0007464970899031496
0.0007467161489594129
0.0007474208520640384
0.0007503187856579834
0.0007474101067049703
0.000744489683259381
0.000733505294674052
0.0007348059398291723
0.0007219921099416672
0.0007134928038885737
0.0007102093536709766
0.0007094497842981568
0.0007035938451842628
0.0007027212426387131
0.0006930166682854756
0.0006929304579883809
0.0006802288463066699
0.0006873691446706978
0.0006755174100706965
0.0006637756493322032
0.0006709839828519413
0.0006691080241211627
0.0006668031043702218
0.0006541048024776814
0.0006523006803049604
0.0006450470480664711
0.0006419593518224079
0.0006329011197896918
0.0006291169660925049
0.0006279106086074271
0.0006187686408701566
0.0006144555418886739
0.0006016694715489998
0.0006145422222150917
0.0005920225467814056
0.0006028759303928805
0.0005892140782434194
0.0005835954464294321
0.0005894844030329832
0.0005738158884071009
0.0005750629489175925
0.0005643939657916829
0.0005623940347768719
0.0005512682385728664
0.0005530646713754537
0.0005431578632986398
0.0005382033316626948
0.0005358858827171121
0.0005283730129454999
0.0005171286976893768
0.0005148422614614029
0.0005067247883812834
0.0005014219792725932
0.0005024435729211671
0.0004908158009728113
0.00048459188648897124
0.00048668932761271615
0.0004672099430918261
0.0004684254797862412
0.00046555403488961205
0.00045649968842455637
0.0004494472424638512
0.00043922260680124
0.00043653446097555117
0.0004324358702504019
0.0004279886600321925
0.0004148359011311523
0.00041023525949416276
0.0004049307279479616
0.0003965160561707829
0.0003963768996879501
0.0003801926200327076
0.0003772521087070154
0.00036901558496789426
0.0003625147676415532
0.0003551888876630258
0.0003474067997497757
0.000335556815815205
0.0003308403263137769
0.00031884707788116834
0.000311826479070536
0.00030522863068357915
0.00029605888544523615
0.0002859035795495892
0.00027580193193383576
0.0002624081064438061
0.0002542328003008015
0.00024286214480591164
0.00023092623156298857
0.00022145650176446844
0.00020576955789713833
0.00019351843205953092
0.00017885281563113166
0.00015973379398145744
0.00014472934038948555
0.00012564463701856014
0.00010230680832244249
7.262027161105437e-05
3.820199830714189e-17
