1.5437106383518953
1.5420081297650718
1.541671668361059
1.541442956442106
1.5409497527292728
1.5410867767309246
1.541915120587728
1.5415001164943611
1.541507306446342
1.5413719430687132
1.5414836258386655
1.5406119161749716
1.5409714292677763
1.5412250892947101
1.5414636503371484
1.540653734641488
1.5411962485712405
1.5414959221994515
1.540975994770824
1.5418105198594751
1.5411081242181919
1.5407218220924555
1.5409607393630118
1.540742070376808
1.5409791759492268
1.5412564307354932
1.5411542379701484
1.5410951824448893
1.5409439288679214
1.541173025561565
1.5411832283294835
1.5409527111338168
1.5408745801178427
1.541226242603856
1.54080213142181
1.5408315232289744
1.5409437823693704
1.541168102612953
1.540768623644223
1.5414403683073532
1.5408476836656808
1.5409465088491736
1.5409390534235772
1.5411833589687591
1.5410609563119448
1.5408492132603233
1.5411702591984395
1.5413275205581987
1.540958367553196
1.5413645410255308
1.5412749175311673
1.5410325431040681
1.5409442458528664
1.541079468644676
1.5405858741216591
1.5407244896993288
1.5409410248046838
1.5411154985209268
1.5414496944967733
1.5407932159594104
1.5410139606136966
1.5411238051516474
1.5410440050646674
1.5409600417604308
1.540941127783843
1.541117405859523
1.5410369087633968
1.541176705028076
1.5410333272577474
1.5410124607705527
1.540963802532986
1.5408669279028544
1.5409577725001837
1.540965549896184
1.541326458128516
1.5412812563179203
1.5411959243191984
1.540939133995126
1.540941430569457
1.5409574930394163
1.5413652066047567
1.540966482143111
1.540913353616983
1.5409135341747238
1.5409367012387363
1.5409207581800597
1.5410375072926175
1.5409066054785534
1.5410322182146499
1.5410134758848655
1.5407728591060676
1.5410298243094138
1.54084196356529
1.5409179816525007
1.5410126745691142
1.541178378835438
1.5411397811136052
1.541101715326956
1.5409938607863847
1.5409961062968793
1.541015779590706
1.540848230228812
1.5412195435445806
1.5409075164203234
1.5412439961587876
1.540864869479222
1.5412531111497894
1.5410310519623118
1.5407104740939515
1.5410078584331734
1.5411635263945807
1.5410165444232922
1.5413102981027382
1.5410863253925304
1.5411769625621163
1.541041444966455
1.5410710157596579
1.5410752300998247
1.5412677464772957
1.541156892593522
1.5409803015537138
1.5410993731240972
1.5409577893549395
1.5410087170356646
1.5408399755447462
1.541025650239023
1.5409163176518719
1.5410603626405064
1.5410157826315614
1.541082818961962
1.5410481555917874
1.5411811250662097
1.5411677000241994
1.5410732102056401
1.540854972519139
1.5410966892895401
1.5410943319430082
1.5409799386148708
1.5410982252085437
1.5411080563990087
1.541134224674321
1.5408339362120436
1.5410353979875728
1.5408430945791454
1.5410613295960092
1.5409287901212902
1.5410708692510608
1.541043977627799
1.5410200537418304
1.540871200146595
1.5409741989063948
1.5412690425698126
1.541275199069457
1.541159417486008
1.5410738477719226
1.541058061109908
1.5409252234316608
1.54092425579129
1.5410507564727405
1.5409269956053127
1.541025838920425
1.541103270555263
1.5411097923604054
1.5411805871347017
1.5411385787789436
1.5411565028680216
1.5410868690150703
1.5409860042802812
1.5411138802753432
1.5409344074517988
1.5411772016405811
1.5409510531988182
1.5409829343284611
1.5411115908370001
1.5410523581394011
1.541299089237073
1.5411826109502935
1.5410234600887025
1.541000340696915
1.5409443911795904
1.5410549825766462
1.5409874890773825
1.541071715052872
1.5410249565904108
1.5409079588351604
1.5409548925951426
1.5410783336624287
1.5410056523171072
1.5412050959792476
1.54091372303738
1.5409753503942634
1.541065319449138
1.5408455973068653
1.5410598120023797
1.541018375987038
1.5410710107541903
1.5410198030077489
1.5409227606312619
1.5410035812678906
1.5411671190521101
1.5408313135840894
1.5409903313447735
1.5411559721407797
1.5410924091789218
1.5410249075933742
1.5409788069957295
1.541214204052486
1.5409185647859438
1.5408883280548744
1.5410587218962828
1.5410478320322714
1.5409929309157788
1.5411309508505133
1.5410729917659145
1.541100324925828
1.5411160035973681
1.541056143587827
1.5409011159000172
1.5411444364978029
1.5411542951910258
1.5409739540442071
1.5410626674311756
1.540931872697175
1.5410161173107733
1.541055476895497
1.54105397137703
1.5409818960424757
1.5410486244585864
1.5409326247430435
1.5409213264429134
1.5408429942333155
1.5410757125864487
1.5409504558866882
1.5410223185391725
1.5410092224708507
1.5410328731930978
1.5410070932152728
1.541014818162497
1.541077647595217
1.5410729679215849
1.5409771861744372
1.5410866838275554
1.5409352955428828
1.541119576946313
1.5410422581223366
1.541046789111862
1.5410447293694953
1.5410497757723092
1.5411131012525419
1.5411416245564036
1.5410711270394057
1.5410936381061842
1.5410022907669922
1.5410319949381235
1.5410211545841401
1.541026226225418
1.5411186076455123
1.541040337949621
1.5411355209975635
1.5411384734389248
1.5411403875842271
1.540974881539305
1.5409363662274373
1.5409778350844294
1.5410041454464845
1.5409778564289114
1.5411500360809682
1.5410618850691358
1.540985963552691
1.540991319217958
1.5409314448600409
1.5409338314393044
1.5411360522579334
1.540917757377848
1.5411558647659362
1.5409172962001587
1.5409335359292873
1.5411308585010872
1.5409857331538068
1.5408618237676917
1.5410403720133767
1.540952442811194
1.5411402385884445
1.540939343714146
1.5410480641983817
1.5412771198497306
1.5408656084205061
1.5410087806837822
1.5411956448505815
1.5410791087858633
1.541003716736117
1.541097712392073
1.5409770214276144
1.5409884465249284
1.5410652717157882
1.5409985240366049
1.5410312346070045
1.5410121754468482
1.5410321545935164
1.541026782320839
1.5410572915715361
1.5410757965289532
1.5411670647616293
1.541004782042628
1.541143382828529
1.541057328681506
1.54108439921428
1.541096178231911
1.5410726210285177
1.5410964604998187
1.5409220816309734
1.5409681829522266
1.5409524902968736
1.541016277264686
1.5410507554147301
1.5410884562069782
1.5410437008285565
1.5410234535864071
1.5409250346393282
1.5410888195886032
1.5411109043671491
1.5410214997787446
1.540942560170638
1.54106836619515
1.5410371656265194
1.541020972420604
1.5410051499876305
1.5411526864775598
1.5409946246811859
1.5410823676791303
1.5411037266347893
1.5410236994465347
1.5410169243068146
1.5410498066065703
1.5410532490203517
1.5411095523485612
1.5411110539307304
1.5410454256307855
1.5411310391626698
1.5409922285410262
1.5410123224205505
1.541086008002831
1.541127728131627
1.5410300256452405
1.5411054280425722
1.5411154474966744
1.5410509032601094
1.541116665616281
1.5410770717249547
1.5409975385831967
1.5410333734295
1.5410384888090305
1.5410407492312403
1.541056095656243
1.5411257556572286
1.5410400467044645
1.541074982217116
1.5410136408090875
1.54100292646803
1.5410173564396945
1.541025473139283
1.5410982577835908
1.5409407178793975
1.5410202043236
1.5410135170461865
1.5410304038523177
1.5411332532023783
1.5409619803875603
1.5410309299671177
1.5410076550939569
1.5409877195814123
1.5410175352189206
1.5410531442306528
1.5409820922267585
1.5410033193819985
1.5409406724132886
1.54103932572703
1.5410916150954854
1.5410149127121668
1.540926119300946
1.5411026236230023
1.5410690123479243
1.5410647787221046
1.5411034671681387
1.5410392336279388
1.5410561131423144
1.5409875706298664
1.5410275069361878
1.5409809238428631
1.541041177816444
1.541077441892306
1.540978365635958
1.5410992003045136
1.5409372174915787
1.5409934647138146
1.5410089841546215
1.541071556734984
1.5411394601323845
1.5409928024339878
1.5410255293355255
1.5411214002650981
1.540987398212818
1.5410235680803108
1.5410234919365262
1.54108630110362
1.5410300975004223
1.5410871852208623
1.5410073970671558
1.5410442233140265
1.541048878084987
1.5409981406785582
1.5410127603756232
1.5409842584744722
1.5410648868767116
1.541011005470801
1.5410573136982992
1.5410853406275042
1.5410672956404479
1.541005043529956
1.5410960296520906
1.540947174265565
1.5410121278171667
1.541028573014969
1.5409819187864304
1.5410515303801062
1.54106698589988
1.5410807002844056
1.5411298969706466
1.540996756613866
1.5409837892468887
1.5410177569417296
1.5409748780447232
1.5410890048933246
1.540963785662848
1.5410326376729104
1.5410332003704488
1.5410549304684322
1.5410136727206867
1.5410632260480739
1.541013045228116
1.541037525777585
1.541052969866963
1.541078597748465
1.541121923391519
1.5409922159025762
1.5410036445284112
1.541078139704686
1.5410674902109798
1.5410340415779564
1.541020674424533
1.5410178759239612
1.5411038770671945
1.5410579326797964
1.5411039900625514
1.5410700662657895
1.5410200528753666
1.5409873008610562
1.5410198841135438
1.5409611423947842
1.5411097128030997
1.5410711756469972
1.5410511001910443
1.5409857560065772
1.540972586375195
1.5410683068908146
1.5409681570308822
1.541092557789705
1.5410062949117567
1.5410159288723975
1.5410487149611771
1.5410822198337988
1.5410792810134104
1.541067057545549
1.5410373393813948
1.540960241600912
1.541074518136177
1.5410468441426395
1.5410877161229717
1.5410425325109793
1.5410378774412918
1.5409724454870444
1.541042285527123
1.5410452036105005
1.5411671055201133
1.5409310777307643
1.541016705760422
1.5410749777191193
1.540969572062062
1.5410630688573164
1.541055457536358
1.5411000562041073
1.5410107199570036
1.5410653702259616
1.541045539966297
1.5411004180065024
1.5410643742349883
1.5409768568419866
1.541034534312693
1.5410695197994788
1.5410317712581483
1.5410143090249542
1.5410528231335214
1.5410966581030294
1.5410314365763702
1.541075339106051
1.541145094126999
1.5410329245253716
1.5410262550679537
1.5411022795838198
1.5410682505565387
1.5410246704246955
1.5410611350606562
1.541044839615118
1.5410551708250364
1.5410501236586054
1.540971946773554
1.541029626569757
1.5409791652423264
1.5410241382516798
1.5409859451014007
1.5410711424220185
1.5410750244053926
1.5411024670212297
1.541005460210027
1.5410668940734127
1.5409854679832786
1.5410564744357942
1.5410626214671515
1.540973624584467
1.541034270742948
1.5410309989033317
1.5409883369732882
1.5410548691059707
1.541004007695193
1.5409845058926883
1.540970798971617
1.5410663673114566
1.5409811371890703
1.5410004418978385
1.5410510036567828
1.541018984440217
1.5411045270925148
1.5410320835995421
1.5410395247779307
1.5410524811820014
1.5410510101840593
1.5410611523732571
1.5409862674217536
1.5410420371504916
1.541018113412905
1.5409902627136776
1.5409681301404456
1.540967676710567
1.541060228700292
1.5410101949673347
1.5409883182563904
1.5410427704799
1.541014215027772
1.5410387541434463
1.5409699550405849
1.541039288862039
1.541020619426635
1.5411087534005448
1.5411295999464887
1.5411046724567752
1.5410323448458074
1.5410284612184484
1.5410797913288579
1.541049223139133
1.541001867222838
1.541034042045526
1.5410552434086016
1.5410388827798116
1.5410192949888923
1.5409797342725744
1.541096058757689
1.541011520339623
1.541010631934555
1.5409772571146607
1.541045182611005
1.5409978527976687
1.5410402837538257
1.5410245765011419
1.541074116360294
1.5410168601036087
1.540952589962733
1.541056557381164
1.541039414738171
1.5410191843226255
1.541007108449085
1.5410966099969299
1.5410636385101324
1.5410147256229845
1.5409600873438143
1.5410022314339498
1.5410274348368043
1.5410670214291384
1.541011968667035
1.541035305761909
1.5410728967324114
1.5410593389219354
1.5410252166672676
1.5410127777277924
1.5410376748692143
1.5409820677419497
1.5409995423373013
1.5410910941846843
1.5410527155177651
1.5409459775768497
1.541029145290505
1.541045632711698
1.5410397302510597
1.5409658393916617
1.540989590318887
1.5410269944719073
1.541006401195152
1.5411017748699674
1.5410581700914678
1.541005571885786
1.5410385361766932
1.5409731963353726
1.5410714030561317
1.5410262962660695
1.5410410552519793
1.5410110313309016
1.5410375088973927
1.540974087841266
1.5410154909540887
1.5410974169295517
1.541044813096335
1.5409858958459635
1.540991317452912
1.5410855693523866
1.5410496099998883
1.5410635240173651
1.5410961246699117
1.541060320198628
1.5410551314798469
1.5410633978598642
1.541018957492787
1.5409906236705566
1.5410190694679247
1.5410528847262572
1.541028526660573
1.5410093746554911
1.5410501190298729
1.5410185239155167
1.5410684825965486
1.5410448582301008
1.541078557079533
1.5410573118161377
1.5409720801909494
1.5410741087979607
1.5410425174312343
1.5410331672057294
1.5410336138805523
1.541023817453136
1.5410203476501538
1.5410497338193234
1.5410020775165383
1.5410555876902006
1.5409852623719673
1.5410719378409985
1.5410294962170858
1.5410508241863874
1.540954213182182
1.5410203403636888
1.5410457593246545
1.541021969456987
1.5410668086582013
1.5410286919133194
1.5410311040713398
1.5410208535702061
1.541061594940522
1.5409736313864637
1.5409963447198298
1.5410747392259807
1.541038471828495
1.5410649900511577
1.541035088118167
1.5410544993488569
1.5410090883878158
1.5410207454758835
1.5410712442295884
1.5410319227335805
1.541066728183529
1.5410321451780598
1.5410391447661462
1.5410921522981895
1.5410191530938697
1.5410479398853163
1.541107232326651
1.5410751170236454
1.541013291261808
1.5410427237525972
1.5410567318425417
1.541079175881842
1.5410439924925496
1.541006075136933
1.5409993994581643
1.5409990775824034
1.5410241110725038
1.5410344637352045
1.5410690338895447
1.5410357435588828
1.541054796027017
1.5410231236415903
1.541028649408806
1.541089361820871
1.5410218665903388
1.5410748005643613
1.5410811752773006
1.5410534223218462
1.5410505519182585
1.5410050091662069
1.5410718803007708
1.5410278212958386
1.5410274377772604
1.5410272055401697
1.5410417620526629
1.5410430808957507
1.5410576229155368
1.5410439083952057
1.5409994932300186
1.5410369655433687
1.5410748741597338
1.5410463955251994
1.5410775172522642
1.5410051362447412
1.5410457152895576
1.5410777334559733
1.5410135526892614
1.541044836082638
1.5410816922991117
1.5410282957673547
1.5410238623109251
1.5410241618813798
1.5410512580474978
1.54104384862491
1.5409865516885208
1.5410380284831076
1.5410523198639905
1.541042549608423
1.5410246862067578
1.541060337534135
1.5410035323050062
1.5410502423668577
1.5410083124684597
1.5410504190279208
1.5410450300135203
1.5410335485385604
1.5410231450727039
1.5410544614496944
1.5410081867473655
1.541003946965371
1.5410463692563483
1.5410422878609762
1.5410044471005948
1.5410753185811892
1.5410741929046563
1.5410444602227005
1.5410234372290825
1.541080933640696
1.5410339610417882
1.5410381345524609
1.5410005274876832
1.5410375890342989
1.5410494456622985
1.5410889239913093
1.541002554567282
1.5410402146213171
1.5410162462354025
1.5410614471479311
1.5410347102527004
1.5410146920115437
1.5410414548781206
1.5410300394776033
1.541056029089136
1.5410132666417469
1.5410400427093796
1.541020630560264
1.5410199467656538
1.5410622305133561
1.5410272281097923
1.5410452474096588
1.541062081660975
1.5410515104474283
1.5410547055960848
1.5410392262366541
1.5410428245641494
1.5409888295943588
1.5410681137623818
1.5410523912434642
1.5410173493565569
1.541018946333418
1.541038982577257
1.540980481482082
1.541060573520945
1.5410685743185295
1.541060930068517
1.541043251157921
1.5410131887710323
1.5410073834146827
1.5410372610931244
1.5410375984752693
1.5410611788057773
1.5410213837771973
1.5410342343349452
1.5410200713039008
1.541042023915061
1.5410188194355805
1.541063725131691
1.5410459807971708
1.5410725134533316
1.5410460909591812
1.5410441543322015
1.5410603439869306
1.541055825438577
1.5410423832606104
1.541034482760913
1.5410522551926689
1.5410156958711236
1.541050843934003
1.5410108247620595
1.5410245783230438
1.5410531984335532
1.5410245877049
1.5410326751162555
1.5410350541955824
1.5410385367599788
1.5410432963547356
1.5410565743707358
1.5410498718092163
1.5410162761021435
1.5410245569863412
1.5410114486472732
1.5410607731302872
1.5410333118990107
1.5410537155986075
1.541025571729629
1.5410654440597102
1.541031794495739
1.5410276840595456
1.541020861980669
1.5410227504842153
1.5410387921720157
1.5410314237831544
1.5410138086720913
1.541015017245986
1.5410484598178595
1.5410587120210986
1.5410633488999124
1.5410173498524615
1.5410241699342921
1.541045935403501
1.541009784860064
1.541059671246789
1.5410180191616434
1.5410363622322578
1.541044020229903
1.5410216338335478
1.5410256451611397
1.5410464734929044
1.541052222795746
1.5410603532716876
1.5410320646419848
1.5410276058760783
1.541006677357871
1.5410441457828115
1.5410413483655183
1.5410153827828434
1.5410382273246273
1.5410298993605422
1.5410213036526368
1.5410396083825955
1.5410355489892993
1.5410575386288212
1.5410472191117317
1.5410309771602388
1.5410468868760823
1.5410505729986308
1.5410564587397628
1.5410185925239641
1.5410786167896546
1.541058274418955
1.5410230850512308
1.5410356939927081
1.5410378587573632
1.5410244775028699
1.5410605955751762
1.5410314370207256
1.541053380430955
1.5410723261267274
1.5410207886129113
1.5410381916098137
1.541065645447755
1.5410438111741394
1.541047910997043
1.541045239968465
1.541043603335023
1.5410423786407446
1.5410253006302594
1.5410432489072392
1.5410455455851997
1.5410622804168674
1.5410344828895273
1.541040564033774
1.5410551679318578
1.5410379821881153
1.541032654113688
1.5410436605997033
1.5410407839084865
1.5410191874999086
1.5410422202925165
1.5410439021386508
1.5410367339776794
1.5410398088246595
1.5410312402463282
1.5410280920890238
1.5410452806001353
1.5410521868727218
1.5410442430052829
1.541048755821838
1.5410350995529911
1.5410524315474408
1.541014124048535
1.5410425268389047
1.5410497554879734
1.541032068041329
1.5410429621702
1.5410356904786715
1.5410429798056144
1.5410468071249193
1.5410367907225464
1.5410283943498133
1.54102668633191
1.541031643849883
1.5410501139771546
1.5410568816704426
1.5410565308581705
1.541044798523768
1.5410395440715212
1.5410303202762952
1.5410186038991807
1.541030294305872
1.5410438805583448
1.5410537206698691
1.5410227474225655
1.5410232717924977
1.541044712972609
1.54104562430545
1.5410263411016571
1.541033802916063
1.5410562890171169
1.541030552645543
1.5410257257462094
1.5410439673378298
1.5410295398316043
1.5410346804227333
1.541033546380914
1.5410270723639121
1.5410336154339146
1.541047109551047
1.541033228033398
1.5410437444840412
1.5410402706653694
1.5410394020835039
1.5410469408020733
1.541027294476889
1.5410452095149985
1.54103709823998
1.5410203336702202
1.5410318026613412
1.5410369779567228
1.5410295544117787
1.5410299350544887
1.5410334416615195
1.5410344373997038
1.5410299436979664
1.5410466548504147
1.5410293666731028
1.5410359912911218
1.5410313958338526
1.5410324920670084
1.541022246675036
1.5410396577657794
1.5410402595112236
1.5410420403754637
1.5410377665057386
1.5410370712053347
1.5410345154945697
1.5410404839873741
1.541035842161831
1.541039247294794
1.5410394653242463
1.5410359726268528
1.541039384040378
1.5410373029690119
1.5410394622596881
1.541036610108794
