0.09330654160067771
0.06541840323185202
0.05402230604060837
0.046117936505353715
0.0416698009841997
0.038573674443950684
0.03522403534303743
0.0327531291517443
0.030556648153078222
0.02968837335541981
0.027734563128472684
0.027037810741293297
0.025745575759339046
0.024974409361278472
0.02419438622205131
0.023430537306897016
0.022418193646607243
0.02182517202494192
0.02125552476911593
0.02049097220401881
0.020197652970077425
0.019602066764677434
0.01937970617365033
0.018844809095081422
0.018470101560084176
0.01806076103477485
0.017664989055936987
0.017303690753768666
0.017085294258566395
0.016786604059079033
0.016504813717767748
0.01623010416222315
0.01596729080353842
0.01590774467943089
0.01549954162006917
0.015235390179549018
0.015121370024744498
0.014779002933599428
0.014580453176825176
0.014449930592290317
0.014355512241014145
0.014132741776247354
0.014060350352997547
0.013624009513282622
0.013547902939565286
0.013494751450861087
0.013346679053264787
0.013257093023462133
0.01304167991554306
0.012946323171865386
0.012678741673975058
0.012720730484147676
0.012476932348152009
0.01252666675632511
0.012212838356346253
0.012108397402462561
0.01202892905519399
0.011747806939250942
0.011750513506192424
0.01175705876175719
0.011514412876001632
0.011476998921995213
0.011273935725882603
0.011436646609310496
0.011228005696493033
0.010997616817816145
0.01106634046101042
0.01097509488565965
0.01077571163101369
0.010635155394045222
0.010780129162726089
0.010482219808311558
0.010540555171348618
0.01023830578546231
0.01043077433198462
0.010176147144133127
0.010168486895559211
0.010174750091885423
0.010098087870959595
0.010039749799719565
0.009863469537016353
0.009717153474121843
0.009670745414359567
0.009781891282958385
0.009677710384754453
0.009592999110309784
0.009458820330098266
0.00941896817515752
0.009503132798371502
0.009327111496797507
0.009422653206173791
0.009376532058229737
0.009119979546146151
0.009123128580527133
0.009082680115375634
0.00904055125747647
0.008952811970209543
0.009054830383771452
0.008962074756823262
0.008897958309490332
0.0088175165874373
0.008765050517848663
0.008704775188918316
0.008718908498125526
0.008501069910662226
0.008645421536457759
0.008563730486973228
0.008470567738347479
0.008435064614941515
0.008492606738801256
0.00840893943655982
0.008292452783386152
0.008182504019278614
0.008283728301977784
0.00811700655889434
0.008078288902987842
0.008155973679832567
0.008026201515030055
0.008048837360100635
0.007963683803051689
0.007965649531783654
0.007944060184848044
0.007753267087514817
0.007813382401124057
0.007781814235534236
0.007656233268527973
0.007734746078482305
0.007662457186284864
0.007703423223684539
0.007558575813414025
0.007608233831341626
0.007604783794370594
0.00745396415278431
0.0075624311335944034
0.00748473945938093
0.007577813543344793
0.0073982998917166455
0.007240388177091966
0.00735357571309525
0.007386719819116766
0.007293852627327352
0.007232635603974395
0.007196273081225894
0.00714835091046296
0.007200648610421265
0.007140376424456739
0.007129289435845851
0.007011534016133339
0.007087627916748594
0.007011883952219866
0.006944388566843461
0.007060365774725852
0.00696633734451802
0.0069474007892805605
0.0068605592823324
0.006881196741677111
0.006897641811538636
0.006817531799484417
0.006817165613508443
0.006728153227346541
0.006789821059017051
0.00669300437163402
0.0067132671782415415
0.006721447814367242
0.006696523321245258
0.006568728076214464
0.006521251413791563
0.006486903475994803
0.0065672003663496585
0.006491270292167488
0.006460533315989294
0.006421758728121842
0.006421414484547181
0.00642491906619422
0.006383371599075549
0.006335693760554496
0.006385813149655992
0.006351471070118147
0.006308235301547667
0.006254207756816706
0.006277763510712946
0.006246706289344022
0.00624499051982028
0.006335379084658666
0.006186936583389254
0.006179010519161008
0.006110059324270227
0.006153133713155353
0.006211862045817674
0.006035723235896924
0.006045990655762265
0.006061341990464775
0.006010553900008078
0.006075082506784893
0.005984366916199584
0.005950953044582804
0.005919106776130608
0.005899687930164329
0.005956239777581284
0.005854550635980422
0.005854354547220684
0.005864679202827387
0.005811314633364335
0.005871540151010376
0.005852336614280064
0.005791342829259132
0.005755446626897964
0.0057334652366696605
0.005796375250477412
0.005737849308539187
0.005756589413434926
0.005673373370606951
0.005699937291987647
0.005673435446424601
0.005541431683786173
0.00559832476374528
0.005572397310340936
0.005531788153069082
0.005581272458825601
0.00558982588483385
0.005589017754870154
0.005494386594883263
0.005590828627109463
0.0055025652482440955
0.0054444239892656125
0.005436158423301399
0.005433697755606961
0.005399969552660627
0.0053917064993019735
0.005437788921994302
0.005352504765559189
0.005301578852770959
0.0054270429453147735
0.005366438050382335
0.0053518423988639305
0.005270833411560313
0.005298313625814758
0.00523601473852668
0.005302608198292881
0.005187815358239539
0.005299664255350574
0.005198711264840189
0.005280380526535467
0.0052828672426551895
0.005160720104066756
0.005138716754980787
0.00517429016938324
0.005034143710239121
0.0051430654255002
0.005067168612019146
0.005079822730105103
0.005118613533655764
0.0050509332881505786
0.0051067239743441606
0.005079941659942128
0.005001035364019761
0.00497116102839268
0.005033575955181479
0.004973915126513897
0.004987322240410391
0.004953278685599204
0.004935407283294304
0.0049203309113414265
0.0049197606635359645
0.004937237931395469
0.004868897335040735
0.004912076062667953
0.004866095669330347
0.004842458935372413
0.004852993255147661
0.004827931002381647
0.004751630642499817
0.004834322876694715
0.004782260177858914
0.004758133834289789
0.004766214392950369
0.004749369050224516
0.004781137267528894
0.004727586320594752
0.004622082745417892
0.004701756769333011
0.004749727657541107
0.004672142920079805
0.004688452871259644
0.004673236428118447
0.004672253188196015
0.004653189324740633
0.004597739266780602
0.0046054318532921185
0.004550674457397449
0.004618668622485883
0.004604412504002399
0.004611438778874034
0.004593190212243995
0.00451639010671224
0.0045734803248005645
0.004539981897173007
0.004523913391000253
0.004517339681039453
0.004519111729628838
0.004466282181647292
0.0044593972665482135
0.004503912748365845
0.0044331153851584985
0.004435090723475916
0.004455104363315393
0.0044441539790205705
0.004402170036894514
0.004388875702745574
0.004380450973821427
0.004401166882154915
0.004412247916202007
0.00438356067257137
0.0043671975722696325
0.0043313732373521305
0.004388954949144956
0.004347538527600339
0.0043550135638219965
0.004300674070844514
0.004291587944705241
0.004253049279458738
0.004313862283054811
0.00426443951430735
0.0042467092067710755
0.004226355472460137
0.004215585933786585
0.004255896282903483
0.004182583170033632
0.004245929328978629
0.004170976868601081
0.0042160804221531905
0.004209023417238888
0.004188144218375312
0.004164558551777037
0.004174275877572545
0.004198669057579841
0.004165811015754331
0.004129582778716233
0.004078097703744364
0.0041013104063367094
0.004084475303631915
0.004076105669256938
0.004027484399840611
0.0040872282681904595
0.004055834825239455
0.004032819080670756
0.004090706538093338
0.00407888215381328
0.004074418357489751
0.003949319551594812
0.004001349826998348
0.004022724286164175
0.00402605236669991
0.004009547566520527
0.003991931194266037
0.003970692037806089
0.003978617405629702
0.003971630110171124
0.0039048626695285067
0.003957139524735795
0.0039073712752076975
0.0039589667129554355
0.0039028379068261564
0.0038729197661968875
0.0038463016545016424
0.003855985710645111
0.003918283003765511
0.0038613811044457516
0.0038358691845007116
0.0038089213015349735
0.003910529214143669
0.0038850793514378762
0.003829190103559589
0.003785995747666824
0.003780010485965348
0.003751335819657899
0.0037954720029523665
0.0037767348018542288
0.0038344787005875447
0.0037659854510021062
0.0037698824176594934
0.0037596894016521856
0.003698399468917513
0.003755877605380392
0.0037376248890132534
0.0037535750589233613
0.0036652080081007715
0.0037029231964176455
0.003691139609523891
0.0036347541358729835
0.003689061718517852
0.0036566888462597528
0.0036864707240804344
0.0037188800841832063
0.0036466421182365077
0.0036227000689827414
0.0036435303242656424
0.003620127613979044
0.0036292165114836417
0.0036159692728179134
0.0036207835802825016
0.003601193198045251
0.003578030231917433
0.0035633376692425635
0.0035890257897261356
0.003577678924951451
0.0035314362458388425
0.0035491005898512858
0.0035725761538298695
0.003545954236521307
0.003546140357440379
0.0034976333053604405
0.003469097191090208
0.0034909591896472255
0.0034481746729441076
0.003473990455856033
0.0035128356096790136
0.0034901741765685865
0.003496838677457526
0.0035006784413343524
0.0034793493704167104
0.0034474310658149884
0.0034393462160585584
0.003458625402556248
0.003431024060514322
0.0034193752761085125
0.003419714201421395
0.003476686183457694
0.0033862285888513217
0.0033887207965778245
0.003403133103302363
0.003396357680573635
0.0033551699142230396
0.0033576085153301798
0.0033432268578601257
0.0033223924170110827
0.003333765093202671
0.003361738100231181
0.003327738229364789
0.003330835820147613
0.0033174496042979586
0.0032796927641880152
0.0033182590792865205
0.0033139387788090834
0.0032868393615487377
0.003241225824791233
0.0032802179032109602
0.0033134751434539533
0.003277448837992912
0.0032774230720459116
0.0032496248149066105
0.0032605290715811515
0.0032443330807526228
0.003251810119349782
0.0031942786487351113
0.003231813176266665
0.00321697643037075
0.00321222502408314
0.0031993104881575256
0.003220549624608275
0.0032231565546785882
0.0031928381540362004
0.0031540066745337843
0.0032093395948616216
0.003175549111140978
0.0031468982158128263
0.003133475325651857
0.0031531891017205016
0.0031585715798393282
0.0031257829612251864
0.0031269527923035913
0.003140958057915348
0.003095810155892634
0.0030969599339754988
0.0030933489301626835
0.003096892945787332
0.003105567641613929
0.0030716367752619176
0.003074731365030097
0.003077842088187112
0.003092252230277801
0.0031063074691540194
0.003040894804977342
0.0030544927983958466
0.0030489406375425487
0.0030175092161147184
0.003058687277913187
0.0030497512616257747
0.003001957763631875
0.0030374393696971894
0.0030035584690324673
0.0029594477563185282
0.002946041259788195
0.0029952062769810993
0.002970165385087234
0.0029977632246014213
0.002964837267777577
0.0029813880421924984
0.0029546779527506537
0.002926223256610218
0.0029203645212031804
0.0029165694984149386
0.002935451722010681
0.00291602315169666
0.002933959752426002
0.0029566211491874102
0.002901359627163216
0.0029167853580153265
0.002901732570636438
0.002921591750809449
0.002864124558557014
0.002879292061053409
0.002850792552839148
0.0028303829352244463
0.0028777929481746947
0.002859955456264096
0.0028214481261172853
0.0028584246318946616
0.0028431761683531394
0.0028334140185131786
0.0028503109951791674
0.0028140383200558647
0.0028208816818303933
0.0028477547251767967
0.002805238883483573
0.0028025070195483166
0.0028081970268160252
0.002781025039066703
0.0028111995993000765
0.002779147719594059
0.00277669380973023
0.0027562634822963345
0.0027749252225525377
0.0027320365645312782
0.0027748657706142058
0.002737596785144998
0.0027290618345572615
0.00276104109433167
0.0027247313046073977
0.002706510451899515
0.0027073477957116066
0.0027179895214785384
0.0027224587797515997
0.00269485012549518
0.0027085806226088255
0.0026742912259933673
0.0027092434377606073
0.0026746090467637818
0.0026937958757296144
0.002650289044907869
0.0026769688718606276
0.0026820465251306443
0.0026311203648959865
0.0026625126243894465
0.002620140409439988
0.0026469631930554974
0.0025904130411285786
0.002667104040687898
0.002603179303665649
0.0026131197153879244
0.0026112097354762487
0.002622980413447675
0.002612448871082833
0.0025885072846031773
0.002583563551100193
0.002558171342547089
0.0025836021680038313
0.0025890758223182475
0.002560393928811955
0.0025602751281529174
0.0025392738516417743
0.0025894391960562804
0.0025328734263529696
0.0025574432865225856
0.002533048032992474
0.0025522334258198873
0.0025275492687040946
0.002535653027580405
0.0024969835070081537
0.002537087700112055
0.00250636742096007
0.002512012555759301
0.0025083913994653415
0.002441832767044942
0.0025125786463940734
0.0024583923785731444
0.002467939728150178
0.0024773331820239558
0.0024795245157191847
0.002461049206919281
0.0024684365503617285
0.002458627851695056
0.0024330806037197016
0.0024498055693468676
0.002431916754077571
0.0024112537834039107
0.002423020150162568
0.0024222629129275115
0.0023774174428843236
0.002372585251552473
0.0023855232319840293
0.002401087208777747
0.0023733930046694464
0.002408924068255748
0.0023619769896633938
0.0023962107219055234
0.0023850005234967294
0.0023795938264351783
0.002380995058268576
0.0023774779584837943
0.0023604702214469427
0.002357023836974077
0.002329564102466935
0.002353594371606332
0.002311502750763329
0.002338644424904956
0.0023018079299763307
0.0023178296782658983
0.0023338474485810625
0.0023255705976837106
0.002307844420597518
0.0022821524879897657
0.002284237951957842
0.002280271313516275
0.0022800452738860784
0.0022939877838432637
0.0022630968592483418
0.0022787293476548348
0.0022651598773833024
0.002257870493868818
0.0022309186414178413
0.002224633162230409
0.0022298908370639477
0.0022299453236134855
0.0022371600155823893
0.0022366868753426732
0.002201831793835686
0.002213538625822766
0.00222135789874241
0.0022141213659918075
0.002198202458236218
0.0022112843556631743
0.0021924305375664657
0.002183941926074932
0.0021856902745369276
0.0022049782079470565
0.0021821136185510843
0.0021961160679004168
0.0021572751924667905
0.002172527000748076
0.0021429523533705707
0.002205285410113195
0.002140582618163893
0.0021424414017147315
0.002120848387837326
0.0021606074033831964
0.0021169388619924614
0.0021267367022013094
0.002138402597027817
0.0021414283960230376
0.002078386882669044
0.002119273355256046
0.0021444253556148454
0.0020997219099776697
0.0020604896101806885
0.0021047344617174378
0.0020791320961185966
0.002074388428180072
0.002047747728099442
0.0020668080597657334
0.002072054618087338
0.002056034904659636
0.0020674071737091897
0.002055332608602415
0.002069962807010801
0.0020125418264162077
0.0020547488573434015
0.0020460577473540706
0.002004623674097907
0.0020639432376390195
0.002013008902708464
0.0020127410558663447
0.001999227285606832
0.002005718244465335
0.0020150877155343336
0.001956242294741796
0.0019976307187005112
0.001996061026357803
0.0019959250566343486
0.0019644515359426742
0.00198496063067988
0.0020001998517857307
0.0019484426721527478
0.0019451980001413609
0.0019617148188438103
0.0019568547431364786
0.0019378502941173276
0.0019447588036167888
0.0019490217924390378
0.0019198860813660974
0.0019373951664896157
0.001945193644383654
0.0019208711238325898
0.001888737350599565
0.0019152766533990216
0.0019093711174522513
0.0018919791764514457
0.0019050788731528306
0.0018909784562534454
0.0018673107417412087
0.0018872473784384697
0.0018717308277650395
0.0019120926270544344
0.0018975275276066073
0.0018665344814372093
0.001859948562134865
0.00184707885787361
0.0018589735640144052
0.001840873958392883
0.001814393474856288
0.0018547750095551157
0.0018090414746607237
0.001836493695818945
0.0018205734306065713
0.0018098167842518172
0.0018130338188942403
0.0017855958304505192
0.0018058150257242126
0.0018160181419111935
0.001798001089333165
0.0017963693041594822
0.001790866474964571
0.0017690276849840465
0.0017648023299067749
0.0017552576129066788
0.0017684495600229237
0.001739655490410332
0.0017664045603681343
0.0017383634442063864
0.0017501033415800594
0.0017263854862491343
0.001747795850051531
0.0017294161461725954
0.0017349330627765512
0.0016990143533266177
0.001739612420654177
0.0017074843823752153
0.0017263202178149294
0.0016980004488591435
0.0016868118536355582
0.0017087424817857585
0.0016867610771079
0.0016818581783660015
0.0016831838297275035
0.0016925393122706638
0.0016649583839231507
0.0016721900393796708
0.0016970582813811896
0.001677328297165792
0.0016618441385881076
0.0016843011974357178
0.0016537973632291115
0.001632071711752804
0.0016430223091055977
0.0016547347652080989
0.001626119272109143
0.0016166477964155795
0.0016264833345016232
0.0016144556371442131
0.0016196264155934727
0.0016232083644727485
0.0015994437671189123
0.0015900468058915166
0.0015961373347823775
0.001592853002335513
0.0015975298681538944
0.0015710107945891075
0.0015911467256608312
0.0015781029486502546
0.001566734904490239
0.001575203483908141
0.0015467280190873086
0.0015556945908763635
0.0015644927494254364
0.0015538366369012902
0.001544020318959682
0.0015483753291188763
0.0015300850806427358
0.001512246334129379
0.001529762322502154
0.001501540376684285
0.0015083671794551454
0.0014993483729128052
0.0014985650098891092
0.0014998902541018457
0.0015088942227641814
0.0014808806992285418
0.0014577243617040399
0.0014591832539125366
0.0014698352593373396
0.001466363813480381
0.0014483265185494065
0.0014701037116993019
0.0014545455344969998
0.001443337457892502
0.001442338124351477
0.0014317270174562453
0.001429983562733263
0.0014214706746013656
0.0014291976836858138
0.001435336037986882
0.0014329883863551563
0.0014062787082327881
0.001411919122573873
0.0013921887038892715
0.0013950506997232593
0.0013843224481116772
0.0013841371799043884
0.0013904081519804372
0.0013856517233637176
0.0013830888809786702
0.001360672546833435
0.0013626690390495994
0.0013558308086002535
0.0013418417241413414
0.0013497982038446375
0.0013539634971343661
0.0013409573379185758
0.0013307268676411893
0.0013269608236374123
0.0013400193263451911
0.0013170280051278468
0.0013309720770797707
0.001310815470209425
0.0013042046381717936
0.0013218669603314562
0.0013081662187718805
0.0012889313544996025
0.0012869508798981834
0.0012958928448549083
0.0012694354252794685
0.0012675139425467245
0.0012781494914133019
0.0012658392209553284
0.0012649711196657343
0.001268367850147306
0.0012591282244248754
0.0012614732329438334
0.0012389610737960665
0.0012377543977316009
0.0012210135079808134
0.0012372222391158901
0.001223629275004127
0.0012055057753374376
0.0012127525037590075
0.0011976344674078003
0.0012106376610797893
0.0012078560075132344
0.00119122654153561
0.0011769761466146372
0.0011807139301053466
0.0011831154790917105
0.0011740363163951159
0.0011731935402710953
0.0011695428131176246
0.0011545005642426649
0.001152912186547564
0.0011594663694650938
0.0011586920339012093
0.0011497892377777576
0.0011432063644061553
0.0011314608359947484
0.0011214076530794857
0.0011281570914186065
0.0011047652278839857
0.0011174178970018418
0.0011097155772309556
0.0010954603297409413
0.0010925471493197895
0.0010889797199936594
0.0010747714894303768
0.0010722121264777752
0.0010701546868030819
0.0010629704777824704
0.001059050896078111
0.0010647334069459177
0.0010387647621724848
0.0010388415974160847
0.0010424580708724184
0.001036096038370104
0.0010350946760394465
0.0010270447570807839
0.001014780199503063
0.0010117224608449083
0.0010019202151516232
0.0010133888038157493
0.000994913120656553
0.001000236466730705
0.0009788507688969932
0.000990475705145735
0.0009810559893090535
0.0009706937904925053
0.0009518180962094618
0.0009550313315652478
0.0009513365025446422
0.0009483636852832707
0.0009355228378823425
0.0009418414164025417
0.0009503277035172481
0.0009198102147526915
0.0009221193138186347
0.0009160298914595517
0.0009102240577166868
0.0009014971449340672
0.0008994880866943314
0.0008913866707541598
0.0008911060896418012
0.0008833365810975855
0.0008772853555618487
0.0008764608360545928
0.0008694130024481803
0.0008580977287979626
0.0008595220360879586
0.0008518833709975735
0.0008461819736664929
0.0008379099526688964
0.0008317586676745006
0.0008284195792515574
0.0008116686260178867
0.0008106507043656611
0.0008177824906871736
0.0007909047302951885
0.000782752156677575
0.0007798681752893035
0.000770306151128228
0.000772084642388447
0.0007613575405625256
0.0007525860027973197
0.0007570021792435391
0.000748548590073799
0.0007307450373172699
0.00073076529492712
0.0007169041917175519
0.0007124519049374039
0.0007051338161120018
0.0006993086025196879
0.0007067870543118478
0.0006942317937108448
0.0006735037046354191
0.0006815793584905822
0.0006737243110660453
0.0006679107366600879
0.0006565686462548184
0.000644032229515596
0.0006362833208496142
0.0006291000145731831
0.0006219952632680849
0.0006161574169417676
0.0006100938051955012
0.0006101210312745002
0.0005955520997896856
0.0005904537261764599
0.0005760712741943737
0.0005694469996836758
0.0005585541555994415
0.0005564847868569692
0.0005378868923732174
0.0005291054771820019
0.0005212205673658862
0.0005170688979973044
0.0005070576089979582
0.000503287742791336
0.00048651412743051456
0.0004892174031945303
0.0004713031607052365
0.000464665801867487
0.0004486471142371795
0.0004451273894215044
0.0004310576918823908
0.00042012179330728886
0.0004124728233294993
0.00039968762536734
0.00038620823534227217
0.0003765214220631398
0.00035895628944835586
0.00035446354284886364
0.00033810599742256783
0.0003253630104815263
0.00030925245080689543
0.0002966934337899165
0.0002783532028845423
0.0002647608635177637
0.0002483065312375624
0.00022997364408510775
0.0002093084265545488
0.0001861336059882229
0.00016234743839320476
0.00013345404791536764
9.310534721439269e-05
9.909012604529667e-17
