0.041708594660978295
0.029745295527093863
0.02430429710644786
0.020761205638478403
0.01872532543752505
0.016998229080288803
0.015677123353147117
0.014736712406166159
0.013802355301948593
0.013130523819266505
0.012500060138396668
0.012009526762066618
0.011367738167817925
0.010999125272146025
0.010789680672536507
0.010286668490755775
0.009963958644513715
0.009664404217637246
0.009525506856245963
0.009282540354312847
0.00892478780281746
0.008799204553060937
0.008480527455230227
0.008430311170907055
0.008260766343875478
0.008089269002435581
0.007942034499313425
0.00780925030219051
0.007689468322358877
0.007454484610770829
0.007347215833354782
0.007229374342247612
0.0071136421457421
0.007027878038428412
0.006885762445381655
0.006839502925364049
0.006689562097747069
0.006751208810358243
0.006526012709960841
0.006455372480218451
0.006404172322963362
0.006294452290258834
0.006280698574416372
0.0062163507502311565
0.006037849735001796
0.005978593970584916
0.005909466021775062
0.005828913100723695
0.0058491322479265525
0.005778012337133847
0.005670740407530991
0.005639962746157178
0.005542554329935301
0.005494876981488709
0.005516118367450148
0.0054113106884274885
0.005301979477629118
0.005272245876361487
0.005314037669280908
0.005284625047233831
0.005151448449131446
0.00509419104140407
0.005103619825372953
0.004982859983538102
0.00501858497615424
0.0049710743899569745
0.004972274362980898
0.0048825991295492034
0.0048687270645145705
0.004796636770170286
0.0047502409730426215
0.004745654772234794
0.004707166898304295
0.004633688050756123
0.004639187736515489
0.004643067718460509
0.004524296563107842
0.004553966247314556
0.00453844655411729
0.004473736923315364
0.004421927823114897
0.004458837807536825
0.004413935031603726
0.004383309241869365
0.004324230102584046
0.004255517036671976
0.004203447846755558
0.004258512015748714
0.004229393511991041
0.004224381661282819
0.0042188933989525685
0.004097503311726391
0.00409108213738256
0.004067312414957403
0.00411467643405517
0.004015231542556576
0.0039901068898239985
0.003988654494466689
0.003980891534493147
0.003995880283381652
0.003943568547812642
0.003920738282156367
0.003917302424635893
0.003834104550526899
0.0038322090097352994
0.0038497430625951262
0.00378283689876014
0.0037736245837491004
0.003770996819558295
0.003709114250881994
0.00368723793650583
0.0037077091085921735
0.003694708801817924
0.0037104853099159244
0.003643553751683071
0.0036306419645713143
0.0036071806682248524
0.0036068704718969333
0.0035389594886144305
0.0035735725653578145
0.003554161475532662
0.003549787341254117
0.003524240556858458
0.0035388708707162495
0.0034875279292884294
0.0034625699957329453
0.003471236439615916
0.003469334234111224
0.003476779398372921
0.003414776760340801
0.003379713844284183
0.003398326922323216
0.0033578389568102033
0.0033427655244025905
0.003312235421001
0.00331073575818875
0.003312868348695419
0.0032815979653372388
0.0033128148542963865
0.0032589440580810688
0.003274701392026768
0.003241356794496837
0.003220932196972826
0.003198098431128366
0.0031953468075606893
0.0032056553843556146
0.0031768232354436213
0.0031665410155562973
0.0031554146493279803
0.0031320433393727696
0.003125586075793614
0.0030941359399220643
0.003113811153840755
0.0030967385811164873
0.0030976233934807544
0.003086286981531058
0.0030449972916864556
0.00303982251336776
0.003006082474540008
0.0029853895904434617
0.0029637616854228527
0.003014308265988054
0.0029619260139628935
0.0030216231104318626
0.0029687480764693202
0.0029559210963711396
0.0029404439283233744
0.0029322801040680556
0.0029106419188403548
0.002909790977074007
0.0028752286685334244
0.00289610666982138
0.0028919422387988845
0.0028547559371415667
0.0029047237497331793
0.002862432452850879
0.0028478622921462742
0.002788448960748965
0.0027812541400179833
0.0028321463967378286
0.0028246432217572367
0.0027418556237567278
0.002820496339052428
0.002783239067548993
0.002783579332951684
0.0028051267880603815
0.002733381204246466
0.002733230490971384
0.0027251788683267026
0.0027479763921388544
0.002704824128387526
0.0027311744079102887
0.0026784783696295663
0.0026870698272698414
0.00269432347570504
0.0026735945611042825
0.0026621766428840685
0.0026646961858908273
0.00267054512326379
0.0026347757093730076
0.002614470433958969
0.0025970119379722964
0.002627871588941013
0.0026243580557685584
0.002597439682368653
0.002576220545747691
0.0025857563481316045
0.0025658543044637873
0.0025595566021677004
0.0025424186140003994
0.0025474460550224463
0.0025381819623752316
0.0025337174553481468
0.0025632773057827616
0.002521218706118153
0.0024861607717497004
0.0025450738863492806
0.0024810759583687235
0.0025043464638908695
0.002453858352173167
0.0025046286894182678
0.002492793942362092
0.0024431357759618234
0.002457518845721755
0.0024662786727114023
0.0024478615301717537
0.0024263500029225982
0.002408043056813605
0.002414681265734274
0.002422016147752842
0.0024143791197930795
0.002396443323391299
0.0023892049507946616
0.002391681033383504
0.002372259619612834
0.002354040013480657
0.002367642399849138
0.0023552678216200115
0.002365772650163534
0.0023325821628870326
0.0023137640042259822
0.0023233915770568864
0.0023325007029726653
0.0023516926418386897
0.0023314232997534187
0.0023148252221388485
0.0023006685128075894
0.0023127086036556243
0.0022979132650037945
0.0022923658837595957
0.002281173074497286
0.0022821777860106114
0.0022721605127743794
0.0022647855896752917
0.002255888915472433
0.002236185184156565
0.002267268707970612
0.002272037764382452
0.0022467725357004343
0.002208920055975196
0.0022148192246505822
0.0022323883916984272
0.00222003218229922
0.00222066008855923
0.0022020077057139068
0.0022216096416081514
0.002154534086963656
0.0021647995344231067
0.002149195984496773
0.002154904568728636
0.0021537188239586155
0.0021599097228744884
0.002153744435673177
0.002136714696142156
0.0021592900345994855
0.0021218102495810655
0.002122959406985346
0.0021241591610170352
0.0021432907567752076
0.0021232859742031976
0.002098806125595657
0.002096546461508595
0.0021200771806686837
0.002090282108430304
0.002090160290324153
0.002103075414530298
0.0020754981970962996
0.002087286488132288
0.00206723681985197
0.002037547055656458
0.0020510601920519116
0.0020451133787620004
0.0020717371431904917
0.0020128674106207997
0.0020738135737504155
0.00203055147092816
0.0020327734579984563
0.0020287027531086686
0.0020287874432262927
0.002015164146281167
0.0020209269130823833
0.001996426777703409
0.002003820956201064
0.001984739938647714
0.0020067501816241943
0.0020149785405407052
0.001980705649113259
0.0019800272324741264
0.001967629493272359
0.0019854257061927717
0.0019868906159350667
0.0019507145026062247
0.001951617220320407
0.0019595447220853985
0.0019436959338458631
0.0019344240087769786
0.001903095882437885
0.001931847546713299
0.0019490268578800536
0.0019163199083066312
0.001910143558990864
0.0019252719559032531
0.0018982016301045644
0.0018910001356410198
0.0018953637557239127
0.0018885482824828827
0.0019048068045340095
0.001881902952814165
0.0018709188420494916
0.0018779320862025578
0.0018998374943053487
0.0018810189426060626
0.0018687774741795787
0.0018520878200565948
0.0018962811473773075
0.00187009259255806
0.001856927886204595
0.001854356915199879
0.0018353456610804345
0.001831125356439846
0.0018279057255561708
0.001829660203295168
0.00182647786625397
0.001831051698428915
0.0018147775044683216
0.001811597602304056
0.0017997211721447314
0.00182213898229203
0.0017975783683198303
0.0017812823498203308
0.0017758966499804938
0.0017778937944109166
0.0018167431364843505
0.001754261116759199
0.0017826611075988457
0.0017780711011581517
0.0017731504107552471
0.001765708091253919
0.0017701116637189034
0.0017695386982748778
0.0017477304834229298
0.0017552125556439294
0.001768511385510313
0.0017581357697056485
0.0017124551706119455
0.00174936903094882
0.00175996329952117
0.0017362081471520162
0.0017204912199354878
0.001731662437059218
0.001700485093133175
0.0017261440853362457
0.0017119890257388842
0.001702510962224872
0.0017134277171219495
0.001728575200045382
0.0016986312914721547
0.0017222653830439828
0.0016801141564223609
0.0016592391137961733
0.0016721166410401664
0.0016520470503757897
0.0016757128229458829
0.0016650705984238999
0.0016653810564281194
0.0016791423863362037
0.0016810539336547356
0.0016471725350802192
0.0016583116698082147
0.0016512450099058723
0.001647608351303332
0.0016371817345369802
0.0016345767796027845
0.0016405671120833438
0.0016243110053997681
0.001621339344690485
0.0016229805904699201
0.0016264142975771078
0.001622247869487314
0.001617670448977456
0.001624683050948704
0.001611323429519013
0.0016110572716437044
0.0016094456754130906
0.001574194146104106
0.0015914673250629677
0.0016073960130604218
0.0015975756653224898
0.0015809305279216878
0.001572743971908235
0.0015675417226605599
0.001581740264365153
0.0015580533235217118
0.0015784466898096099
0.0015686271902662643
0.0015470139786609874
0.0015434657793503635
0.0015491386909562814
0.0015242152322179055
0.001549294147278709
0.001538105680220783
0.0015435650572234753
0.0015468198219292313
0.0015342713445668545
0.0015349999912798228
0.001547606131899139
0.0015001979617490064
0.001526510923736161
0.0015399223900492622
0.001531375205892261
0.0015004004724150657
0.001512307762006781
0.001504953783399379
0.0015181434231759782
0.0015164322942539767
0.0014979936418508916
0.0014913835692490851
0.0014923750943285246
0.0015010195999350623
0.0014729669710782615
0.0014767054909775753
0.0014730652396030548
0.0014793111608514557
0.0014804505646944257
0.0014541256671184916
0.0014752123043567536
0.0014745084955958257
0.0014466792449377344
0.0014577960208538362
0.001456288435661177
0.0014579220727526769
0.0014662646177846575
0.0014434670631450926
0.0014290290940799726
0.0014531824847372067
0.0014575342051795332
0.001438130147610599
0.001439554891827243
0.001425015604018632
0.0014312111174597587
0.0014325295701440135
0.0014136798696263273
0.0014119553961410454
0.0014158186156960912
0.0014116076719092657
0.0013954985067440413
0.0013991111383090322
0.0014152086788630672
0.0014127242387622734
0.0013934804534891352
0.0013949036909804446
0.0013988025020212802
0.001380220495053016
0.0013861629691044347
0.001385245112375743
0.0014027540551633444
0.0013707230821879593
0.0013797773314937587
0.0013719687850849368
0.0013784876459537712
0.0013757968394119149
0.0013548933367946232
0.0013635740977076109
0.001368658528863427
0.0013572743778379427
0.0013563166981241694
0.0013534859499948519
0.0013583972420254434
0.0013541973125973646
0.001349226291872541
0.0013488238688928005
0.0013212813042110321
0.0013206012945014614
0.0013371427544541608
0.0013142194336272812
0.0013287559729097428
0.0013323273213890511
0.0013095029984705948
0.0013090166562121266
0.0013127191393939952
0.0013108496567329198
0.0013050217810864572
0.0013028802513168104
0.0013163605686269929
0.0013034139844324809
0.0013080554580331037
0.0012970231986079313
0.001297153731718539
0.001287351368251271
0.0012910783386968624
0.001279797521714682
0.0012901657756953639
0.0012874660536713015
0.0012884840456852955
0.0012884975307079821
0.0012724975355247385
0.001272136556254874
0.0012651994688021614
0.0012809338547459174
0.0012690890866516812
0.001266113445008122
0.0012660344351712643
0.0012637234561159861
0.001261591334548612
0.0012420932168128271
0.001240821388855156
0.0012602778505526506
0.0012444155700688485
0.0012386006620546943
0.0012478109653376698
0.0012355406748602276
0.0012287275253543624
0.0012337487355658012
0.001232099604194045
0.0012336509078850059
0.0012136553800181878
0.0012184482347451927
0.0012116754048229767
0.001232075698001651
0.001215998487088767
0.001215478459152839
0.0012182848597958773
0.0012199313072515949
0.00119193058715383
0.0012074727896771323
0.0012143523485932052
0.0012076520634869787
0.0011971573923513462
0.001192481087667399
0.0011963918473038766
0.0011838525856552812
0.001193538432901845
0.001188760310703973
0.001166792094292716
0.0011779645854082005
0.001177862488974396
0.0011851441211691831
0.0011670500925664593
0.0011592676270462013
0.0011759588361067907
0.0011716569983913339
0.0011765468012094231
0.0011619773354546348
0.0011535430351510409
0.0011491224822381882
0.0011558959902585367
0.001160754833826562
0.0011599521079079316
0.0011440331382444652
0.0011399101072561602
0.0011296893742724777
0.0011476696669371837
0.0011455750761889824
0.0011453652493631744
0.0011301777598894552
0.001131063607974373
0.0011271971849352914
0.0011231053401255487
0.001122470510888847
0.0011278253213628062
0.0011115784448601032
0.0011109521951654785
0.001115913402059683
0.0011177414998083054
0.0011057625785025667
0.0011145720105535891
0.001105231045256201
0.0010960352950003698
0.001096138488788109
0.0011023326381974202
0.001099195392000382
0.001104756346387678
0.0010885681181332348
0.0010780894933774448
0.0010986314695670667
0.0010875669533203308
0.0010763934819530625
0.0010969956292961245
0.0010858234544762837
0.0010827554981520913
0.001077171986384887
0.0010835168066891305
0.0010648845015000788
0.0010724156713886423
0.0010689685034016997
0.0010564763560348136
0.001065075426251458
0.0010632073865972183
0.0010526948483808613
0.0010561479862588707
0.0010488141794693438
0.0010479805837962266
0.0010450159189691077
0.0010512809744283708
0.001039843925961393
0.0010459755362461375
0.0010332094080125873
0.001049276371613211
0.0010381188819318726
0.0010312098170426262
0.0010290101913161722
0.0010306506144628115
0.0010315932214152903
0.0010132191992785458
0.0010260099551268088
0.0010233368334421897
0.0010037756720150928
0.0010153537543204048
0.0010166617291590327
0.0010253982752029549
0.0010109413416373454
0.0010021220366248794
0.0009960491332476386
0.0010015180331817831
0.001000095172077271
0.0010033519025335442
0.0009890514521084385
0.000998201859522651
0.0009816127212170212
0.0010014691510076149
0.0009797152720536827
0.0009886413517306326
0.000983955927687259
0.000990535452588771
0.0009727113858378533
0.0009699853134217712
0.0009665794167500883
0.0009738641238737968
0.0009691472621561133
0.0009724476481692488
0.0009668921285551839
0.0009713444861811064
0.0009554482691178114
0.0009642927006399729
0.0009582932631365348
0.000975447480547286
0.0009496172131007176
0.0009412923982417631
0.0009418010495970265
0.0009405086156845857
0.0009347320935705652
0.00093854839386144
0.0009414938957024423
0.0009395540258863821
0.00093084016859779
0.0009285224129793306
0.0009313339648312478
0.0009246815182929597
0.0009163199181806725
0.0009256832422401548
0.0009194799049227034
0.0009150719409289797
0.0009329926220535443
0.0009135561055297977
0.0009105940366706776
0.0009053295596354381
0.0009113784144162763
0.0009041879874657306
0.0009045506030371392
0.0009067461345362995
0.0009145047680938602
0.0008987225609935273
0.0008974258357605569
0.0008926849092639557
0.0008924200671285696
0.0008909688617557038
0.0008941360752605167
0.0008915380911170092
0.0008764036106267332
0.0008821940970054523
0.0008788993896330556
0.0008777265225800383
0.0008755193223098397
0.0008670576078497316
0.0008685174766985003
0.0008644372961690255
0.0008729525554416295
0.000857772448331074
0.0008632995859919497
0.0008556942028309582
0.0008680378927992417
0.0008538123790888965
0.0008545826363381095
0.000867557792363857
0.0008471790146546024
0.0008481819021058631
0.0008536126392737699
0.0008419794321591576
0.0008388154025951381
0.0008483848066461353
0.0008569258489970158
0.0008316472105627695
0.000838328287301888
0.0008342712681195741
0.0008346830816941846
0.0008205119381354862
0.0008263046390369076
0.000834208272414745
0.0008238473901539874
0.0008214481489686743
0.0008328108729392923
0.0008122854021992589
0.0008170448220262081
0.0008132005012898105
0.0008093756699344834
0.0008081026904176481
0.0008031313800993009
0.0008057617869173207
0.0008014872591945152
0.0007999368096286916
0.0008014927180057141
0.0007924688338700759
0.0007942535474423912
0.0007976161552488002
0.0007866454778315124
0.0007814627617245097
0.0007852478933976497
0.0007787472458869968
0.0007860855813767745
0.0007830512838576182
0.000779307511598594
0.0007813892143428438
0.0007692672530900055
0.0007658007745052139
0.0007683471028798449
0.0007750664482512081
0.0007657390116217104
0.0007683053332136426
0.0007661173689986218
0.0007547426940362694
0.0007650807797813673
0.0007569873274658812
0.000749322059197258
0.0007465482898928603
0.0007483671047348553
0.0007558343086241633
0.0007347481562576823
0.0007493011202030128
0.0007403864053703097
0.0007356895297236063
0.0007452148921007939
0.0007354800242090512
0.0007386363726214033
0.0007365151039849611
0.0007292996966252648
0.0007271232118997743
0.0007209477132959415
0.0007270842725041751
0.0007218731498804913
0.0007235060220149804
0.0007229819314048602
0.0007243226434026377
0.0007172336345052729
0.0007063024110012222
0.0007103243607474166
0.00070411476667192
0.0007025133054344598
0.0007064233293590857
0.0007028870148937132
0.0007016658195291968
0.0006979086581621466
0.0007027995949018195
0.0006839753279887236
0.0006946258304797027
0.0006920145309438146
0.0006867779427071813
0.000689355382803998
0.0006820233133527082
0.0006813781191113644
0.00067845090213822
0.0006818825791777187
0.0006765442361725912
0.0006744941553370488
0.0006644226964389694
0.0006688660141681671
0.0006629367986892803
0.0006600891559637757
0.0006626906736721312
0.000666448560714462
0.0006590199429294351
0.0006545909614597697
0.000650566013491781
0.0006487530702357416
0.0006580564477789264
0.000652233881511534
0.0006482297636276092
0.0006385364436348455
0.000641595287247851
0.0006415343940100468
0.0006423719264272423
0.0006359470572778458
0.0006292181507297748
0.0006305612993208613
0.0006263052250101919
0.000633407931679344
0.000625465965435235
0.0006179334391579003
0.0006197215784207873
0.0006226185626699706
0.0006198766140227984
0.0006155869261711417
0.000611601699939431
0.0006038767243738791
0.0006145979201319973
0.0005991546639236329
0.0006023536070119066
0.0005988120478256412
0.0005920608912585359
0.0005959146510321194
0.0005928199085233376
0.0005938503645686431
0.0005925852465518443
0.000594534347321999
0.000586751618055633
0.0005895101781814486
0.0005881768625487598
0.0005822603853185683
0.0005698330515802587
0.0005783166234284258
0.0005712496975685516
0.0005650828981445336
0.0005714831839788696
0.0005724520749089928
0.0005673015145190002
0.0005683578422515355
0.0005678999557888355
0.0005561168319795926
0.0005554411249876305
0.0005625448014922874
0.0005520128002982537
0.0005460224726132119
0.000548348309766917
0.0005529697893378608
0.0005513254890124212
0.0005406776169196404
0.0005328420787450315
0.0005381420874549596
0.0005336130726571287
0.0005376114912851143
0.0005384543980521309
0.0005232539661009327
0.000526948853688161
0.0005276709646250817
0.0005154772252674072
0.000520921638793889
0.0005189273918247861
0.0005163091996834646
0.0005131540268530331
0.0005067470029131484
0.0005105807002591643
0.0005033278843095182
0.0005068049771273895
0.0004994560884855171
0.0005001185144346095
0.0004934595769446568
0.0004972230421441966
0.0004998230544387742
0.00048523160646658445
0.0004942173110616697
0.0004858203517800826
0.0004865702081755142
0.0004889700414406054
0.0004781823543210016
0.0004751442161618509
0.0004704941298538178
0.00047270546484357376
0.00046801560180430264
0.0004700727709391594
0.0004630277832825067
0.00046052853811579143
0.000465338076521431
0.00046085734763761727
0.0004583279305411956
0.0004552785796094973
0.00045479790097757987
0.0004460619133788886
0.00044952957496873565
0.00044290267222092086
0.00044653228078892426
0.0004426247180457991
0.00044102449703799977
0.00043485918245003165
0.00043426218865341514
0.0004342035014209863
0.0004301102454186621
0.00042453760205838015
0.0004267491177684503
0.0004191090859207233
0.0004187214331242969
0.00041138987367422554
0.0004107647384291174
0.0004115953227966762
0.00041140506942247606
0.0004000175068336726
0.00040396510218606647
0.0003966878753524718
0.00040299068251214206
0.00039311097628759196
0.00039417648873040097
0.0003876319599560808
0.00038806261814565017
0.00038261282619360626
0.0003822611590523368
0.0003772635641418691
0.00037652202333144757
0.0003722622315677756
0.00037156583583768387
0.00036317847566716004
0.00036182922551664814
0.0003598336536911422
0.00036227031636141833
0.0003568592885236443
0.0003550013074815957
0.00035020565384499006
0.0003518956038183203
0.0003441330084599632
0.00034439853964931795
0.00033666078097764894
0.0003361936292766442
0.00033727103801597713
0.00032564511773496946
0.00032503789685494385
0.00032531933205146653
0.00031937686403662373
0.00031706520986831684
0.0003145140562356483
0.0003153622845071506
0.00030644424766796064
0.0003033031288990369
0.0003048125985840185
0.00030023708716639554
0.00029163869591758575
0.0002930222929473763
0.00029019882964466506
0.000286833849950359
0.00028245432662960446
0.0002804371732451899
0.00027717187483544724
0.00027436040747682433
0.0002685902302643521
0.00026430427442002407
0.0002633419423750071
0.00025811351027475325
0.0002525855389723191
0.0002486810566705174
0.00024631282297512305
0.00024300956521910305
0.00023953161282744403
0.00023658952358743252
0.0002330343134973942
0.0002279268777707651
0.00022380893156464894
0.0002205275968308541
0.00021411789470904453
0.00020865382653976967
0.0002043081929743212
0.00019956511169957317
0.00019694104746890775
0.00019208780302432734
0.00018920436832894859
0.0001853127185817432
0.0001788786948523769
0.00017355566482332146
0.00016728184924262552
0.00016355086305943394
0.00015896153863848876
0.00015195742204332597
0.00014606884152152739
0.00013961620425040645
0.0001319652670945903
0.00012507533368247203
0.00011819312568062434
0.0001109364067626783
0.00010143783577961014
9.250961085209709e-05
8.299860540944764e-05
7.197217822025468e-05
5.9234979197391617e-05
4.144279212683803e-05
1.0311336425595835e-16
