0.011080236334389211
0.007848578306696474
0.006439204831583984
0.005590170066439622
0.004920213297146022
0.004485165282080084
0.004178807949464986
0.003910251858615642
0.003639225454612042
0.003459539240601434
0.0033455121880490877
0.003155048984258368
0.0030266992421942194
0.002950133239053591
0.0028231238608406387
0.002726548734561365
0.002640964019665365
0.0025653062679072787
0.002491626529285504
0.0024625073547157946
0.002390585979570046
0.0023328615388185847
0.002279936537705327
0.0022108470956638112
0.002193510752858912
0.0021347175277740527
0.002092209967468204
0.0020373836188577917
0.002023899467003712
0.0019781896435212953
0.0019465487191815166
0.0019077138372640685
0.0019074265557249602
0.0018575600918817497
0.0018313218787792524
0.001786357412332477
0.0017789348132802993
0.0017826975838093704
0.0017346100191650453
0.0017302601498665414
0.0016986903265322408
0.0016758790646395148
0.001644187263965285
0.0016371835705058482
0.001600733082708047
0.0015809979218137386
0.0015625057095361209
0.0015435487743028508
0.0015331825737029488
0.001525181032878611
0.0014834162048224988
0.0014843536742549677
0.0014743906070650136
0.0014686209152769323
0.0014568541586183431
0.0014129219147422647
0.0014079242735956171
0.0013983467117561616
0.0013832546571106146
0.001392834654394535
0.00136211472823642
0.001353277984408497
0.0013401826335427839
0.0013344086051289377
0.0013402518591801448
0.0013127477074309976
0.0012997035890663744
0.0013036181297812316
0.0012865546746580509
0.0012685995187404952
0.001279211686336804
0.0012436260402485652
0.0012467327709803633
0.0012395364082227415
0.0012339394805238114
0.0012202115884052765
0.0012198279103515348
0.001205695168116655
0.0011982420595448096
0.001183425387717073
0.001177472659526326
0.0011569062485633182
0.0011553886183407007
0.001158168655039611
0.001152389887599004
0.0011520162867714292
0.0011282205507974943
0.001127665387368822
0.001119419611472099
0.0011104635374689878
0.0010942957966926655
0.0010960171047732373
0.0010936085041388527
0.0010762062280018714
0.0010719488182418047
0.0010776153514303918
0.0010614285484347305
0.0010568454698838725
0.0010526368286458648
0.0010556310467836
0.0010406201645164852
0.0010284417830201604
0.0010340032872565112
0.0010384048969264334
0.001023958229621297
0.001008351426705981
0.0010156205104633344
0.0009990393486806219
0.0010047749056156785
0.0009813623660908798
0.0009826033722764756
0.000988771964122881
0.0009741019881142985
0.0009768418791457948
0.0009674713148688993
0.000956081667921174
0.00096909117223355
0.0009575183448811257
0.000950560013133715
0.000939855482973285
0.0009480744740068496
0.0009381507066462287
0.000930581045925128
0.0009241971866076398
0.0009256390037060895
0.0009176259081754687
0.0009263496138889825
0.0009160698905066866
0.0009148883939000743
0.0009008464231942322
0.0009053948248657844
0.0009050256452295776
0.0008935445967948935
0.0008846393796178335
0.0008926934463876937
0.0008793996500787656
0.0008796104797385301
0.0008807983985198619
0.0008734867795087256
0.0008592046256597441
0.0008638303073389886
0.000858675644520261
0.0008656640348949595
0.0008433893533923699
0.0008388159933904089
0.0008401513795378326
0.0008400679302497176
0.0008310525501942975
0.0008301140920409031
0.0008366141642515686
0.000833534330571356
0.0008160454330370824
0.0008254505958434071
0.0008238376982606117
0.0008138731162380833
0.0008169066063818624
0.0008101816837900144
0.0008026916089884145
0.0007989829781945377
0.0007850524905868891
0.0007949894911615272
0.000788962077554747
0.000791167724795816
0.0007904479790033738
0.0007806832363831778
0.0007884773983775377
0.0007796815573559258
0.0007737281914797921
0.0007757105066824415
0.0007733520647455973
0.0007741855386240856
0.0007581262082818532
0.0007691217811662742
0.0007588948270677248
0.0007606679097947544
0.0007519223474690233
0.0007540145123226546
0.0007556990935125759
0.0007518031902273595
0.0007368902904897656
0.0007394564554400995
0.0007452813870759492
0.0007375877123089424
0.0007386905770835585
0.0007382816007901769
0.0007300024166695939
0.0007310027355830373
0.0007253829078127464
0.0007250832050667698
0.0007201510656133402
0.0007143825713300625
0.0007098156536236254
0.0007063612806203459
0.0007182628179075588
0.0007133899837004133
0.0007008398871205737
0.000715335785707656
0.0007044196116748273
0.0006976291896780505
0.0006977676864442378
0.0006884524308751936
0.0006874705278351107
0.0006879486778320505
0.0006852229542477438
0.0006862300290839133
0.0006900545817219273
0.0006855002077462503
0.0006825018456581562
0.0006875052627480932
0.0006875349601949328
0.0006704372609719963
0.0006699163707695291
0.0006736988367342897
0.000666442931758847
0.0006778353270173391
0.0006693606340955654
0.000658506474814012
0.0006694356628153895
0.0006663588792824558
0.0006627889198778615
0.0006535169110912166
0.0006571529017577433
0.0006559011667755745
0.0006554487634398837
0.0006522468099610316
0.000646398371283536
0.0006446962892102261
0.0006487693602819772
0.0006437751780174932
0.0006475983816556702
0.0006300997413762892
0.0006315040851445734
0.0006330699437969256
0.0006367253122251745
0.000633470696548445
0.0006290398293186417
0.0006145607737764784
0.0006281592186304989
0.0006189653461477874
0.0006206091896709612
0.0006264800723329956
0.0006133731391456491
0.0006087847284981328
0.0006110030745828735
0.0006147247801224416
0.0006106777971284263
0.0006091113519660085
0.0006072158808159703
0.0006099132596485437
0.0006082286198654507
0.0006047374794826094
0.0006030144905225381
0.0005966819478479395
0.000594875432978437
0.0005870278221247133
0.0005978890033789191
0.0005928521942842659
0.0005972473306371103
0.0005874645428760398
0.0005814075360938164
0.0005872597677081791
0.0005829071078953187
0.0005847469219042162
0.0005844866938489646
0.000582734947994097
0.0005756160923830033
0.0005757158186503077
0.0005796373565675724
0.0005820621313742443
0.0005702868520439643
0.000571636339396482
0.0005762253590630371
0.000571040065031855
0.0005659537363554379
0.0005608677055077479
0.0005699705217587765
0.0005665924248062742
0.0005604842093899821
0.0005597015185375827
0.0005556822516863185
0.0005649026315591119
0.000559765498593127
0.0005622581218756785
0.0005516726718724301
0.0005514457990272507
0.0005466905767113444
0.0005490669936143643
0.0005515692731233611
0.0005446641439876764
0.0005508318563531385
0.000546795626626304
0.0005437614033748129
0.0005360683464796451
0.0005382450891588098
0.0005365704492206843
0.0005282086914671474
0.000539423659374184
0.0005359295530189008
0.0005289750112718239
0.0005298306884553061
0.0005356290407270974
0.0005366993950554009
0.0005308300713577603
0.0005298987526091768
0.0005249181378119526
0.0005243525140862536
0.0005214577883255953
0.0005229042253416998
0.0005205678732372455
0.0005237561017854183
0.0005191619054657622
0.0005220610110694988
0.0005214995488682371
0.000516829079317366
0.000516073861206299
0.0005086899280682155
0.0005176447713620546
0.000515602950540314
0.000504587335557564
0.0005025393472799499
0.0005145928628843987
0.000509195162428718
0.0005077788946570225
0.000510746401030141
0.0005025309291623703
0.0005020887318662348
0.0005035062518284212
0.0005061484228093745
0.0005040215720379708
0.000501001806604526
0.000499505582277196
0.0004960818750660941
0.0004908960193030073
0.0004979620198435151
0.0004916879110917194
0.0004921698802211136
0.0004945147983397146
0.0004866598677442008
0.0004916125001386242
0.0004854905558983034
0.00048652659126225046
0.0004837924793838908
0.00047631627817912206
0.0004830606678629668
0.0004822611111736794
0.0004782057507815365
0.0004788971933904853
0.00047613329351569835
0.0004822123382649163
0.0004730469644164515
0.000475880170545228
0.00047146633920770037
0.00047283089930595006
0.00047014943445443857
0.0004687042383313343
0.0004676704516000569
0.0004672142780973399
0.00046124988684404845
0.00046908718828441457
0.0004697031556903038
0.0004707137784622857
0.0004627806755364062
0.00046053862767831457
0.0004573147843444332
0.0004640551818379838
0.0004636773307607728
0.000458048825810362
0.00045653056549334396
0.0004584520828852965
0.00045780824895523217
0.00045564808030907256
0.0004473697068779108
0.00045738815892062734
0.00044956968632426666
0.0004548436133903738
0.0004454990171499439
0.00044430928659867886
0.00044764066115779617
0.0004405782273218029
0.00044380954445176994
0.00044442871139099393
0.00043771312881754685
0.00044520621552333195
0.0004391345416067014
0.0004417406498409758
0.0004374309349679401
0.0004389398961888638
0.0004404498480013414
0.0004387847598882773
0.0004360724637830018
0.00043631638067014755
0.0004339112884124065
0.00042771966160893996
0.0004395385856120534
0.00043254447791163505
0.0004342268185920485
0.0004284263998111498
0.00042926181228343426
0.00043032843897137564
0.0004282275512571685
0.00042299822687063914
0.0004242093202119396
0.0004236780794183641
0.00042650419670720025
0.00042536631986404746
0.00042179409062574554
0.0004179741717098085
0.0004221397605134698
0.000422346889311674
0.0004196993090351901
0.0004182126334715465
0.00041776839233733726
0.0004084928851167874
0.00041640009577841925
0.00041720958406895735
0.0004135950317425999
0.00041652926246036725
0.0004082823683113853
0.00041114720644803466
0.00040899748719876183
0.0004110633214224324
0.00041140570189075797
0.00040881086190526646
0.0004066136010822595
0.0004013291281334989
0.0004033021571887975
0.00040156388111103935
0.00040095008654781835
0.00040179308153882247
0.00040229724327002595
0.0003975512142077159
0.00040039649562663096
0.00039857089729637506
0.00039836517527897485
0.0003951467671438582
0.00040203400260529554
0.0003931662819954446
0.0003928265765364267
0.00040346823730507314
0.0003906089136342792
0.0003963707570145439
0.000391269505869093
0.00039215284210509296
0.0003923167530554212
0.0003946607811152637
0.0003874870960595982
0.00039055642969762787
0.00038714747247292256
0.00038637447349912547
0.00038934702602059243
0.00038503606340506603
0.0003843707359603909
0.00038108806986330315
0.0003869783401537619
0.0003872911501241161
0.0003798038289635946
0.0003791700871346552
0.0003740046812439825
0.000381489030629577
0.00037792310899856257
0.00038206164846719455
0.000378223788213386
0.00037418325568135786
0.00037347948003337814
0.0003775346809992559
0.00037627392087753324
0.00037454046644911347
0.00037191590690206864
0.00037249646068727174
0.000366566733430815
0.0003706638995289022
0.00036772911046225405
0.00036389044703704243
0.00036336201094713984
0.0003666915969455187
0.0003658145755641375
0.0003667887573075128
0.00036273920312369175
0.0003621121187226957
0.0003626268150518527
0.0003628277264812651
0.0003628985477632995
0.000358304142509539
0.0003609206482412579
0.0003578779527781041
0.00035979414411417104
0.00035871800287971795
0.0003600766549049692
0.0003588426208020425
0.0003620566832953858
0.00035830134242903066
0.00035441745521262865
0.00035095122711625745
0.00035208375745803997
0.00035510802170811277
0.00034900891648292453
0.0003517587441374705
0.00035200564146731206
0.000352119915324409
0.0003512762084586986
0.00034813217469061535
0.0003461482546993815
0.0003461952012792687
0.00034731592933185274
0.0003478078491915396
0.00034640817713625443
0.00034350500427875343
0.000343215722245115
0.0003435196301235745
0.000344770975604063
0.0003406482067977026
0.0003399907046390329
0.00033738535097634667
0.0003398427238019126
0.00033769492849703385
0.00033473053530851403
0.00034002424825152705
0.00033372563733224936
0.00034096679648484623
0.0003362006016071096
0.000334621165797438
0.0003349388968182252
0.00033197387988077935
0.0003303806609730136
0.0003290454079903263
0.00033292121018040126
0.00032957987673171895
0.0003250846075283525
0.0003304386580430158
0.00032694263577074485
0.0003288283575973985
0.00032597367756835783
0.0003249119039840712
0.0003281222219395066
0.0003266125014780136
0.0003249263743020558
0.0003240661789020629
0.0003221539389204254
0.00032388478939080796
0.0003195412293542107
0.0003206769192499005
0.00032044370732722946
0.0003200723586338476
0.00031749300572064246
0.0003178124255566686
0.00031839359444808547
0.0003169722262523103
0.0003204007436037586
0.00031748173830189216
0.00031865302853100505
0.0003168518727635846
0.00031456983094974033
0.00031544458011509334
0.0003109181577513984
0.00031108265951868463
0.0003121573963270297
0.0003104272308182539
0.0003100743491070349
0.0003141852175034554
0.00030786358312014805
0.00030918535204511747
0.0003084025925805753
0.00031006761470458375
0.0003067971347736996
0.0003077851621382838
0.00030364754478845614
0.0003047566271997151
0.00030799606557606926
0.0003045647687605401
0.00030463367249604454
0.00030085973274530654
0.000301027394758331
0.0003006542598842209
0.0003006522349116862
0.0003009906363186044
0.00030049214435744177
0.0002951739852781422
0.000296053262120469
0.0002980472976471992
0.00029412070502090237
0.000294979970622329
0.00029354113530676295
0.00029776138668833745
0.0002952650586922942
0.0002942945721971195
0.00029391277027655653
0.0002924543408650381
0.000290307326732849
0.00029214897692970076
0.00029283508774454625
0.00029033660880921103
0.0002891988419992539
0.00029257389861645573
0.0002870764067513539
0.00028601853818241814
0.00029086806691323055
0.00028492945070074
0.00028375933967686863
0.00028599285956532527
0.00028953905910416477
0.00028462515762029376
0.00028479813547938027
0.0002860337946181463
0.0002810645725391536
0.0002844220884961765
0.00028114290158887757
0.00028003875925698896
0.00028449219957721284
0.00027889077784203607
0.0002784128802321919
0.00027906972054590577
0.000278740077341663
0.0002769296665688929
0.00027794801371960426
0.0002755159714873086
0.0002704741410278093
0.0002765186416154417
0.0002773286229452324
0.0002719085707209758
0.0002752747652867525
0.0002748580761733302
0.0002718326761096569
0.00027140608711446297
0.000272069515720335
0.00026924479791196255
0.00027232441301177073
0.0002675326885039075
0.00026898335703105824
0.0002673158352005839
0.0002697289098711887
0.00026618409743308616
0.0002683605604667095
0.00026565213103037623
0.00026694504947682773
0.000262348491838974
0.0002659730628866037
0.0002625712110593042
0.0002643812311313049
0.00026033582232046513
0.00026104912045544777
0.00026330262557830035
0.0002588327231407263
0.0002595714876993503
0.00025641631117933857
0.0002589009327306031
0.00025993246136577565
0.0002592859344885582
0.0002553978911773651
0.00025372097095924034
0.00025659460136369725
0.00025471154495086516
0.00025489908681517376
0.0002513465339605039
0.00025351189374100627
0.0002514036682234328
0.00025806640386567527
0.00025000297964749614
0.00025234163550608396
0.00024944229354468276
0.00025206769421229157
0.00024763401176759357
0.00024632050860866106
0.0002502659393302719
0.0002473669582090505
0.0002479057016348464
0.0002461600868628976
0.0002455123532241509
0.00024616578722832215
0.00024880274462631336
0.00024561924483639566
0.00024476158708551396
0.0002436571613868544
0.00024477089074079715
0.00024216814189176463
0.00024498195535785236
0.0002435979822055138
0.0002400839078518406
0.00024012599649625435
0.00024038784980975393
0.00024089027313674985
0.00024342047714989368
0.00023634697804413178
0.00023958666386609135
0.00023949431181406289
0.00023592601906944914
0.00023550154162912086
0.0002375537518328332
0.0002328163063515062
0.0002343844376980373
0.00023640645297895747
0.0002317086450199172
0.00023020583267982907
0.00023410031282254797
0.0002338326221534823
0.00022929262468202166
0.00023150898979507702
0.00022971206920837083
0.0002320732655018545
0.00023021040054151506
0.00022788201138618884
0.00022793405973707561
0.00022877255534209194
0.00022513787102269528
0.00022605458062112006
0.00022752662654275068
0.000228320866483275
0.00022547551539680384
0.00022401479939010245
0.00022631289395859774
0.00022634446826873524
0.00021944301149905265
0.00022176058243817646
0.0002201964897576789
0.0002205784967520382
0.0002201931295898313
0.00022032855262093233
0.00022107393166403608
0.00021893762421245204
0.00021730871047599242
0.00021775525428701953
0.0002150322973635409
0.00021647576651092503
0.00021654276671027414
0.00021700318274368814
0.00021521635830084882
0.0002160128287558647
0.00021315659787220293
0.00021374338706870718
0.00021508340062185725
0.0002117349745796767
0.00021069220202954355
0.00021168939986952303
0.00021181295266430164
0.0002102979598408054
0.00020959745187141695
0.00021005250838172977
0.00020847044403490356
0.00020722671550884816
0.0002063582629967398
0.00020640880259194776
0.0002060147363467809
0.00020645469683618244
0.00020464005290783213
0.00020505011198883292
0.000204201610410115
0.00020273779474290558
0.0002041801716326781
0.00020376886005436226
0.0002030976392636797
0.00020268466191828831
0.00020068363374637572
0.00020336753876190136
0.00020103861906983214
0.00019680315264572454
0.00019971849697312136
0.0001973865917170883
0.0001955497003255466
0.00019669352774436767
0.0001977957602208893
0.0001969197471813146
0.0001962606829570821
0.00019656590405930252
0.00019357778528623714
0.00019387090567686717
0.00019587411921655572
0.0001918128434226069
0.00019307761278307422
0.00019094839103275452
0.00019274380515212338
0.00019094766919409907
0.00018968124701673527
0.00018781954978663832
0.00018869763199478107
0.00018756955996317149
0.00018975576342979394
0.00018766273350618969
0.00018599240059950973
0.0001876004635618034
0.0001856461953137719
0.00018481619970635687
0.0001846122045957687
0.0001849700708061268
0.00018565082527186678
0.00018345733120825984
0.00018301778242024017
0.00018115012993307126
0.00018107661916975113
0.00018019247315097519
0.00018177773706976968
0.00017792588580924724
0.00017728215447331862
0.00017836542847893567
0.00017865508877092562
0.00017709796674128777
0.00017439125776310936
0.000179116684886765
0.00017632434903971228
0.00017506595651361776
0.0001734168551160858
0.0001754763857034676
0.00017368328691840353
0.00017261719018683174
0.00017273083628564548
0.000174024642452992
0.0001699927172075107
0.00016961283344450495
0.0001722137196202415
0.00017027844907014085
0.00016801095718159038
0.00016971642040848397
0.00016874468968164642
0.00016696547319709667
0.00016584366397930182
0.00016632468594866362
0.0001647822103172813
0.00016772530604248646
0.00016468810046273857
0.00016616580218160022
0.00016522359396093042
0.00016364998433888875
0.0001635492366347871
0.00016292162111297714
0.00016329970409092106
0.00016296006639169905
0.0001594080499777212
0.00016144956785760716
0.00015973827398410942
0.00015938480437340083
0.00015993376963213023
0.00015739974827501095
0.0001563528768152584
0.0001564167058282658
0.00015477634620551098
0.00015606657575499338
0.000156057932099213
0.0001556769681668707
0.00015365463530595417
0.00015308178494565723
0.00015248160099667766
0.0001524010003430472
0.00015370966793491457
0.00015433060733111072
0.00015105051559632574
0.00015136133798848632
0.00015010967849975618
0.00015083280691448398
0.00014941150978045365
0.00014844698278502472
0.00014637959006507084
0.0001481391362986223
0.0001444997945036401
0.0001458787736642848
0.00014474928417249422
0.00014457828825784782
0.00014356801481930833
0.00014379000884446908
0.0001439131947295625
0.00014011286591208215
0.0001425254750201527
0.00014031163109267286
0.00014301040296061247
0.00013845717735217044
0.00013947025123929526
0.00013896758641223343
0.00013817165230208325
0.00013692715363826415
0.00013588898963959732
0.00013676213513130772
0.0001355128722368746
0.00013543307931741856
0.00013381431391266133
0.0001356926801828548
0.00013384850955084065
0.00013227279753800727
0.0001328773849387764
0.00013279495894512742
0.00013086158718073157
0.00012927177786131743
0.00013035188052858463
0.00012770350163257012
0.00012803406697191406
0.00012655553096725214
0.0001287744061415486
0.00012703355997907263
0.00012705495761395182
0.0001237926449459244
0.00012361518590969756
0.00012376605043835424
0.00012387077795829259
0.00012185168707322227
0.00012176136590744065
0.00011905902890506058
0.00012167853858610641
0.00011994263341503533
0.00011939865735161842
0.00011812769789126499
0.00011760584134939336
0.00011917126805861407
0.0001165671226223591
0.00011690223632432559
0.0001160228391320849
0.00011658667867259491
0.00011358147546701471
0.00011376566323541042
0.00011252558433515817
0.00011240607743341002
0.00011194625402914481
0.00010992888877170011
0.0001104986657710058
0.00011093387591167906
0.00010862678726471987
0.00010913510141539647
0.00010766139987422058
0.00010745937121136873
0.0001061412247712413
0.00010535228826185688
0.00010460171506158652
0.00010480149637606215
0.0001035216526228052
0.00010339530758868898
0.00010129573511201542
0.00010185338929069879
0.00010027101822411059
0.00010124250561810085
9.946331253714999e-05
9.762056649997146e-05
9.781640739813556e-05
9.751758628743004e-05
9.666277214261137e-05
9.635688400195003e-05
9.590287864085929e-05
9.457451009317676e-05
9.266515596362821e-05
9.175446866674585e-05
9.013861568672801e-05
9.194576779418523e-05
9.136974299920671e-05
9.070937052380265e-05
8.922711418335192e-05
8.853087414487664e-05
8.698410136673241e-05
8.631559221851944e-05
8.502895617004226e-05
8.596599029120504e-05
8.424470105544536e-05
8.489534002679266e-05
8.231430376283818e-05
8.1579521393431e-05
8.047256567729797e-05
7.928190627559289e-05
7.834811029275791e-05
7.752997385655762e-05
7.900486007056828e-05
7.631934255686266e-05
7.688473107256932e-05
7.46348991113771e-05
7.451456394748723e-05
7.208545922315588e-05
7.283163455292328e-05
7.222306774454161e-05
7.017558991312872e-05
6.919307096774027e-05
6.88166601402227e-05
6.69422436650757e-05
6.732193688510602e-05
6.651939348928604e-05
6.458234982573895e-05
6.357380367991877e-05
6.25683001934619e-05
6.153095555499229e-05
6.133510350505692e-05
5.919312409823327e-05
5.7957586287582584e-05
5.674703743576157e-05
5.578091507344681e-05
5.4751977358226724e-05
5.384753756886859e-05
5.212881692049994e-05
5.134098012011239e-05
5.122495748963385e-05
4.835925442220514e-05
4.744091916475091e-05
4.558512634809793e-05
4.472703793406929e-05
4.332172059698805e-05
4.188170366601431e-05
4.0291143618527916e-05
3.8436596905439135e-05
3.6536400786711e-05
3.468473954700042e-05
3.3531733522134886e-05
3.1232802010962194e-05
2.9352965539195935e-05
2.7258674799386462e-05
2.4573576941000088e-05
2.1967912335266682e-05
1.9257003845732413e-05
1.5720855530656954e-05
1.106921715861414e-05
7.364595625141653e-17
