0.7495016817985529
0.7490713137836684
0.7486658083864917
0.7491264306763734
0.7487085212371305
0.7486506850223699
0.7489774021264539
0.7491076462695927
0.7490139493092429
0.7491001070621047
0.7487597179249771
0.7489084822499461
0.748970977131529
0.7488954364643973
0.748881199420278
0.7488354283960769
0.7490699999285333
0.7488982377568524
0.7491693583312766
0.7488220424468949
0.7488168758013486
0.748864130218728
0.7489808037289798
0.748917742974759
0.7487931398998556
0.7488142610743164
0.7489773408574847
0.7488405681102208
0.7490658127044587
0.748845875763692
0.748995845632417
0.7489514896649156
0.7489454512229722
0.7489245192589171
0.7488552305556042
0.7489781840171982
0.7489980268094129
0.748893325227742
0.7489545370042829
0.7489921191636455
0.7488035133802002
0.7488457828540822
0.7489077423461102
0.7488821788803807
0.7488894895209138
0.7489169803491564
0.7489541601010841
0.7489605892173832
0.748954362942067
0.7490149572653819
0.7489879433261204
0.7488668180886849
0.7489260182899967
0.7488444579541383
0.7489272854616242
0.748942696402771
0.7490023109517404
0.7489924026098747
0.7490296256196292
0.7488850904364472
0.7489497188576172
0.7488997410455484
0.7489546609660872
0.748909765275038
0.7489241605050425
0.7489354391170256
0.7488739178951255
0.7489400355885119
0.7488853930926275
0.7489548901141787
0.7489388371631194
0.7489195692076319
0.7489774531364346
0.7489309102472212
0.748865548499869
0.7489606231727026
0.7489201833620236
0.7488808696238061
0.7488930054027669
0.7488440777830848
0.7489568697585819
0.7489107474332619
0.7489925277518581
0.7488773852055519
0.7490050567496754
0.748924652595229
0.7488763623791841
0.7489003506662436
0.7489247874339858
0.7489706289596229
0.7489667229503357
0.748893771929953
0.748903637123166
0.7489292835385145
0.7489271909663671
0.7489597304709553
0.7489096664655014
0.7488959090681062
0.7489013633337618
0.748974547247012
0.7489099644170673
0.7488465499591632
0.7489062893496208
0.7489031942966536
0.7489206688600321
0.748989869340768
0.748975601111401
0.748877204326561
0.7488794148228282
0.748978224610795
0.7489173805455749
0.7490085051970936
0.74886514596708
0.7489145300952048
0.7489468810231229
0.7488959298811245
0.7489549233118103
0.7488601982393708
0.7489677937270404
0.7489085642999211
0.7489152209917089
0.7489210437689773
0.748911416269176
0.7489122717936072
0.7488996496534095
0.7489362465066479
0.748897795131899
0.7489678565083544
0.7488667797344194
0.7488685373976075
0.7489276772832492
0.7488895682477489
0.7489274694770625
0.7488979174865994
0.7489447168151724
0.7489150261474169
0.7489514493703877
0.7489060863009532
0.748891283706429
0.7489443326731489
0.7489173717529987
0.748948869656736
0.7489263827176492
0.7488862403230718
0.7488830739096209
0.7488465356449242
0.7489117821937958
0.7489491294664503
0.7489007477781116
0.7489470645588168
0.7488907173232409
0.7489210988337864
0.7489133674788149
0.7489662013300238
0.7489255806646528
0.7488971944372423
0.7489577087878181
0.7489399343383084
0.7488724814385678
0.7488886246860704
0.7489313772614069
0.7488777321226177
0.7489652387135924
0.7489755055032233
0.7488698297635198
0.7489144341396184
0.7489006215015866
0.7489110561532752
0.7489365290791429
0.7489193849210718
0.748969833995995
0.7489015695087357
0.7489444676997047
0.7489312732859204
0.7488765105288152
0.7488912656535225
0.7489128855524002
0.7489650215104439
0.7488942463866292
0.7489258829767382
0.7489406188557703
0.7488939638755236
0.7489274662596818
0.7489208989149112
0.7489550353302843
0.7489097052536441
0.7488693651272551
0.7489169876044394
0.7489575620090018
0.7489433387441929
0.7489119537418153
0.7489792800335459
0.7489194794975379
0.7489126346914019
0.7489431525834003
0.7489112432088461
0.7489421453666283
0.7489468821960255
0.7489390926376183
0.7489235060462546
0.7488877613321178
0.748882869294895
0.7488980889565859
0.7489518102415778
0.7489406302951108
0.7489350133383511
0.7489342897325248
0.7488708783210166
0.7488840689939618
0.7488853341491114
0.748881309714273
0.7489453188963521
0.7489282098774043
0.7489473537271184
0.7489046143474613
0.748940065214125
0.7489146321987838
0.7488994382528904
0.748933757971103
0.7489452518847929
0.7489295689260654
0.7488943833391247
0.7489143866395391
0.7489261702685664
0.7489019193284311
0.7489048853405212
0.7489671320371067
0.7489359950532662
0.7488942080310441
0.7489097281409304
0.748891314379193
0.7489518641840868
0.7489072881486974
0.7489167164628572
0.7489577242925561
0.748864557142926
0.7489046352235232
0.7489488766386205
0.7489862033794962
0.7489407772238926
0.7489053735795879
0.748932275701101
0.7489275975224318
0.7489279750523136
0.7489381329506904
0.7489190666518566
0.7488956698586765
0.7489487248627348
0.7488752024976073
0.7489258598958399
0.7489466510334228
0.7489562062144399
0.7489187442149712
0.7489448166507233
0.7489084546605195
0.7489231504831678
0.748922157612826
0.7489324117546435
0.7489348067915949
0.7488956248308513
0.7489316783843258
0.7488989624001738
0.7489158829831318
0.748968483695774
0.7489110298036796
0.7489068378485982
0.748944070364339
0.7489331097918811
0.7489030430355581
0.7489355786424605
0.7488918258446855
0.7488865111483183
0.7489614748864997
0.7489294615978707
0.7489527054732867
0.7488958253400633
0.748928340026153
0.7489096232007192
0.7489104877966485
0.7489268121144066
0.7489317915782636
0.7488742618987393
0.7489735803975581
0.7489784162984453
0.7489316295858667
0.7489105098941148
0.7489250431698415
0.7488948631082943
0.7489197944030873
0.7489492909282947
0.7489490453975454
0.7489290540675995
0.7489065640843479
0.7489045521792085
0.7489730814812887
0.7489525463791656
0.7489499065177233
0.748919407910559
0.7488832041183465
0.7489247008494101
0.7489447064351183
0.7489557524046788
0.7489257114424231
0.7489255077107089
0.7489245518779188
0.7489416918590155
0.7488598277616837
0.748917420374149
0.7488883108458927
0.7489216104719415
0.748910365054013
0.7489024862814408
0.7489276591934823
0.7489369428858151
0.7489417182502354
0.7489450103842359
0.7489389285712846
0.7489021734951576
0.7489038638063826
0.7488922727424868
0.7489344509743984
0.7489099435162062
0.7489386249472454
0.748953275968916
0.7489261456494712
0.7489385117657291
0.7488812786272552
0.7489257314309918
0.7489272698208007
0.7489137534055182
0.7489169920750576
0.7489111671738072
0.7488999892797958
0.7489317143797011
0.7488956805907043
0.7489245583836069
0.7489354374956387
0.7489266859157453
0.7489283786997332
0.7489336353370896
0.748948929649151
0.7489272552674422
0.7489032340017833
0.7489111141110272
0.7489313449566978
0.7489233815377285
0.7488923365935903
0.7489430444989872
0.7489029067465468
0.7489395944900747
0.7489189396714132
0.7489364320698735
0.7489373727548022
0.7489399776178586
0.7488979856615544
0.7489159551859679
0.748902298829467
0.7489246707537052
0.7489628106821598
0.7489460297170503
0.748937995328499
0.7489259176631882
0.7489354985803826
0.7489069739629005
0.7489096080928732
0.7489364346506397
0.748911024586971
0.7489073825830385
0.7489216586864366
0.7489428329495044
0.7489158403022655
0.7489016572685744
0.7489255496155296
0.7489111064278038
0.7489338881889909
0.7489295842140284
0.7488939602254684
0.7489375649644157
0.7489081608575315
0.748950479771511
0.7489334110300346
0.7489666713276575
0.7489117322375435
0.7489303979452434
0.7489050103382796
0.7489171470417979
0.7489305263877405
0.7488903785326598
0.7489375074310881
0.7489319929448126
0.7489220346389156
0.7489016616471076
0.7489261392398721
0.7489190322482263
0.7489676379566632
0.7489382057459512
0.7489440119019174
0.7489201539318943
0.7489538040040733
0.7489455591800833
0.748914463739064
0.7489070015848037
0.7489067462123475
0.7489127075924707
0.7489188893595027
0.7489027659123035
0.7489101803763281
0.7489368825608738
0.7489250698562668
0.7489326438764219
0.7489258392745958
0.7489109175367131
0.7488960882875292
0.748915221016972
0.748917061591718
0.7489121156430397
0.7489310910380184
0.7489384574671077
0.7489249010827245
0.7489173118385224
0.7489372861448867
0.7489196062719833
0.7489139870359175
0.7489409508031036
0.748898820474456
0.7489505013057631
0.7489100398527894
0.748945298104296
0.7488892083516767
0.7489033189197711
0.7489304342921036
0.7489118974733441
0.74892942172663
0.748907862347718
0.7489120149930972
0.7489301821730212
0.748905456745001
0.7489317478902537
0.748896979014202
0.7489117995037594
0.748922713222499
0.7489293294641265
0.7489277809842486
0.748945744029107
0.7489388283705918
0.7489107972360539
0.7489030234994523
0.7489098052032813
0.7489154168254453
0.7489200718011874
0.7489234961650444
0.7489109873720289
0.7489262237699859
0.7489141902963584
0.7489227525414437
0.7489037547563748
0.7489345764320205
0.7489162695886787
0.7489406869365812
0.7489256209894869
0.7489157819863793
0.748927407598723
0.7488889902386332
0.7489404471117752
0.7489144755716456
0.7489370144845521
0.7489126652458039
0.7489214045980542
0.7489223686141926
0.7489219544140098
0.7489310345903275
0.7489117764706816
0.7489075646097654
0.7489187200217106
0.748921146442884
0.7489321396229858
0.7489240392753315
0.7489277991362405
0.748943589597613
0.7489129060788929
0.7489335949995181
0.7489166878186033
0.7489175328264922
0.7489173819041777
0.7489258411166974
0.7489362447979728
0.7489050839170021
0.7489152979420847
0.7489258280668691
0.748901530687901
0.7489372319647845
0.7489223504959779
0.74891904489538
0.7489100631414167
0.7489120456520154
0.7488906842730585
0.7489269400622621
0.7489392002154086
0.7489155693124379
0.7489374195948989
0.748921353960339
0.7489130645333245
0.7489208806255284
0.7489255949090947
0.7488987328694757
0.7489311978602464
0.7489121764498186
0.7489193474842851
0.748903148210322
0.7489067469462195
0.7489191524347212
0.7489308654351868
0.7489187439697852
0.7489105908271616
0.7489394053040791
0.7489178821971849
0.7489149523863694
0.7489470440125326
0.7489380676172671
0.7489239262097495
0.7489063898725173
0.7489275867160481
0.7489253743827532
0.7489231287093656
0.7489305153787166
0.7489290449395385
0.748922678041628
0.7489118257239221
0.7489383929895779
0.7489249621620654
0.7489381584346824
0.7489298589251322
0.7489350452698155
0.7489250963660781
0.7489452239366824
0.7488886744356485
0.7489223206710969
0.7489280234131221
0.748906485767828
0.7489348988894194
0.7489174949571856
0.7489146636272417
0.7489296761453721
0.7489051203487502
0.7489129253851603
0.7489184397522286
0.7489358900254338
0.7489229680779472
0.7489362646765729
0.7489479520973596
0.7489279316895971
0.748927876622132
0.7489259164104509
0.74893790905273
0.748898624088477
0.7489237095271126
0.7489345434946968
0.7489405289200208
0.7489193492869616
0.7489412530340833
0.7489104719869131
0.7489139729025441
0.7489448861909268
0.7489191367448812
0.748915641559525
0.7489199980337905
0.7489161837195478
0.7489380275858739
0.7489182107021544
0.748931905471814
0.7489014994147688
0.748912234541837
0.7488867615143565
0.7489372470104029
0.7489383582243081
0.7489273758005071
0.7489391153218796
0.7489231921264626
0.7489055334522432
0.7489230742834466
0.7489009775131129
0.7489101787023412
0.7489107248544687
0.7489311968700023
0.7489253414889863
0.7489010741485578
0.7489249164856945
0.7489237744383525
0.7489333695543596
0.7489447077316715
0.7489064633078074
0.7489054464799278
0.7489325724901861
0.7489339690698785
0.7489233993537046
0.748934186576298
0.7489352623906951
0.7489183909692787
0.7489214317526189
0.7489188180670224
0.7489280793797938
0.7489082871592223
0.7489382425601478
0.7489214184509866
0.7489175343757777
0.748917191943471
0.7489130814301184
0.7489314434757988
0.7489188770538506
0.7489349775597085
0.7489103521921855
0.748926722652727
0.7489195560611349
0.7489356808714518
0.748926090925421
0.7489334999035351
0.7489168592127055
0.748922595373322
0.748944810178391
0.748937066745795
0.7489198802308501
0.7489074621198011
0.7489115038378615
0.7489115259474155
0.7489473748367041
0.7489208305180195
0.7489191106957946
0.748921971579156
0.7489305182954384
0.748934486107832
0.7489258541058449
0.7489299367396585
0.7489304263386013
0.7489314378354082
0.7489278050178872
0.7489288474301713
0.7489091476348947
0.7489341575306605
0.7489349341941195
0.7489148470162507
0.748925177081969
0.7489434183414211
0.7489179460355484
0.7489328468402622
0.7489116097721346
0.7489212575858508
0.7489306171927422
0.7489332978791966
0.7489391361559693
0.7489052337577647
0.7489236573176414
0.7489421151535766
0.7489037261399227
0.7489276565598613
0.7489256612579741
0.7489144527997355
0.7489034945411445
0.7489071420956339
0.7489271507051569
0.7489246806349285
0.7489256099166353
0.7489248759322378
0.7489317362232661
0.7489158470322542
0.748964864043241
0.7489276690464344
0.7489345539435722
0.7489085268201817
0.7489290548493278
0.7489066125906134
0.7489310075775482
0.7489218579889142
0.7489100205058208
0.7489288593613597
0.7489155426266166
0.7489246952759125
0.7489250031280117
0.7489275492121052
0.7489210415835521
0.7489316367269887
0.7489258109901471
0.7489310707945629
0.7489222334029292
0.7488991193452862
0.7489230008185567
0.7489338875942086
0.7489345858284533
0.7489358944831865
0.7489262333428407
0.748923203905727
0.74891429985365
0.7489173870937014
0.7489228800068434
0.748941277991901
0.7489301403166618
0.7489364758918142
0.7489195193562694
0.748933653550464
0.7489231649557986
0.7489349038147635
0.7489154023538478
0.7489182408437701
0.7489273823091719
0.7489252057097381
0.7489296679982135
0.748927087038786
0.7489379851973337
0.7489314240274647
0.7489037023186341
0.7489159527855856
0.7489375472186169
0.7489171132525544
0.7489211018287225
0.7489246292335645
0.7489329251974878
0.7489344026116004
0.7489303303204384
0.7489149639579453
0.7489171491595348
0.7489366653245134
0.7489223732399278
0.7489238501814061
0.7489161472243953
0.7489220671942755
0.748936846974679
0.7489262039711768
0.7489167045615477
0.7489133953492599
0.7489333574070747
0.7489231666013986
0.7489255617884867
0.7489379892234622
0.7489172437891107
0.7489285893501655
0.7489246246952511
0.7489208848996619
0.7489278298967884
0.7489197260827133
0.7489166903953731
0.7489267382118291
0.7489246322477615
0.7489190659974598
0.7489150326989907
0.7489266423827646
0.7489241540115344
0.7489187701211878
0.748927970348526
0.7489170317681357
0.7489344385622401
0.7489068142133968
0.7489177272605458
0.7489213041277841
0.7489296033453194
0.748926915090466
0.7489359980799427
0.7489152632758067
0.748922159691096
0.7489240930918478
0.7489278711147044
0.7489349066717815
0.7489247666896081
0.7489319178066789
0.7489213822611213
0.7489150480216591
0.7489095874719205
0.7489207058430922
0.7489225613193717
0.7489269167787445
0.7489181311976203
0.7489329194262835
0.7489070388583461
0.7489253996707744
0.7489098585247203
0.7489215147584303
0.7489239136822792
0.748924625984618
0.7489217354191567
0.7489285102666683
0.7489248011392217
0.7489256858634533
0.7489330617595464
0.7489216269982643
0.7489385092706413
0.7489051166186648
0.7489241216169591
0.7489109655236802
0.7489166624868416
0.7489171823237308
0.748920826807361
0.7489195083782886
0.7489210074699711
0.7489182796875941
0.74891215174593
0.7489270809892511
0.748917327967703
0.7489137082278683
0.7489293113097304
0.748920710048851
0.7489274063609704
0.7489287303723912
0.7489179664846599
0.7489169015388043
0.7489269248578427
0.7489304003019697
0.7489213948716048
0.7489247093194418
0.748937088605187
0.7489285945672457
0.7489260055535758
0.7489236195250741
0.748929442739873
0.7489315509133787
0.7489251452222722
0.7489214594841476
0.7489278802405156
0.7489208094619109
0.7489255289518374
0.7489233730083966
0.7489209369487295
0.7489166089748224
0.7489179050041023
0.7489320640719859
0.7489151279592218
0.7489299367452568
0.7489249283828787
0.7489272838321356
0.7489297802369642
0.7489140378473814
0.7489221582901502
0.7489205990335106
0.7489185247170397
0.748918814441244
0.7489251782437654
0.7489277375982146
0.7489207116008523
0.7489220415339869
0.7489218981654567
0.748930997619979
0.748924236565898
0.7489201130721587
0.7489240058747355
0.7489277116537647
0.7489213222046261
0.7489305391193993
0.7489261199985281
0.7489140343212569
0.7489194367960775
0.7489272324543583
0.7489303423759619
0.7489239701994115
0.7489230311063616
0.7489297310958809
0.7489142636113968
0.7489225081295128
0.7489274209129322
0.748925973104009
0.7489281237227523
0.7489282224458675
0.7489299789099539
0.7489238992708269
0.7489220295328767
0.7489152283871381
0.7489242317894056
0.7489301893545806
0.7489196943974291
0.7489261957523231
0.7489193693280182
0.748926728894878
0.7489258235478227
0.7489217368509086
0.7489302821085616
0.7489152520656573
0.7489217083416095
0.7489302354964451
0.7489265001617069
0.7489104245046612
0.7489254936822018
0.7489109981612719
0.7489296602901163
0.7489191528699305
0.7489212368179983
0.7489287524740436
0.7489315083607602
0.7489068935839741
0.7489238130955775
0.7489165575716512
0.7489282556254632
0.74893083342606
0.7489195650458564
0.7489298946263822
0.7489148202482404
0.7489146690718131
0.7489347225799927
0.7489265137410863
0.7489237934894982
0.748926067408636
0.7489205700721111
0.7489256836051819
0.7489293068445697
0.7489258209540666
0.7489135452493499
0.7489263936920665
0.7489287445848598
0.7489281241148471
0.7489261885050708
0.7489187700073058
0.7489151994651901
0.7489197504384058
0.748926068414692
0.7489224319673055
0.74892699940348
0.7489254517326313
0.7489273892721557
0.7489224053764493
0.7489274956453783
0.7489307441281516
0.7489265746063647
0.7489258587316119
0.748926000027227
0.7489244898556762
0.7489194565429458
0.7489239222364266
0.7489199566726147
0.7489344225469284
0.7489210359785149
0.7489237171925123
0.7489238533396776
0.7489244111009704
0.7489275219254048
0.7489251133064012
0.7489200032973605
0.7489223932899011
0.7489203323215409
0.7489233642773077
0.7489151863171274
0.7489275388882325
0.7489221470316525
0.7489230554884111
0.7489258828771044
0.748919912086548
0.7489227421379915
0.7489206589533663
0.7489261033546072
0.7489219866067559
0.7489236484350417
0.7489260047471081
0.748922456675539
0.748919140599701
0.7489211623765799
0.7489302426385627
0.7489247811406015
0.7489257577154754
0.7489264001797755
0.7489200970085133
0.7489190843823367
0.7489189607004948
0.7489225182908092
0.7489259859437922
0.7489249896747234
0.748924574699099
0.7489238368264413
0.7489198894690627
0.7489272787301862
0.7489244728157105
0.7489245555505458
0.7489223120497683
0.7489244937089167
0.7489231168303395
0.7489239181009856
0.7489222407780615
0.7489234572861136
0.7489240596524703
0.7489254152006439
0.7489252093414752
0.7489229028641554
0.748923483814972
0.7489245649982958
0.7489248091668893
0.7489253411839443
0.7489212014153432
0.7489249522510059
0.7489222935701463
0.7489248179623408
0.7489253967926012
0.7489254225572332
0.748923596276788
0.7489242883200543
0.748925265289515
0.7489243254634992
0.7489245291997142
0.7489232316266969
0.7489255461694939
0.7489230142767385
0.7489232790998211
0.7489242946905326
0.7489222909718772
0.7489244175143297
0.7489238089742603
0.7489238760773425
0.7489235860546342
