1.0058634463740224
1.007823855959714
1.0104616143908232
1.0088822410027574
1.0081211031246764
1.0078294638205958
1.009598051868272
1.0090776339004448
1.008445690123311
1.0087771840704038
1.0084864457087976
1.0082464439076504
1.008691464019623
1.0097331609907771
1.0097834228902385
1.009074935424369
1.0094427942129471
1.0095258600696568
1.0083249637143998
1.0092441594367245
1.008614505938433
1.0097654101038072
1.009617753870376
1.0092130955046568
1.009086221811177
1.0091361130975296
1.00898116879622
1.0087706271416692
1.009406810355204
1.009607203219898
1.0101690245477382
1.0089702408533439
1.0099330309069507
1.0087601937114357
1.00919177475731
1.0092495618532569
1.0088530109418627
1.0089007370790097
1.0089491559460966
1.0087343643456546
1.0092628935635026
1.0092391513278822
1.0089604364975124
1.009086340391277
1.0091750383162879
1.0086728728176664
1.0093305962840984
1.0092339224386002
1.0095874642151474
1.0089947754495903
1.009306258187963
1.0091780637458574
1.0082905968113087
1.0089869005527268
1.009000588462374
1.0088204124752238
1.0096071525752226
1.0094185472413992
1.0089540943946846
1.0086360643882475
1.0087663129831372
1.0085333456130505
1.0091184239565705
1.009002078602359
1.0091982920007896
1.009210835127511
1.0091105758771692
1.0090528857671452
1.0098995985882384
1.0097796529169571
1.0089471023208223
1.0091987193732466
1.0092359891685352
1.0090332608597765
1.009515086437549
1.0086982732325571
1.0090346850007677
1.0084903072271623
1.008624413221189
1.0091565922229566
1.0091435914960116
1.0089069536117927
1.0088518179606287
1.0092472428416952
1.0089620436784643
1.0088791978901401
1.0091106333088953
1.0091237843925265
1.0090481722465008
1.0096595378253679
1.008878949497932
1.0087424763355342
1.008983972575349
1.0088801062794344
1.0089233406020939
1.009199749145275
1.0089358198794185
1.0088971616616704
1.0091457703032278
1.008987681699651
1.0088084872234209
1.0089639440714862
1.0091492325594325
1.0089289176240415
1.0093220075782658
1.0090749903524663
1.0088491681466123
1.00907019190892
1.0087793959586364
1.009054805370125
1.0095042104021115
1.0094332769992853
1.0088638666017056
1.0088859673245545
1.0087818493873884
1.0090976334129278
1.0090565337798343
1.0088338539405162
1.0093952230312269
1.00915980575194
1.0088884081652278
1.008882210966386
1.0088745147524651
1.0089907086604912
1.0091064919903294
1.00916581399723
1.009154956749381
1.0090941624310181
1.0085793774820844
1.0088525513050122
1.0092763056577359
1.0093058891894366
1.00886586534424
1.0090777234839032
1.0094347374559485
1.008897323017387
1.0090361303625695
1.0087422063826543
1.0091910756649136
1.0094021089573668
1.0091305273896207
1.0091725997855787
1.0093822512368134
1.0087835723487575
1.0090217036756204
1.008842148684096
1.0087677855685602
1.0090636518836464
1.0088610695795204
1.0089911220338008
1.008984482659516
1.0088505718713505
1.0089299158122838
1.0092806693857586
1.0091004008656432
1.009164222568124
1.0089946910129368
1.0089022242493888
1.0090746268092408
1.0087309192685694
1.0093820527573465
1.0090715609662868
1.009464171430904
1.0089388509058226
1.0091726355273332
1.0089748726941488
1.0091686924428116
1.0092265161598815
1.0088844171381954
1.009069439863749
1.00901411935495
1.0089708853706045
1.0089496517057255
1.0091096403531175
1.0085877726817853
1.0090713938587534
1.0088672057022157
1.0087985043644445
1.0090333299176837
1.0089518122904577
1.0089227180889102
1.0089888070863577
1.009047274329321
1.0091793630462398
1.0090828030946353
1.0088274444535261
1.0089236695793016
1.0088803050035626
1.0091175222981634
1.0091973945675796
1.0092164204006404
1.0091150844254588
1.009083888768103
1.008977250223957
1.0090868023585506
1.0091581995309613
1.00876317462142
1.0091980986371218
1.0090438876388477
1.00901011806872
1.0091159342901452
1.0089856498994132
1.009043613241863
1.0090662542552382
1.0088885963473202
1.008757543417926
1.0091164402041954
1.0089521463523434
1.0091372276483859
1.0089929111781684
1.009185868582517
1.008962721174655
1.0089630712317645
1.0089789328132146
1.0088742553112027
1.009391687457564
1.0091291131434632
1.0091977501885205
1.0090253961998517
1.0091712763713288
1.008974724029265
1.0090794718145066
1.0090222336138464
1.0088764965226606
1.0091411018318488
1.0088563811071034
1.0089988260451452
1.0089433277950364
1.0092807213621757
1.009016653968751
1.0089232510299762
1.0091978968866102
1.0090779214701873
1.0093286436381452
1.0087949932150455
1.008975399964902
1.0092219548854071
1.0090474609865752
1.0092735971685833
1.009028005007229
1.0090458216587785
1.0090174807121781
1.0089688853320975
1.0092361029502859
1.0092174201335358
1.0088217353235096
1.009150877231309
1.0093985804123469
1.0090343800457566
1.0091131754168439
1.0090230973835803
1.0088531563986174
1.0090110750202952
1.0088338265336854
1.009135724195269
1.0091291305351322
1.0093094657080461
1.0089141590314155
1.0090876994181954
1.0090242673635261
1.0086962330846165
1.0091349244417127
1.0094844030866348
1.0089594862584037
1.0089133666956929
1.008926223458091
1.0091458169764422
1.009047210235555
1.0089834619870208
1.0092239951865751
1.0090151142263968
1.0091225012788996
1.0090542712979305
1.0089600478619842
1.0092888487593792
1.0091706981402868
1.0089989799981849
1.0091209473091116
1.0090834407222504
1.00894373297415
1.008936324940992
1.008854607152923
1.0090906692534405
1.009117327022514
1.009087923887607
1.0091616643415475
1.0091805024346179
1.0092070510273101
1.008873068109638
1.0091073783687392
1.0090423871657197
1.0089652439890595
1.0090084426745571
1.0091483296158688
1.008952051741568
1.008992507526078
1.0089674448650638
1.0088796194403211
1.008835740242212
1.009028441717702
1.0090560683555923
1.008777724054162
1.0091942733577839
1.0090506967692634
1.0088740788506707
1.009111621376466
1.0089772500796204
1.009223043829356
1.009107209439913
1.0089211702486132
1.0092256540846198
1.0089192113950736
1.009012621106464
1.0092111545391398
1.0091935551775324
1.0091186601832731
1.0091931100768492
1.0090589885296373
1.0091549471288703
1.0090880455439153
1.0091274662697345
1.0090516990541143
1.009107172977977
1.0090756322956806
1.0091489439838066
1.0091483716393754
1.008962604594476
1.0093734909241596
1.0091204382637782
1.0091262696306402
1.0090649775939167
1.0091244800052428
1.0090646436999715
1.0090262326848183
1.0089395203401923
1.0088957744401392
1.0090289056943795
1.0090567904931558
1.0090924561049068
1.0090619604606652
1.0090142320679643
1.0090933414629863
1.009169731774222
1.0088513828226575
1.0089770319164817
1.0090050506087953
1.0090258232529739
1.0089165737364418
1.009241408070685
1.008938379182864
1.008887325624358
1.0090561561432654
1.008974415337878
1.009111929797888
1.0088916017216374
1.008986415923853
1.0090459936936749
1.0092760426056444
1.0089477742372126
1.0090254076985583
1.0090446374262239
1.0088078085576917
1.0091765227488263
1.009087943894301
1.0091531957911508
1.0089141621048592
1.0091354901736578
1.0090280635174804
1.009148250014423
1.0091832842392996
1.0091032073195054
1.0091929392494867
1.008787828917059
1.008953270304349
1.0091263390917584
1.009082303457787
1.0090335108878243
1.0089562140654058
1.0090792651680287
1.0091229732904892
1.0089790240212064
1.0091056327619947
1.0089352547949868
1.0089754044465695
1.0089792432870341
1.0088935147755862
1.0090754982406902
1.0091331175773144
1.0092136250940096
1.008931433936738
1.009099713397238
1.0091903789001009
1.0089935715168619
1.0089931381541206
1.0091610200617005
1.0090452284299092
1.0089900653733566
1.0089729266185068
1.0090828105798209
1.0090290275441138
1.0089846136940162
1.008950413354065
1.008953077257732
1.0090393487575502
1.0090351478881265
1.0090549752539537
1.009167063328316
1.009088863945283
1.0091703360081505
1.0090123060146414
1.0090672463573265
1.0091782534294316
1.0090110836175934
1.0090216330817057
1.008975368301855
1.0090378662583963
1.0090882876708738
1.0090434684263438
1.0089538605065644
1.0089888111957308
1.008984691478047
1.0089601430557102
1.0089360168893444
1.0087850465130745
1.0089844419970582
1.0091272204194484
1.008919141776204
1.0089204202789077
1.00909732368485
1.0090703653125355
1.0089721950394985
1.0091374900538674
1.008900363835177
1.008963248986172
1.0090525485121726
1.0091811945989209
1.0090340093623784
1.00907710351525
1.009082489693708
1.009064804282178
1.00905689564563
1.0089210654264371
1.0090407042924021
1.0090685008932903
1.0088893616210024
1.0090350244439699
1.009174574859216
1.0089209219953927
1.0091392796932617
1.0090155560065495
1.0089586964673227
1.0090064361419526
1.0090360883011669
1.0091765707748248
1.0090251466847022
1.0090765414054015
1.009115391062345
1.0089765275976876
1.0092326743907023
1.0090350641260526
1.0092411334313303
1.0090940537810522
1.0090639862589228
1.0090736755549619
1.0091722213624263
1.0089363200949188
1.0088020474240498
1.0088900249800266
1.0089992238994936
1.0091511619981772
1.0090772104799801
1.0089492798264421
1.009156350124857
1.0089401338145256
1.0090376287853797
1.008947518567325
1.009255889227123
1.0089665429077883
1.0091499002547186
1.0090232304842677
1.0091168679986622
1.0092198815082494
1.0089360183387277
1.0089684649767918
1.0090045427458427
1.0091900587578115
1.00906350379591
1.0089652692641795
1.0091152082878678
1.0090118399723325
1.0091158544101402
1.0090310630094208
1.0090131376968836
1.008943520674779
1.0089399731173472
1.0090910614141653
1.0090935408591295
1.0088929255438284
1.0090743208096202
1.0090021518398875
1.0091930037623158
1.009058218331141
1.0091168783102027
1.0091388751384085
1.0088853849909178
1.0089469311725197
1.0089215358062467
1.0091079606904
1.0091207489389147
1.0091500298525333
1.009083315305636
1.00895735515228
1.009092600653032
1.0090413121477944
1.0090463289072826
1.0089957482074556
1.008986714783671
1.0090401170088872
1.0090951353481539
1.009045783875179
1.008979638022294
1.008983054642917
1.0090568167915643
1.0090060547960344
1.0090455414148116
1.0091403475231866
1.0091201692471177
1.0089267135438225
1.0089442877945982
1.0089171945195143
1.0090400987349384
1.0090496782961313
1.009052659303092
1.0090414312876632
1.0089220161269834
1.0090001806364972
1.0090213294719526
1.0091010854325948
1.0090628180757295
1.0089973051026913
1.0090121059587827
1.0089536193352144
1.0091308559709204
1.0091597204917624
1.0090689098715233
1.0090343268177424
1.0090878387399824
1.009072639592376
1.0090950544772144
1.0091890823336624
1.0090102103059497
1.0090357244064383
1.0090841458163458
1.0090342167586002
1.0090589268178978
1.0091030628426083
1.0090579110391966
1.0090188717018518
1.0091677599783766
1.0091086463411856
1.00889825882138
1.009185716512867
1.0090912486525683
1.009137298420676
1.0089845681916505
1.0090606614799364
1.0091239490637718
1.0091544773980103
1.0090163605407116
1.0090883794750996
1.0090295782458523
1.0090539339498585
1.0091334813641566
1.0089726366234637
1.009107650016326
1.0090854615053026
1.0091222399803066
1.0090642575908237
1.0090339733463725
1.009038025316631
1.0089623426872503
1.0090788561617068
1.0090842507612674
1.009072673906942
1.0091150993766018
1.009159706207874
1.0090256081512639
1.0091168691991592
1.0090137818578162
1.0090093970403224
1.0089656851590825
1.008933700288169
1.009057713829863
1.0091004149705487
1.0090711640373917
1.0090438941826105
1.0090891535710034
1.009106143643336
1.009171359604416
1.0091484866374
1.0090436010107624
1.0090017378185971
1.0089957764062691
1.009009897220941
1.0091103768856835
1.0091072548721802
1.009027961241224
1.0090106299646058
1.009168779862394
1.0090148085751391
1.0090769992414097
1.009070988016739
1.0090602783555311
1.0090813763951696
1.0090958280169242
1.0091092802012538
1.009108035968801
1.0091241913512652
1.0090608287104568
1.0090794299364478
1.009024341441523
1.0091329462343637
1.0089814460898257
1.0089614458099565
1.0090614256526655
1.009052753872931
1.0091508573472867
1.009071896547618
1.0091057868365454
1.0089978386830996
1.009115439142869
1.0089226876758068
1.0090320717156345
1.0090130854223371
1.008994793257779
1.0089873590334482
1.0090070736697148
1.0091052171889772
1.0090524940045962
1.0091256415308532
1.0090500615319586
1.0090895416916885
1.0089864612371022
1.0090873072207855
1.0090551397966288
1.0091519570661212
1.009132086979616
1.0090688365621732
1.009060414955787
1.0090791591172286
1.0090026141503818
1.009062708508803
1.0089065547604412
1.0091228658929967
1.0091225218353659
1.0091307087493357
1.0089783673178838
1.0090036266662228
1.0090202216426598
1.0090320596668563
1.0089699885298762
1.009026209582341
1.009041212655742
1.0089815403530726
1.009045507659803
1.0090565501520967
1.0090058297819533
1.009047963952904
1.0091072663751282
1.0090442460764788
1.009067054967865
1.0090225093266671
1.0089801230631146
1.0091449498445508
1.0090607069712343
1.0091008402951662
1.0090469496282883
1.0089825268272037
1.0090402123682614
1.009114702899836
1.009123953101698
1.0090724560557915
1.0089577663755867
1.0091039366051413
1.0091453085722715
1.0090229488590723
1.0090608891312993
1.008991837224248
1.0090298543923395
1.0090613792643865
1.009050227762514
1.0090133505750376
1.0090881271717116
1.0090316333753435
1.0090161628082313
1.009054886753849
1.0090382701567657
1.009045640884288
1.009042767245116
1.0090921360570602
1.0090474482839473
1.0091155797818907
1.0090365780074277
1.0091102062852761
1.0091340506555777
1.0090015394619696
1.0089736476513422
1.0090784048148547
1.0089468175345044
1.009094710621244
1.0091158324106084
1.0089796304147793
1.0090617968779811
1.009106301407097
1.0090974687329086
1.0090735325880749
1.0090362238557233
1.0091403773624308
1.009021663136232
1.0090567580858814
1.0090066370639938
1.00898129915317
1.0091203219065281
1.0089674455136977
1.0090098480979264
1.0089900546444373
1.0090105101777855
1.0090107903879706
1.0090037302269965
1.00902310246313
1.0089897413725668
1.0090836593235224
1.0090311032730026
1.0090580124806396
1.0090489475425741
1.0090900044549165
1.0091154671950344
1.0090112324482559
1.009049801550013
1.0090072732705393
1.0090901441016817
1.0090651537089859
1.0090788774134405
1.00911202846296
1.0090411608940582
1.0090481050426312
1.0089443318152722
1.0090588701655676
1.0090133377967532
1.0089983317504094
1.00910111531299
1.0090287177792756
1.0091150252004055
1.0090568188356988
1.009095394010402
1.0090694297608762
1.0090391935996919
1.009051200118498
1.009088618634296
1.0089853462788705
1.0090488817389351
1.0090149132438844
1.0089713405831602
1.0089775859651353
1.0090252258712709
1.009015051567567
1.0090718175686386
1.0090123459500802
1.0090829088607607
1.008980483929075
1.0090169176649038
1.0090531879603721
1.0090564616319186
1.0090149768094352
1.0090467257028986
1.0090264398687538
1.0091114019875937
1.008999898893631
1.0089971259243764
1.009070011597851
1.0090119799042814
1.0090157877077068
1.0090184623996465
1.0090217332566862
1.009016507940082
1.0090840207177039
1.0090963008577702
1.0090021515003555
1.0089449649215017
1.009085727294375
1.00906272080444
1.0090511970024545
1.0090379358014678
1.0090210091810656
1.0090622979308963
1.0090776352261739
1.0090811210734338
1.0090137356139899
1.009031458689304
1.0090883955997318
1.0090561922950847
1.0090630319973952
1.0090468373379176
1.009058990754941
1.0090746482326776
1.009035494125122
1.0090484612479174
1.0090578263290553
1.0090837374662245
1.0090279935796662
1.009125458107266
1.0090026312809364
1.009069817706695
1.0090631070573828
1.009064203780511
1.0089954731122623
1.0091302872477093
1.0090358074279628
1.0090675063126784
1.0090150759728327
1.0090172515923959
1.0090757627257327
1.0089974272066857
1.0090660363289403
1.0090492148251484
1.0090464072896974
1.0090517548432145
1.0090304412742834
1.0089819899852772
1.0090787814827267
1.0090592988432863
1.0090893468031121
1.0089877752601473
1.0090508950737553
1.0090455285556823
1.009044343874955
1.009036202139514
1.008995387444743
1.0090108374373816
1.008979611029569
1.0090280234546074
1.0090805272131211
1.00904523865368
1.0090162594555103
1.0090092202274799
1.0089946996187327
1.0090971061505476
1.0091064538391459
1.009041942688873
1.0090303114664465
1.0090371018960989
1.009049312739263
1.0090351917642517
1.0091156309206484
1.009014578562965
1.009093377840746
1.0090111778405146
1.0090183989084556
1.0091142546815037
1.009018776216717
1.0090571045998096
1.0090866465934099
1.0090242899241708
1.0090468483792812
1.0090844023826175
1.0089822064147753
1.0090336148603036
1.009050700925859
1.0090272118542754
1.0090528386514075
1.0090712210804194
1.009015360921433
1.0090366316133166
1.0090762301606708
1.0090082336333845
1.0090426431027086
1.0090789613314415
1.0090228402213657
1.0091273244574805
1.0090594378535644
1.0090358369094692
1.0090682159371989
1.0090915345302565
1.0090758126266786
1.0089991105744012
1.0091080598574222
1.009064723327788
1.009053965183286
1.0090553970798433
1.0090876852988675
1.0090883102455082
1.0090143816577903
1.0090514162698265
1.0090391193631778
1.0090557861688605
1.0090666007567983
1.0090516976611896
1.0091104721815598
1.0090263408591222
1.0091047696771847
1.0090520085452506
1.0090667800920063
1.0090431895057002
1.0090455450878784
1.0090561060962027
1.0090266578284495
1.0090479127316705
1.0090644071676667
1.0090461811298905
1.009063236721113
1.0090651057494016
1.009047690085574
1.0090612546642113
1.0090557082877176
1.0090499914431112
1.0090704235932881
1.0090214713511754
1.0090257070942754
1.0090328523289
1.0090379251151365
1.0090738331200748
1.0090272678417336
1.0090251511532582
1.0090574897491993
1.0090346915328574
1.0090292834721668
1.0090982882369723
1.0090605965126476
1.0090475637561516
1.0090408253818184
1.009036741249105
1.0090476352034055
1.009074293043957
1.0090641967876683
1.0090089919294432
1.009013792380617
1.0090596276644928
1.0090651229370462
1.009041134093795
1.0090770540268572
1.0090308935493721
1.0090909397262036
1.0090426753704866
1.009078159713685
1.0090375330922456
1.0090512685832858
1.009040804088969
1.0090795580407805
1.0090415532551649
1.0090533348588029
1.0090433525978824
1.0090484311240364
1.0090803416394258
1.009052967024712
1.0090379848139603
1.0090507104699848
1.0090240845614236
1.0090458272671903
1.0090477645003462
1.0090739057854636
1.0090418780611174
1.0090339167922249
1.009051017312467
1.0090460705932733
1.009011635283796
1.0090613590391964
1.0090699426620318
1.009064341766523
1.0090457044332692
1.0090424871456083
1.0090508108263587
1.0090310550449972
1.0090485492223187
1.009057103683223
1.0090527314673967
1.009045321831963
1.0090727624242914
1.0090452713654905
1.0090400180143868
1.0090359383150018
1.0090507501327648
1.0090395394656133
1.009052643712316
1.0090490896656739
1.0090465845409347
1.0090543750907293
1.0090385990955804
1.009052239027273
1.00906050226595
1.0090496277558914
1.0090492186384379
1.0090569595289065
1.0090337904823683
1.0090463357533328
1.0090467668017309
1.0090486454408154
1.0090494881814225
1.0090521742239187
1.0090499369196901
1.0090491500886958
