0.2557175449412477
0.18098862515376718
0.14856674571396047
0.12782392981040047
0.11390253552668272
0.1031392327206851
0.09519917129547452
0.0899665983848752
0.08382655191849361
0.08023889667575268
0.0763410792948786
0.07303074036277876
0.06972114916973492
0.06759169027055426
0.06517106536717122
0.06295270640621994
0.061205753195763865
0.059090146593981714
0.05775499743767043
0.056879458858168155
0.05556676404369784
0.053367826748656096
0.05296009988073442
0.05135088318175845
0.04972681325630664
0.04913712784374795
0.04823033653464729
0.048066945103425004
0.04642929712160954
0.045524363695035576
0.04561103126940948
0.04454117771712228
0.04364200996747081
0.04347184025890273
0.04241168189037473
0.04164693986547077
0.041116483426902294
0.04003326913055657
0.039577524887133994
0.03889271615203302
0.03897957502722484
0.03883783608178773
0.038251677821293566
0.037353540983805535
0.03692666825245469
0.036656072695445074
0.03640784718225085
0.035846132964862255
0.03546500694335181
0.0347088419209962
0.03491088842966242
0.033886958241275765
0.034177240181345964
0.033675065030709626
0.033449124684117815
0.0334004889888575
0.03325272701841258
0.03250020128017886
0.03235618496076489
0.03164454503814523
0.031516472436609086
0.03182696222895393
0.031242749139219494
0.03071310347381546
0.030495496275553844
0.030400381402946063
0.030407152349805826
0.0295193254749228
0.02946189840648201
0.028861624239434735
0.029141894345862847
0.02872374421051975
0.028699019080047503
0.028242911756798324
0.028848032630205973
0.027799237616124038
0.027825530176801883
0.02796227684932308
0.02772175884169416
0.026774467529463702
0.027030466096546968
0.02726275969714899
0.026754914128052663
0.02658824030822283
0.026298302943085803
0.026030107713488917
0.02631572736616788
0.025608768644010838
0.025867175734000634
0.025351118426677414
0.02559706487188383
0.025473560107126297
0.025189969557252556
0.024746343967443768
0.024706136244051453
0.024689090434915604
0.024660394736482367
0.024410128109429503
0.02418860568551268
0.02431273357265124
0.024228012979194857
0.023713607456666303
0.023867748499555825
0.0237324961445848
0.023493471753513684
0.023422505530109605
0.023649211514530533
0.023048967328590988
0.022975590915190996
0.023042994988468637
0.022612311615764876
0.022718193065256874
0.022695803506510816
0.022382057461395637
0.022221413751882874
0.02227608993300544
0.022146208254845347
0.0220393520257521
0.021946133156420706
0.02172639923584726
0.02144897212262603
0.02152976103210635
0.021494430756900183
0.021610257208332893
0.02111370127217485
0.021074665681956425
0.020965424969610943
0.0208877004804744
0.020802921623019693
0.020782072744543384
0.020757040325660208
0.02062883526268724
0.02048925310425793
0.020387210946412763
0.02057064686033863
0.020064085051718177
0.020123616587951774
0.02011756410923873
0.020092197658958127
0.01997855945427855
0.019692972503349324
0.019953143121116096
0.0194942619509574
0.01972980668635714
0.01925539352956036
0.019389106261853674
0.01930025325998254
0.019408928849850706
0.019461794588388863
0.019281397343132074
0.01924910009550121
0.01897368562055686
0.01892454795691808
0.01891480156517746
0.018611269698187546
0.018604853911898332
0.018576765547958014
0.018587414880063016
0.018601205710501723
0.018339791079520138
0.018329322599800052
0.018292204239924593
0.018354408827473658
0.0179538282194194
0.018116258497694677
0.01803612199556659
0.017903710849739712
0.01816907439461287
0.018038499758025885
0.01757352204569933
0.017915127279311084
0.017731013856912253
0.01746264954293146
0.01766226439499926
0.017450527700038753
0.017321421010020686
0.01738672711724209
0.017180683244160107
0.017170593801260337
0.017325513984263158
0.017266460525701303
0.016915921384457862
0.017005295825453466
0.01704874748788914
0.017060834071552056
0.016819687487516752
0.01669776933066101
0.016742079964760695
0.016631040044766135
0.016575612014271737
0.016677640098851008
0.016453961309386037
0.016467183443196396
0.016324204967712856
0.01636059605460942
0.01638903555657239
0.016363009039469474
0.01610430530489868
0.016193557982752405
0.01619997963245074
0.016059289391581907
0.01587677712527149
0.015995109100866135
0.015962780876609392
0.015793491683002682
0.015640267497021465
0.015687701635369495
0.015549351002622957
0.015688391322721727
0.015429404464257713
0.015558967869558474
0.01571319911705381
0.015525504928171417
0.015441551452291603
0.015506195861754625
0.015359591015442034
0.015395574074770942
0.015153867911022665
0.015073216151552505
0.015169586831784964
0.015106249278205818
0.015172141102213543
0.01518923736622473
0.015022505690294863
0.014835347290463945
0.01487841007223268
0.01470988074755165
0.01468049826962078
0.014804759480264692
0.014576482061863481
0.014837526663507121
0.014709640708998375
0.014602950162596091
0.014530115955108117
0.014396978649947286
0.014268615316629287
0.014452807321870263
0.014233648916843492
0.014413833241146439
0.014365891761608662
0.01429134089494813
0.014081291088232742
0.014160286990519577
0.01412671836700831
0.01421153175992793
0.01388307536186003
0.014102108256212961
0.014019249231495605
0.01391042701643958
0.014007572130908317
0.014009677937007754
0.013838733294732928
0.013773037728531251
0.013830025343801794
0.013722629390622857
0.013658184801363117
0.013557662155287288
0.013517617462453817
0.01366940654476763
0.013629422656209799
0.013693592151037383
0.01352338121647254
0.013546940687107855
0.013351729232581317
0.013494522188920598
0.013308929993150044
0.013175622824529557
0.013289745516354078
0.013363604753833523
0.01316133811393255
0.013261545712646108
0.01322576772580632
0.013147111911705542
0.013054679476697074
0.013169456501301769
0.013016478200137368
0.013081069020508007
0.012765160844849828
0.012991920930209828
0.01294762393852144
0.01285803035339023
0.012879235573941748
0.012731718240484797
0.01271440460404781
0.012645718619240492
0.012643785878983042
0.012583637989501592
0.012581381066508177
0.012756989800801503
0.01265424623751894
0.012502320172942376
0.012496624918993433
0.012382095164678383
0.012631076646354617
0.01255342802754426
0.0123961466861618
0.012481154409213255
0.012195691855165417
0.012368599982254237
0.012331411016314013
0.012272463155847065
0.012230465190772522
0.012243294509032254
0.01229804563794656
0.01216257357059102
0.012195489737775572
0.012045862089254435
0.012104937195558257
0.012065018700714475
0.01197642318644045
0.011942963987316887
0.012047329187012264
0.011997906831642344
0.011986475923169319
0.011783205101545943
0.011784576675091469
0.011755594380123528
0.011795735749786656
0.011856302494818664
0.011714323936468242
0.011593471374335121
0.011640751192097832
0.01174217072020346
0.011721256185744613
0.011525979605537242
0.011583534161699254
0.011530053467758327
0.011460655311641485
0.011468147921620297
0.01149080755376956
0.011447486700958645
0.011411336157701448
0.011349149310090541
0.011488831573024001
0.011189072070628888
0.011233681833818177
0.011304351794883573
0.01120094449186198
0.011192085072543415
0.0112955126320418
0.011214463370074961
0.011047341115567206
0.011050125513324441
0.010982731838505387
0.011118163155950584
0.010965803955718546
0.010979647265554922
0.010923271418418534
0.01096914848019744
0.010883912495805411
0.010813747497812042
0.010883899679722581
0.01090350707192066
0.010813412414593018
0.01091003219641088
0.010869075841871108
0.01069540284735775
0.010788160634741646
0.010729998167851678
0.01062699143705015
0.010673249922119458
0.010708039792409857
0.010647748810581198
0.010577104033631898
0.01063931973786021
0.010545711897442401
0.010422252801776761
0.010555398766076236
0.010529860683529443
0.010476705556027826
0.010405668544172787
0.010517886550441712
0.010452167738011085
0.010452874178469795
0.010348259814000628
0.010406350735634604
0.010326965519202763
0.010258425682705527
0.010308302395738506
0.010333477090883558
0.01035622902514714
0.010283241081899703
0.01019363697160179
0.010312176380396996
0.010200300836988129
0.010084188178309864
0.0101337358790725
0.010097127110214862
0.010058929017770125
0.010068578955334943
0.009943933271828546
0.00998114979986665
0.010031035433699955
0.010042909261387385
0.009951000682919516
0.00989897898008427
0.009835324136558746
0.009923351249790094
0.00986014762062796
0.009961613715897946
0.009796489392684394
0.009834264120602914
0.009860338218385353
0.009713503367867195
0.009756253704498648
0.009826961328534613
0.009716733049358313
0.009712109865142825
0.009665336289013754
0.009738597272817005
0.009604896608210494
0.009632069289718957
0.009567935382377624
0.00968198809038095
0.009620044104816428
0.009527259555086227
0.009426521178721609
0.009519371928664857
0.009566185449053466
0.009356823880734761
0.009341834190899106
0.009335820710668121
0.00942020089334566
0.009473326875997454
0.009348820085384154
0.009375725663484111
0.009400006260402277
0.009330918730309
0.009317920153811724
0.009243844731137483
0.009226702268514849
0.009303258080492526
0.009278253839892172
0.00914633506271264
0.009114330716917127
0.009106197332194987
0.009065824040231143
0.009178492856366684
0.00914367449046906
0.00905376060437557
0.009118855889090546
0.009051094733294837
0.009025515353879568
0.009010829879029625
0.009010357757801684
0.009064623497372873
0.008946874669890772
0.008938959454181578
0.008889876619028967
0.008856099372202882
0.008940074081524084
0.008876958858115947
0.008978283820957972
0.008821710270064783
0.008824236593428167
0.00880545693933874
0.00866423968745807
0.008794356321828008
0.008712849405326106
0.008777141801417943
0.008772677399442206
0.008745848825616815
0.00862602226683692
0.00865702269762488
0.008646265403110977
0.00860566558652831
0.008771800416609602
0.00856933952846705
0.00849285100779226
0.008517518712546778
0.008420685760755187
0.008455262274894087
0.008486652686930437
0.008532049220521235
0.008417038333892074
0.008313767680611208
0.008391704865071643
0.008437561855723906
0.008329062251214143
0.008340557660960363
0.008422679993465352
0.008373450669654588
0.008312143823394867
0.008215475075927254
0.008277936593708327
0.008279080113342063
0.008206132316582142
0.008291274767747055
0.008187827929532607
0.008215113927780906
0.008258790321579727
0.008153035228616117
0.008099914582129176
0.008187128215064787
0.008029617939677602
0.008101002697189975
0.008019488519802578
0.00809748701097079
0.008045140957029417
0.00804156171227685
0.008119651989222295
0.008095065177207705
0.008055112881718288
0.00794121735087537
0.007893256613220235
0.007937084709732312
0.00796065241801134
0.008005193960329017
0.007957838626846781
0.007915113567802879
0.007919586588102288
0.007934915830060292
0.0077850885598444095
0.007861769004574375
0.00782985231709926
0.007846756390370848
0.007839361263774169
0.007799336402616531
0.007728484969259317
0.007711804714749026
0.0076772676809662875
0.007765046542142386
0.007803455040409112
0.0076602295947807075
0.0075991194966028245
0.007734092747373836
0.007519850802525448
0.0076026046930429
0.007614933034232614
0.0076123959448229465
0.007495980173314881
0.007550810186581956
0.007476473458025253
0.0074808423350421205
0.007473580699165339
0.007523302299754225
0.00743806217854777
0.007365236269020821
0.0074250638330901906
0.007463206481688146
0.00745386699355135
0.007371031856866677
0.007328902961250174
0.007416451584009945
0.007398586634976943
0.007236827416023166
0.007228044490734986
0.007385368112432976
0.007222470747448489
0.007360126685884488
0.007316323984012293
0.0071061482467357365
0.007189314039409398
0.007206655805163565
0.007193805621336484
0.0072172357111948
0.007209389993626473
0.007188893277406429
0.007094769299263738
0.007150142447819932
0.007048630502476213
0.007114824925445753
0.006949913359626612
0.007061033271394324
0.007040528408108072
0.007003544479436047
0.007026096463429552
0.007055023682961767
0.007054511221966981
0.006946455784590589
0.006902656658022514
0.006977295347328289
0.006996292767948308
0.0069456980822456
0.006907318501330861
0.006836453813668736
0.006926336700274647
0.0068834270174310905
0.006882864048241088
0.006848052848192184
0.006699081019502475
0.006719321052343947
0.006815531044240962
0.006866418710384255
0.0067693956152319185
0.00677448886479337
0.006716562882752859
0.006685001666783609
0.00674931641739703
0.006674165958000781
0.00670354202065105
0.006658333743606733
0.006633162627426637
0.006662106969852616
0.006630862051935616
0.006648137808537166
0.006711263387131841
0.006667671658366982
0.006652860201213725
0.006578037589495489
0.006521559843645269
0.0065333527814033145
0.00663388225436945
0.006487079577210513
0.006512054123982578
0.006502327696971593
0.006513242503333871
0.006420085982260305
0.006363353898250776
0.006402746746123003
0.006454479132033728
0.006405159913149891
0.006395454342549654
0.0063773298061871155
0.006433829493177576
0.00633414471424605
0.006346769144151782
0.006307139832059777
0.0062955341238666
0.00630141390829936
0.006312934714734638
0.006237400032401372
0.00631291925239994
0.006229719942731407
0.006223080452012078
0.006209520809525651
0.006197893170169591
0.006189497345359886
0.006220346472921127
0.006194168124309161
0.006204690987260072
0.006135418285375625
0.006140043991779802
0.006055912024014647
0.006118104684336843
0.006036168727749499
0.006077520285506502
0.006056492416995795
0.006141602972021539
0.006058576487384693
0.006027807245239078
0.005923190727125389
0.005987191002153719
0.0060150264626628504
0.006053907619389746
0.005940723442147962
0.005942410744757638
0.005985726490657766
0.005913660911339679
0.005827213120336594
0.005809866085955711
0.005884236638514491
0.0059063429080170515
0.005836816981353932
0.005876237235549573
0.005805387600811938
0.005835153795017696
0.005832760847901733
0.00575543350984602
0.00576222911638679
0.005785603809215842
0.005680850736628221
0.005738615262569139
0.005731268974059522
0.005702588608015635
0.0056758714037932955
0.005664297671364968
0.005695937414691205
0.005658182767993784
0.005624691714078902
0.005613503057037252
0.005649671806322483
0.005564898661948344
0.005590783024848352
0.005578729482714523
0.0056505740208365315
0.005592991994926596
0.005547428803701091
0.005575584386261043
0.005617249742522792
0.005536473746286746
0.005445919112120524
0.005442653585964545
0.005491584261248827
0.005513573417398446
0.0053464249595869115
0.0054595622088169414
0.005427912997760929
0.00540908369407571
0.0054487971428409925
0.005432535977828655
0.005384264989130203
0.005327619094371683
0.005359237075943033
0.005315300880013342
0.005295778408206867
0.005313762157233812
0.005312002929435369
0.005266297174021259
0.005281705280193544
0.0053011461538372525
0.005294123880103209
0.0052081969384523115
0.005245797771233614
0.005240901737567465
0.005178939799077004
0.0051909963267639985
0.0052169983752166854
0.005144525973172076
0.005076166077828929
0.005159562566113974
0.00512830018564231
0.005115988449294404
0.005039762729083139
0.005041718066805315
0.005111529353007148
0.005006520193443546
0.005025574383950125
0.005065676125013215
0.005007013424082881
0.004991381310485447
0.00502995377227893
0.004976963250298904
0.004964559069676359
0.004925214645951331
0.004931999123946729
0.004908760080614338
0.005011458541161842
0.004899469805146307
0.004900765096378975
0.004853295141734697
0.004915564484989897
0.004840438042468445
0.004842248598711175
0.004792837854170509
0.004801569414625592
0.0047868396188197795
0.004824124325115972
0.004839226404876237
0.00481680816055708
0.0047825373653029475
0.004713620922182464
0.004724280459538852
0.00475133921387845
0.0046916413995027354
0.00465674306023544
0.004711224457879188
0.0046593435906308696
0.00463708956399769
0.004626894214188575
0.004650630177327018
0.004616335355634351
0.004583075682401449
0.00455867439383675
0.004574782606132365
0.004572258989259856
0.004534197581079937
0.004512040834643725
0.004527012226662166
0.004502538280958599
0.004561579227257254
0.004518720284240054
0.004511002681242265
0.004450038851899744
0.004448880005000277
0.004423136622907703
0.004489335963971121
0.004431251073110499
0.004334222484714518
0.004365143348703184
0.004379413592595317
0.004360209577322252
0.004408756641160108
0.004308288253087584
0.004352234759341875
0.004333738202068026
0.004262820920903255
0.004317280456289493
0.004295180057799797
0.004285548930083148
0.004260606383513357
0.004262906562463551
0.004208830285121425
0.004161486540691398
0.004252037473966018
0.004247955672201383
0.004203427059758111
0.004246807182171066
0.0040950136703041436
0.004139831527001676
0.004135255375092332
0.004078127265865245
0.004076673637343665
0.004087834529859961
0.004089935916687138
0.0041104145451774585
0.004083516256573946
0.004054769856010071
0.00397778799412706
0.004052768550342394
0.004017110205046225
0.003991809936797921
0.003988608957126544
0.003986237184569435
0.003951759699968513
0.003961103442382313
0.003962897568692981
0.0039052430368238574
0.003930553367465128
0.003864600595301401
0.0039205009719551044
0.003921230717643556
0.0038464146221116853
0.003806249259159351
0.003818497292429188
0.003829797938065641
0.003804160942229506
0.003796742407693832
0.003839302785898751
0.003703887683355979
0.0037885082341342457
0.0037351877857832523
0.0037164409420032294
0.003703169363251698
0.0036661747657150815
0.0036951254140383627
0.0037057517476794645
0.003665871871603417
0.0036683464167592207
0.0036620535970038988
0.0036705193684951998
0.003589937747266872
0.0036316646678557457
0.003552486949235928
0.0035732502208535156
0.0035735238299575115
0.0035692503194738787
0.0035365733503086518
0.003511888655183256
0.003511148647107525
0.0035038449163749355
0.0034799174634699303
0.003501033362446703
0.0034272822576197964
0.003481301747037282
0.00340703272573779
0.0034375818579855722
0.003404250252384812
0.003376631184106293
0.003372273228530471
0.0033335090170712855
0.0033810730621157553
0.0033314311520852365
0.0033002755492131724
0.0033286431394115292
0.0033164148678872843
0.0032708965745692053
0.0032931533879312896
0.0033074794381652297
0.003291230471767925
0.003269261376357977
0.0032274666671265584
0.0031780651400281443
0.0032284945638530065
0.0031906139166002026
0.0031855069468930356
0.0031648863228362304
0.003155147573235565
0.003129324240576147
0.003086465878795431
0.0030882522070451684
0.003103364421282717
0.003043833950804594
0.003053209927039029
0.0030038055244011167
0.0030395894685268103
0.0030017981388300195
0.0029970707107550266
0.002974183490099593
0.0029476668348401313
0.0029765810714482157
0.0029562089244049416
0.002928977239341793
0.002926967850437524
0.0029177617625818814
0.0029278674842082527
0.0029176518159020016
0.002848478562386854
0.002821152150898821
0.002825996963322174
0.002821007716439884
0.0028143393797925133
0.0027620925199952446
0.0027680228942658786
0.002738393950308114
0.0027122313922598256
0.002690038600568042
0.0027287469823942772
0.002689854558642453
0.002704304638844004
0.0026763657955710105
0.0026751335103520645
0.002634141822495305
0.0026165630673984194
0.00259996021187268
0.0025811239527184
0.002543265324406136
0.002579067846086452
0.0025699552867499602
0.002535756121049814
0.0025088213705521892
0.002502245360664137
0.002456835013211394
0.0024778889749778967
0.0024453718992008522
0.002417425334676298
0.0024273537337949026
0.002415675472756938
0.002414381125171806
0.0023612923314256153
0.002362624637494812
0.002353168756335522
0.0023479810099861003
0.0022967789994718076
0.0022621863622112556
0.002269569850746932
0.0022847347164780636
0.0022193531162151216
0.0022029805166045814
0.002197248316212361
0.0022079300894921917
0.0021858675572695315
0.0021677706530147884
0.0021103713420578553
0.0021265247912771595
0.0020802758984976933
0.0020662156482250124
0.002067401085488826
0.0020409367155921135
0.0020588791363153297
0.00200259513874353
0.001987554779886697
0.001943954026112555
0.001954158566087991
0.0019459892784856572
0.001942442427920773
0.0019180351005089907
0.0018987330515968914
0.0018678070938875464
0.0018413724881070866
0.0018237802647735246
0.0018067349853718385
0.0018059211428460365
0.0017773334451080837
0.0017540381328892353
0.001734523373380519
0.0017159016664570622
0.0016892307454423384
0.0016819381361621393
0.0016460958175219947
0.001619390497883261
0.0016057486717664519
0.00160192121718955
0.0015402134004178928
0.0015572107206437535
0.0015077284223432008
0.0014923077245930225
0.0014513000637502162
0.0014443289709394121
0.0014194537609857137
0.0013808687232663122
0.001360909962329436
0.001332038215714999
0.0013167509896002579
0.0012874400660492405
0.0012683691708018155
0.001237660323410302
0.00121255430213439
0.001171238280105649
0.0011493003091706934
0.0011176072421970316
0.0010829631610603766
0.001058058537643092
0.0010266702858313657
0.0009911088196580236
0.0009633029646056307
0.0009250948907140921
0.0008933485085103606
0.000848283450005423
0.0008060389956566849
0.0007679220464654076
0.0007216567257844173
0.0006808869510606123
0.00062679306781249
0.0005736051616944827
0.0005108444082297671
0.00044088506608053445
0.00035939112821104327
0.0002553435804841827
4.477159322792289e-16
