0.1027456672295864
0.07297087326233549
0.05950735035150387
0.05216457256215178
0.04620993504078824
0.04231785737975687
0.03807273137632383
0.036151302479362206
0.03458828198034566
0.0325258998373816
0.0305577138139602
0.029372723263669957
0.028257286229190905
0.02725964819645831
0.02631659873817432
0.02541044280491104
0.024763653688627294
0.024310456466564257
0.023558835553493866
0.022865807833466072
0.022387088787874525
0.02182890421668224
0.021113392712445913
0.020890520951169417
0.02005794983110505
0.020158914352802138
0.01963964468873095
0.01909482594769945
0.01874993970890658
0.018560559358786703
0.01806431059383912
0.01798017826861799
0.017890266152242908
0.017383302933369656
0.016981759632284456
0.016874775285382792
0.016695485328329818
0.01639172586778412
0.016142290046464794
0.0159766643187693
0.015588917276786074
0.015516938917128673
0.01546159490566769
0.015397996750369222
0.015094563304486597
0.014719912278301273
0.014543500956224344
0.014499277032304607
0.014421025703793517
0.014116942959209332
0.0140600830856127
0.013844304279047636
0.013687774668005104
0.013559098779265562
0.013347498653943296
0.01340761179806382
0.013255953055846
0.013266102779626617
0.012957983416035546
0.012830786082677768
0.01289335047009018
0.012623284153793525
0.012423107266986703
0.012569448196346072
0.012537129241498895
0.012179079348809742
0.012120390575601544
0.012042234903922453
0.011814682391307178
0.0118319927168663
0.011751352362537526
0.01163758482014109
0.011744606981224894
0.011370119342425457
0.011346174849351463
0.011124412756818134
0.011204407049951183
0.011222813790937869
0.011072626126203548
0.011230407028111837
0.010896182613730706
0.010863872164268724
0.010823634250257667
0.01077702476693635
0.010670719458489214
0.010424463455400445
0.010703671461589407
0.010543791279699458
0.01047482482683532
0.010304060087324223
0.010283426461986895
0.01030504669662275
0.010129231166804552
0.01015306406896125
0.010012430122986504
0.009959188987653276
0.009976291850572873
0.009960323857546659
0.009759273176287055
0.009690753125582876
0.009819311981664048
0.009709394241986934
0.0096408371237933
0.009421914976571988
0.009434644186607498
0.009440219501524863
0.00950656345968319
0.009382649071469344
0.009286132193870287
0.009192355027199511
0.009222425317575014
0.009191007446467243
0.009055925841071719
0.009038693704632521
0.009155019281818663
0.009013680053924552
0.008929320877789564
0.008912329381107288
0.008786170103283442
0.00891427081964489
0.008748124728840541
0.008694566817527994
0.008642882476085577
0.008663172580861571
0.008619193359943458
0.00854249410615797
0.008573730783322442
0.00846020713276206
0.008474619786085272
0.008403462408643992
0.008468433912395506
0.008411346539836462
0.008383611032094318
0.00822750251505522
0.008220314127023525
0.008160104706013112
0.008083090956421672
0.008183554652699545
0.008112290858660842
0.007968854716499574
0.008117036440501199
0.007990026972182847
0.007941875625363989
0.007979957119194215
0.007901517548452626
0.007767379344741172
0.00778072276480312
0.007730509341037823
0.007801045132355129
0.007715475340557834
0.00776203629125598
0.0076743960138464145
0.007740041652627066
0.007602074222736672
0.007605850728883022
0.007596028577207443
0.007573930482565922
0.007487123341547242
0.007529777076353868
0.007354966466634087
0.0074865491670911
0.0074080503051604995
0.007389322168575859
0.0074234402007024285
0.007377933050802318
0.007354242764766795
0.007342470285189834
0.007235834950500412
0.007247739872769152
0.007193528502297629
0.007245182616904869
0.007089488325325725
0.007168959469298319
0.007060728696937902
0.006986394359805246
0.0070228341472109
0.006970993499246408
0.007082759016968332
0.006975615227023535
0.00695332466642503
0.0068458951545028466
0.006829787944387952
0.006850999132008855
0.00694214638661305
0.006773284085230219
0.006839511221064437
0.006755889457805156
0.006834974808091578
0.006809371900004107
0.006701200015094137
0.0067513914986179
0.006666976430128779
0.00669308912275979
0.006591299388151164
0.006607532929917692
0.006570006157855317
0.00650593963018369
0.006444986082708016
0.006493816639659893
0.006523003404170297
0.006425778864206598
0.006462273370344361
0.006439959093500305
0.0063829513699884865
0.006382204722429134
0.006424881950016952
0.00640665722457594
0.006432387137836626
0.006282373797315309
0.006343857245681539
0.0062385561787797125
0.006316106383991476
0.006183744941276457
0.006291695645571813
0.006213634040197138
0.006147615797065472
0.006070071034542501
0.0061715165075780865
0.006122684499790025
0.006001937952034408
0.006037159315180381
0.006068486613399616
0.006112468892664538
0.006082273322798362
0.006062633441392129
0.006022738637521986
0.006034126366565579
0.005973164378355523
0.005984412376512088
0.0058882184036395
0.005834247848540745
0.0060035402484395674
0.0058762815707407495
0.006024604637962397
0.005844298233316906
0.005812207470907501
0.005800071777079079
0.0057520899169917405
0.005864905312067725
0.005790052059771457
0.005754072716191282
0.005765432232823757
0.005774060503213648
0.005644153771199332
0.0056525655074604044
0.005706933580253148
0.005687292654137127
0.005668971267328947
0.0055994836409944395
0.005641481144834584
0.005628804515487743
0.005526195044104811
0.005537304627495387
0.005589415216398287
0.005549291942124045
0.005502101125073532
0.005505975316019597
0.005544343019830364
0.005437190821751142
0.00545207875580029
0.005545257956405774
0.005470784473924459
0.005394232028092046
0.0053863887927861525
0.005425470592947589
0.005483046762241924
0.00540107594279285
0.005389494241399052
0.005321233502992206
0.0053314824056410375
0.005226778098745822
0.005320416890252861
0.005334327220100767
0.00530156105094796
0.005221129981036281
0.0052113880715978006
0.0052296873877208045
0.005226103129116022
0.005221961082666925
0.005198743223033703
0.005246925142799244
0.005236960830106977
0.005174215906562937
0.005202258549124339
0.00516959647571543
0.005163649288444932
0.005079194717995643
0.005092558084363086
0.0050585973960601835
0.0050668769767966805
0.005081366311776186
0.005089595146089883
0.005085885463769048
0.005008863537830178
0.005083415079692722
0.005063159950780695
0.004964202502620607
0.004948399131306198
0.0049492071873576595
0.0049729717260913395
0.004950576981545835
0.00492852334478667
0.00494788104592092
0.004891397096028047
0.004879735653795674
0.0048207437784378296
0.0048698500788488565
0.00490571069562292
0.004875899809806172
0.004910730054345978
0.004847592277281591
0.004748816113042429
0.004846590448889114
0.004820805632125679
0.004761684384934658
0.0047266962183448915
0.004816351695996065
0.004782298778118712
0.004746161119158987
0.004733160719807444
0.004730723105353931
0.004760925757783612
0.004719321203508325
0.004713114949839714
0.004690725802034409
0.004692907748939203
0.004678506728129414
0.00466103375357861
0.004609939639793534
0.0045912307080687356
0.004650728164956823
0.00464797379528744
0.004596782557892846
0.004659835858311847
0.004579565713642499
0.004600699166279762
0.004601650540755798
0.004624807354521178
0.004537486414489875
0.004531713686403066
0.004515397888266096
0.004517876683719024
0.0045120307503738665
0.00449106910287184
0.0045056437752982546
0.004465217331980559
0.0044283643385755345
0.004485155835087517
0.004437870744622714
0.004447787490073081
0.0044185400581058945
0.004389169223609819
0.0043394402130132095
0.004352269058778368
0.004394526399119337
0.004322855543008081
0.004402149560739857
0.004350733675963893
0.004382446823751856
0.0043727437579476796
0.004364313195866744
0.00434426390782917
0.004300388685633459
0.004214102909704746
0.004303761394794032
0.0042577774750615525
0.004230529923321782
0.004284628074169244
0.004237730621832932
0.004175116809347635
0.004205022876603643
0.004246996149307519
0.004185400126289878
0.004250083536379229
0.004212270882968903
0.004215239856085901
0.004173687901997183
0.004174699222742318
0.004183919757224441
0.0041344005884381375
0.0041196416545217105
0.00414701869145911
0.004087515328955908
0.004173652693924547
0.004109617206662246
0.004077392927226765
0.0040801456841269715
0.004049658893440871
0.004100262310444436
0.00405087849616282
0.004047294766106049
0.004026062148968453
0.004061467991631014
0.004029099431556097
0.004067593831282452
0.00401935133154958
0.004067646410133559
0.004008157313334066
0.003994718236870594
0.003952149904236971
0.004023930106026428
0.003956260772639198
0.0039321226469176416
0.003930715285109858
0.0039661139542549765
0.0039509950170774
0.00392352955073623
0.003900008062878391
0.003912959439752183
0.003861315813448927
0.0039060538052782803
0.003917068780090354
0.003867643081108648
0.0038675495500215726
0.0038642496841054274
0.003847643901461348
0.0038397300161380015
0.003852789812876239
0.003792968986016662
0.0038257702421017163
0.00382326689029513
0.00378024098820562
0.00380472884690255
0.0037927399957091382
0.0037893201318401223
0.003767753677315592
0.00376980962570134
0.00375255261956646
0.00373560534786937
0.0037517360552992013
0.0037197294209229104
0.0037345861957696147
0.0037523079645296995
0.00369752164723241
0.0036915349994093316
0.0037359877007851635
0.003646462833814081
0.003669698920241995
0.003647525520315968
0.0036806000581427415
0.0036744694181931503
0.003643154281837188
0.0036485238811052646
0.0036251981320994764
0.003628247022050621
0.003643308296874967
0.003607172737465507
0.003601845540311804
0.003582285400959979
0.003600745807980652
0.00361038661354047
0.0035723878920313605
0.0035956699229782014
0.003577631516257488
0.0035497816071316684
0.0035284280634094584
0.00350501308876621
0.003540848872326349
0.0035621743307781783
0.0035077015039893583
0.0035138428834660877
0.0035455202567628245
0.0035357717345289538
0.003473125060932039
0.0034695302120034683
0.0034771291485345152
0.0034986059632748467
0.003474867753936666
0.003471900817486847
0.0034101027576102757
0.0034158313860084438
0.003437882151218115
0.0034311662384812996
0.0034302049031389088
0.0034383888022970774
0.0033831956286112484
0.0034162323736970385
0.003368076567778971
0.003400745452274065
0.0033522256113944697
0.003372580669681261
0.003344579587278073
0.003367685364986038
0.003341133666963455
0.003364357941644764
0.0033478595408618916
0.003382505978588408
0.003344010153868872
0.0033570453935737434
0.0033367620162868777
0.0033016341843490485
0.0032740551373050012
0.003283118463840468
0.0032923855555886936
0.0032471360252502683
0.003249081229378903
0.0032740985778802697
0.003229903703405508
0.0032414474660460648
0.0032531617812071247
0.003288660930916732
0.00324637055880289
0.0032276997207716365
0.0032775159670804816
0.0032085469907527004
0.003215692197991902
0.0032016086995918028
0.0032234944967378856
0.0031836962357760738
0.0031550481999355314
0.0031891729963951358
0.003162190364375156
0.0031662675617151097
0.0031643289802265884
0.0031643277662597113
0.003155348942421681
0.0031867482624067813
0.0031504374223828035
0.003141016196287902
0.0031300580995110446
0.0031296392664320596
0.0031167596916412666
0.00307469580799724
0.003112230047905303
0.003093150309472443
0.0030811503752413453
0.003099554475823781
0.0030608026429360894
0.0030449878187790128
0.0030366314354518128
0.003059067054186681
0.003085533353086935
0.003046701442514468
0.003018874966402564
0.00301240478222466
0.003041080745815375
0.0030206724561012703
0.002983690616262393
0.0030476308088122905
0.002993772892877893
0.0029619574593345685
0.002980352072369952
0.002983032157941965
0.0030030060542925474
0.002953244272460189
0.002961311523981482
0.0029776095881270193
0.002965885474961016
0.002957825517345523
0.002939936015097572
0.00295666051577585
0.0029040572017533088
0.0029118392433324118
0.00290204731909072
0.0029311145072298036
0.0029035291292120705
0.002915796228335683
0.002883528641164457
0.0028726828861067384
0.0029068628256813294
0.002869003653407138
0.002872840865334071
0.0028592501292556763
0.0028778037693866377
0.0028721617075050903
0.002836937286915789
0.0028331322442862843
0.0028527228520784115
0.0028146112640641827
0.002791359252189771
0.0027943832975943573
0.002837521114176104
0.0028213827878513045
0.002808423406222349
0.0027724361181904037
0.002795643183895852
0.0027688303565267963
0.0027926111449777776
0.0027499783204321653
0.0027382257661346986
0.0027919720466968267
0.0027542990923455253
0.0027274747380518867
0.0027673127103772866
0.0027233740768506224
0.0027375469426323324
0.002719186280752762
0.0027226747461068226
0.002732094533415753
0.00271798328558045
0.0027122603693851624
0.0026982873375682665
0.0027301491373884967
0.002676670925586023
0.0027146015914857524
0.0026744633332403188
0.0027040559289468976
0.00268270002344537
0.0026694950269854387
0.002667234584062209
0.0026546454775970697
0.002654923293313368
0.002629390718457718
0.002654015403620382
0.002648377199641551
0.002645679529633827
0.0026178710631807956
0.0026506621829388783
0.002620060968375106
0.0025980864185586993
0.0026170456915312144
0.0026081940789670134
0.0026021800046667314
0.0025624220299971714
0.002565345725032067
0.002544074159900509
0.0025731361004684623
0.0025594195635618585
0.0025682004677347937
0.0025475331856407548
0.0025133613988365814
0.0025633360003638208
0.0025210148008376733
0.002554601158101284
0.002516230536569751
0.002540633535629805
0.002538506263612868
0.0024786198687445503
0.0024991234571566886
0.0025091389262813795
0.002498959336151483
0.002487460672651298
0.0024581651926796812
0.0024447319970803917
0.002417555628077334
0.0024563362743565023
0.0024477584255432373
0.0024621015533939387
0.002461123247803919
0.0024399733620421734
0.00241567033587246
0.002451824129429863
0.0024056671441035197
0.0024224329446312196
0.00240572671238567
0.0024026072286715944
0.0024012955874197894
0.002396927892247774
0.002378153408948757
0.0024175597859406334
0.0023879457600889903
0.0023804966824570997
0.0023477282359366863
0.0023591670890371046
0.0023448570183731
0.0023705321211012916
0.002384129335832457
0.002329696183020853
0.0023292658554614795
0.002321901507201797
0.002339212752450355
0.0023165252839134924
0.0023248470060747814
0.0023204507625237906
0.002321941694853665
0.00229330849756057
0.0022802688931260087
0.0022910025467794905
0.0022860659731541726
0.0023081689897706393
0.002324583537878671
0.0022844676302842272
0.0022436021235832985
0.0022798819748062267
0.002239415052146412
0.002264307822384215
0.002253750348591935
0.002256847321877083
0.0022174697758052513
0.002222607119633958
0.0021952200059334507
0.002213601791071812
0.0022107763231940195
0.002238372945880266
0.0022025046788829877
0.0022046789335118705
0.002200504848419563
0.002196767292351805
0.002194880804171988
0.0021776006440349634
0.002203279405068728
0.0022005927866174044
0.0021635363107550356
0.0021527775215939
0.002148154776270499
0.002160475672125389
0.0021380221595575038
0.002136643383543099
0.0021230189482243852
0.0021462957676083175
0.0021275131904345272
0.0021192752696149223
0.0021019475712274914
0.0021185586213988044
0.002091671236092909
0.0020933860707683795
0.002098716513485952
0.0020952885239448214
0.0021109949054336163
0.0020713703314342094
0.002055250206538769
0.00206176016653227
0.002060048667880881
0.00206617079701486
0.0020625623933181545
0.0020525617337205405
0.002053727808950989
0.002069107745836416
0.0020176414374611005
0.002040037280307695
0.0020391499916083407
0.002012724904488021
0.002013606785528855
0.0019945637824788126
0.0020158125821194534
0.0020141395373083374
0.002021589357263219
0.0020066036707589033
0.0019605584083970244
0.001975991572738111
0.00197401039256903
0.0019654828952502946
0.0019471735794869408
0.0019465651885103644
0.001958145648436877
0.0019623357038934574
0.001947869204839366
0.0019510483026431364
0.0019296234179173777
0.001931202697198263
0.001938735854407199
0.0019185684798383518
0.0019191151319028971
0.0019127264437924269
0.0019033874822388752
0.0018885862340392433
0.001891061849211911
0.001879974905582837
0.0018630196736484554
0.0018460843153214473
0.0018907693968626689
0.0018689691537365411
0.001843606333126796
0.0018482439681568592
0.0018460581698762461
0.0018408286243788833
0.0018372234126113605
0.0018290545161610474
0.0018441392457522413
0.0018237593201925369
0.0018377997591936838
0.0018039056000009033
0.0018014893558815812
0.0017810157534930407
0.0018180556835134052
0.0017948580558493634
0.0018007303985410259
0.001772162084261624
0.001784974644735249
0.001786945236601577
0.0017757152638983326
0.0017655122629690564
0.0017547745892750974
0.0017633168590749577
0.001732702520660736
0.0017463672514458758
0.0017467581266545297
0.0017237911261616813
0.0017244737490133637
0.001729409671056279
0.0017491720297081793
0.001707124433481997
0.001702819034672908
0.0016930597593003192
0.0017032500045190563
0.0016855913263056626
0.0016883970426137588
0.0016856361100781533
0.0016846439873411407
0.0016742872199382694
0.001661708872282316
0.001679016356515039
0.0016457651271658972
0.0016719082503892644
0.0016709345136535526
0.0016341441221386385
0.0016481894650925595
0.0016419434494071591
0.0016178806268915408
0.0016343880892221124
0.0016213605246399026
0.0016321263732368594
0.001616577752632643
0.0015887986069822824
0.0016032319585974817
0.0016027633811706965
0.0015759564844730232
0.0015813827069874348
0.0015853867382042708
0.0015843505195603646
0.0015791897198367286
0.0015597079502548937
0.0015485127207009238
0.0015502622064005396
0.0015367870132581719
0.0015405435638350385
0.0015444952640804772
0.0015418430363160675
0.0015351377004366737
0.0015436146209074444
0.0015269862758714484
0.0015123355387866558
0.0015080909554346458
0.0015032026107559603
0.0014966888130398346
0.0015005236034398874
0.0014961892056799505
0.001460982708161396
0.0014730476730942087
0.0014759092920668129
0.0014712361860693968
0.0014492008843360073
0.0014578392833528165
0.0014333554986491795
0.0014270240726300643
0.001435452767827076
0.0014340072832706508
0.0014350389715873386
0.0014300326696510305
0.0014075886201546112
0.0014249214071972195
0.001395287262943187
0.0014147361854569503
0.0013969360950635858
0.0013931565763406074
0.0013912910550794282
0.001382454451118995
0.0013824566755734535
0.0013565723401603377
0.0013608222558356157
0.0013627390431417933
0.001350539588718456
0.001355980577587519
0.001352610529336387
0.0013344637528633018
0.0013305014204055058
0.0013249068667903576
0.0013265908215981314
0.0013232290182551417
0.0012984041400760725
0.0013064286555849334
0.0012918646071562164
0.0012907047950316561
0.0012860561661534433
0.00128238635988369
0.0012755486967528516
0.0012670668910181003
0.001263187083130704
0.0012632488913372458
0.0012455491592311457
0.0012526849547529314
0.0012414153338847218
0.0012253668470289974
0.0012322976298357242
0.0012378975714985225
0.0012195130606716567
0.0012117196171677754
0.0012129719788496762
0.00119687069376697
0.0011816140036723902
0.0011864398992931895
0.0011894132720086396
0.0011903616538832546
0.0011907132179195098
0.0011716373903657197
0.0011663278438962415
0.001147019953724374
0.0011637228942677697
0.0011582433582753696
0.0011623611186472637
0.0011459432147435309
0.0011300211718902578
0.0011319202533981282
0.001115492453829509
0.001111782351957517
0.0011023136446603582
0.0011042144010720409
0.001089886780103355
0.0010850190109169134
0.0010853409808511039
0.0010865661651031286
0.0010863251300913725
0.0010609536638632006
0.001076075420375084
0.0010520795478289903
0.0010624718798625408
0.001034995351870228
0.00102640654050339
0.0010221457210955708
0.0010253657480093243
0.001022624143607614
0.0010119114313890665
0.0010154579778934418
0.0009980614832478727
0.0009973088498792288
0.0009861286860787513
0.0009703324849998365
0.0009662663419025127
0.000978165861436965
0.0009541564282243019
0.0009554685880063215
0.0009401923687774412
0.0009386662652281927
0.0009327678397277622
0.0009234171021622034
0.0009297836980087141
0.0009082411652523942
0.0009170366838150763
0.0008949267472802564
0.0008942116670518587
0.0008900178526834251
0.0008712876257975975
0.0008691471316676951
0.0008544731127451537
0.0008542225789058217
0.0008561426503009826
0.0008424028274107172
0.0008343575366914754
0.0008405962390606259
0.0008290737879780294
0.0008216523578152099
0.000801148538753122
0.0008090820019137085
0.00079001233042331
0.000791544203621408
0.000777325800066378
0.0007715693948448886
0.0007582114656685326
0.0007451795461911387
0.0007350654224693851
0.0007440627192570962
0.0007274985785886932
0.0007258684571730185
0.0007053398865811098
0.0007087772594724284
0.0006951186151466899
0.0006946790848873317
0.0006769973269883958
0.0006825428600288457
0.0006688646513157452
0.0006537425336599555
0.0006455215528855809
0.0006467055346453859
0.0006276737015197214
0.0006214526381148755
0.0006119559840655701
0.0005965098475905846
0.000593290755359686
0.00058520935265684
0.0005705111723564693
0.0005597271013952237
0.0005473010671345795
0.0005433383988523216
0.0005225471951071588
0.0005210483200051068
0.0005112132549942962
0.0005000290763481218
0.000485948341095284
0.0004751360097944976
0.00046725034909297285
0.00045818712230949314
0.0004410738011700233
0.0004273942075592383
0.00041671072790465125
0.0004067581673264643
0.00039141567003913116
0.000368726095166993
0.0003550105271766928
0.00034155520621625485
0.00032684801383749373
0.00030933737629344337
0.0002927035844230591
0.0002767800042995438
0.00025429728562717166
0.00022872022865159174
0.0002053721548709244
0.00017904758525700895
0.00014652376131916908
0.00010148583526248846
5.5232898094427217e-17
