0.1643890826810397
0.1158755269654228
0.09598990390218823
0.08187047759064033
0.07344780180557155
0.0659953348726137
0.06132193359380343
0.05747807137299459
0.05399765721345839
0.05192518645039624
0.0491667062389828
0.04717266922697481
0.04557113577919116
0.04344226236893582
0.041980104413976434
0.041489088864056826
0.03986069650121325
0.038389171665749657
0.03794233427965009
0.03663384350993915
0.03595723620409618
0.03491336043853029
0.03439833373823339
0.03365659078465751
0.03259510122150414
0.0315994125748835
0.031136578992915533
0.030671363561568358
0.03023291144622347
0.029826820658794453
0.02927358050192838
0.029065974916286725
0.027990444073747532
0.027813158572437317
0.027476861206631453
0.02689885970925177
0.026771738373408585
0.025830608263197625
0.026060966602624185
0.025297384131889908
0.025264284052227335
0.024850005651600317
0.024738305944732378
0.024163818841939848
0.024089916378359156
0.023775062366318937
0.02342341058891147
0.02315896784454873
0.02315278290237725
0.02287501541313886
0.022331233412902832
0.022273357442529007
0.021879101425199932
0.02165036495218509
0.021447614766338555
0.021025809092763442
0.02133444979502386
0.020830585357471478
0.021008417207365713
0.020499278143265562
0.02052910959709553
0.02011265056525062
0.02022446197745093
0.01980536055989839
0.01977087423896121
0.019691894835568418
0.01944901015507447
0.019189307550591842
0.01914553995041073
0.01897472661614198
0.018694164621312598
0.01879115591135644
0.018589872376646818
0.018357832602784716
0.018312767500712108
0.018110293122619397
0.017987190922770926
0.01782099978775859
0.017805812602653976
0.017711854799214354
0.01762711937952607
0.01727728986784661
0.017098074607523186
0.017146592733007195
0.017168384020133716
0.016883195116894234
0.01689121308847772
0.016755406630918946
0.016605364350474314
0.0164080185141383
0.0162754671838165
0.0163432650985807
0.016189880509047964
0.01613992248829158
0.016042253142999785
0.015919926975722243
0.01572293702056925
0.01567266126269214
0.015757621087668053
0.015441302131070323
0.0155548537754994
0.015322439539463158
0.015250361169675604
0.01509846034114293
0.015161120325244758
0.015164554242141253
0.014922487092115171
0.014969789434585544
0.015103021854994259
0.014847244538357313
0.014805868756623094
0.014660645062449492
0.01459314882832642
0.014509783123936266
0.014424087738457311
0.014358620443733518
0.01403734883423422
0.014274812527326783
0.014244284953475994
0.014254802486763075
0.014171578005637129
0.013908092521306484
0.013988104884633052
0.01369078920424674
0.013867260969403076
0.013760090044459172
0.013756514761413971
0.01370401607856436
0.013522601971950363
0.013505695961969957
0.013434865131308505
0.01330851316044734
0.01323149183983231
0.01327546168094717
0.012971520549956362
0.013116611142541396
0.013053865899869017
0.013113388434721786
0.012907798320864597
0.012894836198075344
0.012858825910212573
0.012805127328063454
0.01264307363894517
0.012731410100363041
0.012552680779335445
0.012537902055231394
0.012556897529538766
0.012522254222409202
0.012374071660324646
0.012229690152762209
0.012359629954089072
0.012403381601299144
0.012333610552244967
0.012042084060587252
0.012107068682061474
0.012192350053150645
0.012090357104139653
0.012143157063324934
0.011919998948561897
0.011900250908461306
0.011870591061801265
0.011884906051938631
0.011914916106890312
0.01175390220295898
0.011792530693177873
0.01161792501041154
0.011606608361032349
0.01157843967141848
0.011568494828404873
0.01148951190022276
0.011489654486349024
0.011416585013268215
0.011322044696111077
0.011250865263388508
0.011277038448166233
0.011295627770697297
0.011391334728796275
0.011300144200789489
0.011029488175926435
0.011075796588605755
0.011057089341893542
0.011119270016612578
0.011050818334072999
0.011135314865114126
0.010959131005002974
0.010847111400865831
0.010757749373554051
0.010955098461649045
0.010765995560732372
0.01071133174742982
0.010780074094762422
0.010616770774148777
0.010741902491669314
0.010565581786313968
0.010628603585849586
0.010350034179387735
0.010602249922640142
0.010514385239511858
0.01045958729137426
0.010423060037910114
0.010330262675542327
0.010288615046443716
0.010331028468503976
0.010279831683897735
0.010341174500436883
0.010179195448064487
0.010177037751422716
0.010147366537615162
0.010232964549670194
0.010136854213849258
0.010036262288091895
0.009968108728180287
0.009970222268961743
0.010015935846379245
0.009888658631707837
0.009973989888527513
0.00986456101780603
0.009782144231612869
0.009955285285308193
0.009908521890045445
0.009869855737515466
0.009611323309963131
0.009599682296420475
0.009662590289494892
0.00967882634973854
0.00960533768380326
0.009611842426331976
0.009637076433092336
0.009595132824848295
0.009486513652895623
0.009528949118448364
0.009394402245915536
0.009468465638048667
0.00949065134020089
0.009412410808427106
0.009306090408548897
0.0094056110380963
0.009274423566001479
0.009242918269710155
0.009366348915156022
0.009228688592258111
0.009225502730553998
0.009134400353647662
0.009160765000024215
0.009180431116783011
0.009164337522414707
0.00904208064812881
0.009062953175966396
0.00900108903209135
0.009007747239160665
0.009042816642887396
0.008858811382579511
0.00897389162427753
0.008827982039124667
0.00892497683305361
0.008902224135656169
0.008907171002640322
0.008744094566909695
0.008855712397695241
0.008735102949576854
0.008686287753434146
0.008689397330863194
0.008714913981348061
0.008627805873610136
0.008698901247437248
0.008630699556039258
0.008543207474621764
0.008619528829392388
0.008540553996315663
0.008623537919173313
0.008562491748767418
0.008516709454044466
0.008494730135104565
0.008428340349297821
0.008490835468742098
0.008361192617041368
0.00834100835626188
0.00835159516844755
0.008400964819272584
0.008463136697693156
0.008382208830495909
0.008342724941517464
0.008195391996852461
0.008297341374765912
0.008321785876518273
0.008186444418226867
0.008264373278212077
0.008169821283729355
0.008204085938069101
0.00806265522094871
0.008083992870559623
0.008245722644183462
0.00807455004257641
0.008007882338028158
0.008031430434774958
0.0080036527557687
0.007946798891636376
0.008036020599043755
0.007981927436492434
0.008006102472446673
0.00792280716234033
0.00785326485537039
0.00794292623338861
0.007790048067836863
0.007838113780672064
0.007806680634615583
0.007795387210938718
0.0078299196609721
0.007789072278481054
0.007832969015986695
0.007765241687411461
0.007659998372016349
0.007728037162496152
0.007731905989360329
0.00768466626870115
0.00783912650671107
0.007539463678008897
0.0076395250042911814
0.007561872094939862
0.0076364565111946385
0.007630802228056506
0.007536025749038013
0.007562518485556056
0.007457873414222698
0.007526491721081302
0.0075047387044878
0.007532393237747639
0.007390114622124325
0.00747258931433182
0.007424622172219639
0.0073837974934804875
0.007472117669133323
0.007455893228415611
0.007342382441428128
0.0072928369094704786
0.007269783995900753
0.007364107845289137
0.007299653593676066
0.007263261254667006
0.00727258705746868
0.007324334569973088
0.007173233727785986
0.007172471858719039
0.007152567538042537
0.007177228474864371
0.007046371228363661
0.007150208779080248
0.007065885135506096
0.007047505418320168
0.007101219592959894
0.007100338464782553
0.0070503989852891144
0.007033598687703343
0.006897755452222508
0.0069259746667310095
0.006999652489357626
0.007016499368396085
0.006982433649593965
0.007057065021548225
0.006946763829979864
0.006824553205593642
0.006912921141788451
0.0069485843909362684
0.006959695932067057
0.006841635978583488
0.006899699746746562
0.006794805029673789
0.006862336377756145
0.00684395259402306
0.006910367554250367
0.006787750211759139
0.0067387996044978625
0.006709576808625511
0.006767896543630658
0.006788293255197952
0.006738883373666199
0.006736492947584638
0.006641896817984156
0.006689307498864041
0.006592614851326659
0.00661228467155126
0.006702313566200377
0.006601678317003861
0.006534760332269399
0.0065402834682332135
0.006582739208013866
0.006597389729844806
0.0065732863296389926
0.00658377022684771
0.006530961374927109
0.006471973079884777
0.0065282227194722485
0.006463632071080294
0.00650032961681351
0.006487059638289969
0.006453618330191784
0.0064043067552951
0.006407086427042265
0.00638140881041307
0.006437970018791563
0.006439036850711189
0.006313507507575267
0.006334300485061008
0.006388426292954987
0.006281135027698278
0.00629891779238724
0.0063206704412808725
0.006289216505564302
0.006188522011480729
0.0062560536628047895
0.006216691145112892
0.006254196855955234
0.006187811747781942
0.006142775689620543
0.006138346983572633
0.006148556856266739
0.006188734072544693
0.006222723898053667
0.006121468947895848
0.006170539764472115
0.0061178972828311575
0.006093751715099335
0.006099949896949396
0.006077067900385513
0.006017866320150766
0.006036767674733634
0.005985783835989292
0.006010040256205064
0.005960733941494218
0.0060586397823391555
0.005981850892749839
0.005996551494376433
0.005915135330525234
0.005932890368362657
0.005919839302083015
0.005971690445947984
0.005906752040036827
0.005876395192785066
0.005867087737418727
0.005824718240864029
0.005792432667456616
0.00575132845004148
0.0058902974045726576
0.005798700806761093
0.005775264800371173
0.005790263898538387
0.005784669430012418
0.0057884880485013345
0.005713923704751651
0.005700097150242237
0.005775084349178825
0.005718603265322864
0.0057022944492895605
0.005741200714119037
0.005764448746207433
0.005715279562061263
0.005696396337748067
0.005639361439199858
0.005657894196346014
0.00558590353162799
0.00561223018858275
0.0056392483260734524
0.005605824825307951
0.005659272852764604
0.005567468465865733
0.005601333803313566
0.005610329630523521
0.005615097376702479
0.005465186462368503
0.005554480876713077
0.005500919077876668
0.005532313105459609
0.0055146283634624526
0.0054159627053541794
0.005490524546128309
0.0054622102143032005
0.005468124451651904
0.005454263576252709
0.005466002413762952
0.005469715383791798
0.00544671486039374
0.005409422986321552
0.005408379889835269
0.005392550138703107
0.005397985298366979
0.005336786467153404
0.005304114195435399
0.005317088657097545
0.0053617236422087615
0.005389492153429095
0.005294837193190461
0.005211813242766153
0.005281189755434049
0.00524814684524534
0.005302847017048826
0.0052939852206501225
0.005275577634978731
0.005268510938332827
0.005219794734659846
0.005205907081155121
0.0051517354187944325
0.005199623127851904
0.005134877230249005
0.005195845397741773
0.00514878330991663
0.005131816324073462
0.005085453792024517
0.005141130100104766
0.00506595446944381
0.0051278008729634065
0.005108146277752167
0.00508012140552847
0.005077626830703459
0.00510635111100123
0.005130652020204917
0.005097578322620293
0.005067254930981532
0.005006636100697159
0.005080088849252835
0.005028576156117155
0.004979656029555978
0.0050148348787492645
0.00496504592273512
0.004990983592557821
0.0049420369894984315
0.004901527353789149
0.004935786196233508
0.004915182622480586
0.004880711233298701
0.004955888813159425
0.004869568865620681
0.004911742684613024
0.004861725995880231
0.0048548927310335275
0.004827952585903566
0.004876793356936188
0.004821478370428949
0.0048544982718296764
0.00481203337453023
0.0048256214527624
0.004774452101299358
0.004751827240374344
0.004732680004385516
0.004791454077760055
0.0047404453481052124
0.004765966385287931
0.0048222582133416
0.00473891904862263
0.004763018530791187
0.004753841155297365
0.004688185749254537
0.004689591236916351
0.004660574227957948
0.004635963461222444
0.004630291766677067
0.004677714372508555
0.004653520650647933
0.004700640223930518
0.004640379037665946
0.004623964037950088
0.004651988870364419
0.0046401747767011005
0.004601369209207715
0.0045514922124075255
0.004577965256189789
0.0046202033829182585
0.004583064515262149
0.004584131120051088
0.004574008908707124
0.0045551955877102725
0.004520804822047102
0.0044710499802897395
0.004521987893835843
0.004493556723207036
0.004435582546238827
0.004482600991969813
0.004503825417098832
0.004479112097359601
0.00444664354694357
0.004493834006186515
0.00440342186080292
0.004393307634397928
0.004437042065776022
0.004400195743441295
0.004363396634216977
0.004399396221569771
0.004389284208901149
0.004397929787682179
0.004399261534949886
0.004356351172463024
0.004286049883191392
0.004375700332851928
0.004307334210139255
0.004303593157568971
0.0042954438821136654
0.004333067640410463
0.0043034310608735535
0.004234174089152053
0.004210195847983486
0.004224186083125553
0.004264932646977042
0.00416538262543895
0.004271671305067938
0.004196603664823295
0.004231715682517873
0.004233544814853635
0.004184295786608441
0.004214797309929252
0.004174532920540453
0.004180703767098534
0.00415196807992782
0.004063001690564276
0.004117273978403861
0.004129526070601425
0.004112741291536254
0.00410672855604967
0.004044654518464871
0.0040848405589818055
0.0041010302991382995
0.004095603729893392
0.004119565073971801
0.0040923829336246215
0.004041536453586836
0.004028404154965836
0.0040160409323432384
0.0040554371073198816
0.0039839022753465295
0.003978078053148646
0.004039843873386823
0.003984151511438436
0.003998990598674178
0.0039764802436793355
0.003994383945532838
0.0039540600323729885
0.003934990891955007
0.003909075195944577
0.0038961825679680977
0.003956478892169222
0.003901737008924156
0.0039029983983420043
0.003927116715716152
0.003925766950831602
0.0038321190821743985
0.003889782465600675
0.003872655430043655
0.003838560700434732
0.003838668818874886
0.0038314425158499257
0.0038543784249033637
0.003816180042319882
0.0038320627679857967
0.0038489736250971866
0.003781167080892791
0.0038209228553323423
0.0037446119945765332
0.00376863631291513
0.0037630352143293356
0.003749369416134377
0.0037894412790917737
0.0036671700650764824
0.003779408679023089
0.003687805714254523
0.0037377016911382204
0.003697457540963832
0.0036687533482249097
0.003682436988402176
0.0037369221178397503
0.0036838213327810274
0.0036612351043031803
0.0036711734372342026
0.0036707601118968615
0.0036418274640324885
0.0036354109740656688
0.0036389653392956754
0.003614491810012354
0.0036274165421485297
0.0036049608833568897
0.0036264060925292824
0.0035695182671050102
0.0035505999586112973
0.0035887550358085427
0.0035929973903499383
0.003536462534728816
0.0035657223473162217
0.0035399300535538776
0.003509664258268303
0.0035029660789211194
0.003513114645326867
0.0034797040782379527
0.0034915426658027873
0.0034696738834962015
0.0034715406174659256
0.00346511993197695
0.003462785619397374
0.0034722897625974066
0.0034452659300666963
0.0034491655196935206
0.0034225342319015814
0.0034455110675838375
0.003369949893950802
0.0034201644874959757
0.003370063370638276
0.003348400399135714
0.003373512569385
0.0033272732959893836
0.0033533349448832944
0.0033461170150301703
0.003369379412510347
0.003324881538506676
0.003315719980351306
0.003321815608139369
0.0033335105278824067
0.003317689130207615
0.003297556827906264
0.0033106500440233605
0.0033333479117205918
0.0032903134814107424
0.0032567241657483034
0.003233250802183128
0.003268136901369864
0.0032172042848607105
0.0032073884625973175
0.0032167601952432347
0.003193953619137597
0.0032086840023104564
0.0031799828448871048
0.003230935336493375
0.0032052225800849373
0.003148880244370308
0.003199556780547661
0.003179019389169769
0.003174968863820671
0.0031496691217350286
0.0031365558645521188
0.003085641241108726
0.0030981186390729005
0.0031257094749979853
0.0030972391466658747
0.0031109568917545233
0.0030672051245419817
0.003063880386950789
0.0030731358531961503
0.0030692288192353773
0.0030530883843929036
0.003040891352380175
0.0030981067387030434
0.003069272029911954
0.0029951998297579104
0.0030235071467769594
0.003002284684391329
0.0029796110535076055
0.002965959559923712
0.0030112019886788296
0.002985237021170933
0.0029904542527427343
0.002933776849881711
0.0029202067084809534
0.0029284438678692016
0.00290281630838736
0.0029587802198669313
0.002937636586017234
0.0029137466414069202
0.002901049276868191
0.0029147989341947343
0.0028828677157802644
0.0028654704446865998
0.002906929153648482
0.002854448356199611
0.0028354942823622066
0.0028389297262788227
0.002849060337654984
0.0028290515235314365
0.0028090966449006286
0.00282614420465064
0.002810661063199628
0.002774135004269591
0.00280634262218939
0.0027673698581223865
0.0027883780798152917
0.0027447411836730553
0.0027326929182709464
0.002751247084015392
0.0027410397814632455
0.002726514800716066
0.0027281983176126266
0.002716484534731445
0.002702715148344739
0.002693805166158747
0.0027016360866580578
0.00266914677045882
0.0026967443921715613
0.002667233497570472
0.0026557939034572526
0.0026239485502436728
0.0026623246142323726
0.002605377881740219
0.0026080910221377867
0.002617923038434184
0.0026348881926358553
0.0025960643936081503
0.002606252908075739
0.0025830514564254186
0.0025952209193604125
0.0025571842529676565
0.0025396984190626318
0.002591140983519449
0.002530567168464467
0.0025409468196595413
0.002539876144800475
0.0025271562449036226
0.0025039050478996056
0.002537641177094625
0.0024978308158270586
0.002529189932955407
0.0025017347976801743
0.002479329281302852
0.0024532585676886086
0.0024542359698722766
0.002459385642629011
0.0024540028530077476
0.0024474699308393967
0.002450004614083322
0.0024034581948385926
0.0024156806171179773
0.0023886134365866886
0.002403566052621186
0.002388420369819169
0.002392939472177728
0.002376080328098623
0.0023701450799512524
0.0023313978377310102
0.0023410635130293282
0.0023241042041526
0.002323007576637416
0.0023289949521834987
0.0023146222007635734
0.0023191951506188967
0.0022801887343115407
0.0022919348489692515
0.0022849850940948073
0.0022615646099489383
0.0022678963005476143
0.0022623027955885715
0.0022350284841547
0.0022425328779573563
0.0022294311714595723
0.0022175922819038458
0.00224095777163205
0.002192439842308562
0.002176283703090427
0.0021841323006464475
0.002155668402640603
0.0021621529249200642
0.0021539046143019634
0.002159571355691498
0.0021376079499944053
0.0021439906505259774
0.00213679589148627
0.0021148999757425735
0.002106814128225913
0.0020934363403120678
0.0021107483185142354
0.0020506753457176416
0.0020733368324788843
0.002048541905742443
0.0020550056353747306
0.0020248731669202003
0.002045116545987156
0.0020073267751098403
0.0019990247808873386
0.002016639207202399
0.0019911096448260923
0.0020079183639297488
0.0019469029826418218
0.001972358753775093
0.001974948230895771
0.0019452594728953977
0.0019353546414084032
0.0019480546242199995
0.0019243646124092336
0.0018934334692369866
0.0019076156566566003
0.0018865875797926973
0.0018757143594878838
0.0018459288612311968
0.001867968962983556
0.0018377666158029494
0.001848960954084243
0.0018413858559227433
0.0018235418676419326
0.0018425138624836729
0.001834165479264957
0.0018050726940538886
0.0018208158451887078
0.0017745267425235112
0.001770248303084274
0.0017565906382865095
0.0017519626769940374
0.001748290921150486
0.001746652047136255
0.001740511713118414
0.0017189781771849721
0.0017066830962306602
0.0016917909962462184
0.001672864197611159
0.0016706141563812339
0.0016692763008710817
0.001647850220082869
0.0016569869777241179
0.0016177425718651903
0.001637986679724574
0.0016200165473464604
0.0016125360992519963
0.0015922889513248642
0.001597651162382318
0.001581819356593392
0.0015498380270470553
0.0015702519359341337
0.0015523133749494062
0.0015279051113241148
0.001508966775086511
0.0015312834007299451
0.0014983785487301267
0.0014905918792142874
0.0014851985624733633
0.0014616914578352085
0.001472243098769358
0.0014434320511808858
0.0014328009136567474
0.001430534545262756
0.001407900821955586
0.0014054217179352239
0.0014060201881446808
0.0013803639879400999
0.001384108419645326
0.0013568818761415609
0.0013604274120110687
0.0013421691629794395
0.0013186561538651711
0.0013063061437833554
0.0012923761830516075
0.0012841615049594148
0.0012884127666306568
0.0012522765231546909
0.0012495469406126616
0.0012420068151011035
0.0012280237654664753
0.0012272787542283922
0.0011920777518645293
0.0012031998290566728
0.0011775302264168137
0.0011547328639685253
0.001154845422390626
0.0011371229048590219
0.0011343747909054768
0.001121659014346549
0.001108534344464638
0.0010823142028850254
0.0010614964048333972
0.0010634919376020053
0.0010411962040986786
0.001033288448582858
0.0010122733788881055
0.0010025497032875056
0.0009952881590611343
0.0009870597192357304
0.0009707148804729459
0.000942537954688876
0.0009341371326888429
0.0009195016823916448
0.0008887143124894217
0.000887890151959597
0.0008687963267588503
0.0008470090121529804
0.0008379604938122099
0.0008066488418423477
0.0007979659797604856
0.0007639342116694922
0.0007621941473558548
0.0007458843126700607
0.0007262529626805218
0.0007040239748093807
0.0006869409862361396
0.0006633644566121133
0.0006390214408947557
0.0006205061173961179
0.0005943168988929793
0.0005712761220175814
0.0005408092306514753
0.0005202484638185218
0.0004962574172859741
0.0004700219912009369
0.00043654566556082676
0.00040271000872876085
0.0003696901497186916
0.0003314307050010716
0.0002835271992027521
0.00023507648380340562
0.0001689850913326353
6.506655239790869e-17
