3.478333573106623
3.4803917781562594
3.4821363634190066
3.478290604964591
3.4785992274528637
3.4780015046953006
3.4820575494644
3.478810159755659
3.4780237123259625
3.4802568196215296
3.478394481125123
3.4803171367183174
3.481249809882108
3.4811813528461455
3.4772925296722286
3.4783665229447083
3.4796651744113274
3.4798256309591924
3.478869742721534
3.4809443736035295
3.4803173091924706
3.4776924810848935
3.47810041187385
3.479534030392189
3.4792639170206034
3.4778655024394713
3.4782353127781565
3.4794092315899143
3.478350731759458
3.478573828282051
3.479215795887847
3.4775957752644047
3.479041738433285
3.4781763041420244
3.477873295453
3.4793992848932014
3.4797117839925193
3.4804437483648747
3.479981071673706
3.4782038790458207
3.4795483506530545
3.4783118190494644
3.478285592966979
3.4797021320019623
3.478977067235649
3.4791838365794487
3.4787314040154493
3.47852566034067
3.4793693442618756
3.479687741583129
3.4791341111446186
3.4785394886667986
3.480337310690502
3.479312951047354
3.478256081168156
3.47817143533883
3.478575360554419
3.4792595310824153
3.479234700555636
3.4789685565853636
3.47895247589922
3.4791621957398884
3.4797690965216783
3.479244511003214
3.4794391101933915
3.480394683984093
3.480148794729077
3.479018280438148
3.4791533047393495
3.478063346236104
3.48063625666616
3.479853753108185
3.479398468549348
3.4798696306756334
3.478959825117715
3.479091833017679
3.478765178806997
3.4789899365061503
3.478679460184784
3.478578348968814
3.4794967140394086
3.478667077722098
3.4785072153313696
3.478978836101932
3.478966041705919
3.478649260458674
3.479697935660518
3.478982949588575
3.479655684208089
3.479040803878511
3.479069880685235
3.479138039289314
3.479142078202968
3.478845768061593
3.4794393828394568
3.478990655996153
3.4785293666840618
3.4785763857001823
3.4783285193517113
3.47930968192591
3.479493165190338
3.4791835518566505
3.4788419414217877
3.4791081649038773
3.479189482780078
3.4792323937506664
3.479164512744034
3.4791577831110283
3.4790909740523515
3.479594518168024
3.4786273325866373
3.4784045143547018
3.479629017281223
3.478736389656104
3.4793979932995667
3.4794941058667064
3.4791042699873973
3.4794671069038463
3.479022003389721
3.478997465791458
3.478770979510092
3.479509814011257
3.4794041069555934
3.4796585161882323
3.479416340718547
3.4787700862614948
3.479199633253114
3.479890124564382
3.4795846546665072
3.479404397320428
3.4787282693173993
3.4791232376133996
3.4790884730405036
3.479531418911749
3.478599864109485
3.4793387710196506
3.479142469740739
3.478441883669115
3.479204117772635
3.47902275133488
3.4795939416995383
3.478665162626128
3.478720679788419
3.479054214960913
3.4789510831697283
3.4791005616406068
3.478699314295055
3.4792247673961088
3.4789756024225813
3.47851878736238
3.479728200513267
3.4794202428534984
3.479863230708873
3.479050992127023
3.4790979725252313
3.4790655155005057
3.4791830476331773
3.4793671159337247
3.479732816664981
3.4788576858728413
3.4785377332145493
3.479588637714741
3.4785705462092387
3.479214886596465
3.4792742520944264
3.47868869698854
3.478934842680619
3.4789929567898796
3.479031565156963
3.479039908983189
3.4792795576936735
3.4793188824980534
3.4790220198562603
3.4789167712662437
3.4786695305472475
3.478724895881862
3.4793467523651502
3.479077508196475
3.479528351068932
3.4794839774202395
3.479545649239165
3.4793037415921493
3.478724072192402
3.4795415080672507
3.4792072518060784
3.47926817104437
3.4793242164123845
3.479296117379243
3.4784627312347998
3.4789350146497506
3.4793057096330924
3.4784357806512314
3.478669961467097
3.479112393622937
3.4788384045281804
3.478979283686095
3.4791562865701535
3.479371952182492
3.478956985696903
3.478996233502284
3.4796177030977278
3.479249728583776
3.4791968018947506
3.4789457771787764
3.4793954122225768
3.4787853343894892
3.479142696685424
3.4789379944245447
3.4787839364343496
3.479022353626207
3.4786973946922948
3.4791125518619483
3.479569282545016
3.478924605001537
3.4794677459530634
3.47878235240441
3.479087832761267
3.4790578374464793
3.479520221765444
3.4792998944345914
3.4795664937819857
3.4797721952949634
3.479509821211839
3.4791845201557736
3.478984852601537
3.4789069227187936
3.4796395423523405
3.4792445147801976
3.479070696852873
3.478890386624453
3.479245260441095
3.4790811571468234
3.4787204621992482
3.4790464243562034
3.479318831258511
3.4788664697524014
3.479125325022472
3.479444110228607
3.4788715604708473
3.478763839371604
3.478928771725289
3.4795829973743313
3.4785441725347446
3.478800280218869
3.478800260929548
3.4789745012246502
3.479332183242445
3.4791290308246476
3.479190351832038
3.478948688194238
3.4789825431236037
3.4788942639705565
3.478824551271327
3.479321505548378
3.478991248663213
3.479371318961495
3.4790538208785606
3.4796862667136783
3.4792626573149885
3.479052020949206
3.479328237110831
3.479160832167701
3.4784420846375195
3.479223725905265
3.4789090499360014
3.4791958318681457
3.4788450739732246
3.4793740187716082
3.479277765816992
3.4794493100979045
3.479427085825979
3.4788227825396256
3.4787497682000894
3.4789531764362227
3.4790904375360348
3.4794400526091254
3.4790496402880993
3.4792276686940125
3.4791363669542292
3.4795009656478344
3.479125571811493
3.479223476587673
3.47928111138695
3.479095633082599
3.4790054360637717
3.47863404465337
3.4793126622480113
3.4794549408401116
3.4791834308006706
3.4789526677160625
3.4793088016388785
3.4790388605190907
3.479177926110677
3.478935879975924
3.4788167215084895
3.4789031623410875
3.479225389637312
3.47923927443306
3.4794232398848064
3.4790407846711604
3.478845223341801
3.4790074931159274
3.4791519609375188
3.478915562568367
3.4792357054329064
3.47904964336365
3.4786699439080357
3.4790064596253405
3.4791157437189586
3.478988805953395
3.4790398427535707
3.4790946891249077
3.478578980525722
3.4794157638629257
3.4795038492267047
3.4792064184718883
3.479425559712092
3.4794523137010795
3.478810585648287
3.479496472837837
3.4793680770199455
3.478958883194476
3.4793833003071684
3.479266306519847
3.4794674613441137
3.4790020334147638
3.4795064700306937
3.478939128494712
3.479364426145762
3.4788451543396275
3.479030808252046
3.4791058652126448
3.4790573717359266
3.4792811119094753
3.479116210774212
3.47920580248177
3.478980276866413
3.4791525662321656
3.478621883559355
3.4788458566623843
3.478964524387987
3.4791934483082505
3.479388500110147
3.4790085545265064
3.479111406336728
3.4791482922815056
3.4791381587938397
3.4789337608813535
3.4789624496018354
3.479032082376455
3.47885504966032
3.4793099163827153
3.4793529156734255
3.47921372608987
3.4788947803668337
3.479343776817967
3.4790141549163147
3.479179883907801
3.4790545165574933
3.478914969425721
3.478838126507665
3.4789241739279504
3.479186472817214
3.4795518903014875
3.4792051968246773
3.478784723246321
3.47938783345555
3.478820527460531
3.4789889649062657
3.4792587591160795
3.4789187310445917
3.4790722652645796
3.4792375428381295
3.4792767070564667
3.4790199680707765
3.4791053330248034
3.4790713482946485
3.4787527596410515
3.478899837034342
3.4791116698207043
3.4790992793723796
3.4786873012466457
3.479040852267589
3.4791258163026324
3.4789747059684886
3.4791259614612398
3.478959415329618
3.479012755745893
3.479125514489442
3.479065470313406
3.4788377524196448
3.4789937473940116
3.479193710743962
3.4792915119107253
3.479171879814473
3.4788958134037573
3.479223293367776
3.4792205688455318
3.47948595518425
3.4788181262664586
3.478893781717232
3.479093451058479
3.4789546300878094
3.4789880359057186
3.478980512739373
3.479005169287443
3.4794212097234696
3.4791181885967215
3.4791407111696993
3.4794041006838072
3.478969626632234
3.4790695260040274
3.4790042415962628
3.4787912962124485
3.4792167706799657
3.4788254116670876
3.479418487703682
3.4794075326550855
3.4794016952802784
3.4788574484322585
3.4791261580367028
3.479287068961477
3.4789218524699814
3.4791346896982045
3.479116218390435
3.4792883709124327
3.479240619411104
3.4792211290806554
3.4789817405736554
3.479321565665415
3.4789117282094337
3.4790166630596255
3.4790136848403708
3.4793267582015783
3.479325013463771
3.47900437051099
3.479057924243543
3.4787604694880594
3.479208619018536
3.478745776424433
3.478699787469605
3.4790415255725238
3.4787972935729137
3.478720901725917
3.4791041794552986
3.478921701982397
3.479224760760389
3.4789968299342764
3.4790482511115357
3.479193638645934
3.4790868668846358
3.4793266158039033
3.4791473174471257
3.4788849896763963
3.479125738370783
3.479101011492864
3.479279690465314
3.4790859022925797
3.479056685647469
3.4790559215795227
3.479200234061198
3.4790564644412547
3.479132161102547
3.479025454551487
3.4791909333686935
3.4787210144463794
3.479065199880507
3.4792650852368103
3.4791703962295784
3.4788415544560385
3.4793351692817245
3.4793199904787206
3.479182389709039
3.4792586898263487
3.479120984492307
3.4790867637282585
3.478981108967755
3.479126924814996
3.4791723865593354
3.478998087202196
3.4789529124040617
3.479048463328062
3.4792533288432606
3.479165869736549
3.4790285026612153
3.4792709366498564
3.4791700354180315
3.478972616134773
3.479251537865667
3.4789014694441898
3.4791786435753305
3.479178232351334
3.4791150382340335
3.4790332373632613
3.479057534310588
3.479013666554525
3.4789174975177213
3.4790358627297944
3.4789235543095143
3.478962632838778
3.4789085290848685
3.4791069135283323
3.4790874381022046
3.4790425864645376
3.479340572767955
3.4789095331632094
3.4792118685943896
3.4791444174442296
3.4790135763984043
3.4789954693072285
3.4792957326902267
3.4791940781187076
3.4791610146721994
3.4790246510664447
3.479187830186141
3.4791252606144014
3.4790856860344856
3.4790040842256436
3.47937094864764
3.479231543603292
3.4795339903002955
3.479162515896703
3.4790350195502744
3.4790344543014924
3.4791931712608135
3.4791083759867694
3.479146669120063
3.4792510587585777
3.4794071257893373
3.478853784356298
3.478950035274959
3.478991987751291
3.479344751550447
3.4790376173617275
3.4788907377305334
3.479090517180408
3.479370477218077
3.4790707929074487
3.478943680641218
3.479031737336653
3.4790946697483713
3.4792042674086727
3.479184190063292
3.478896328983501
3.4791539054328933
3.4790574396461342
3.4792053249313737
3.4793319538946963
3.478843536800739
3.479218368085389
3.4792610648400206
3.4790007722375043
3.4791482575045367
3.4790138834029327
3.4791895202045366
3.4790387881290408
3.4790986913624553
3.478886467441929
3.479069014797297
3.4791676303736008
3.479066414987022
3.4789535370021825
3.4789603178986312
3.478995710107449
3.47909062950529
3.4790872216272035
3.4791031009615554
3.479194858312043
3.4790860547111055
3.479116636290245
3.4791875856626677
3.47915697518213
3.479192962058018
3.478970943480637
3.4791690431496938
3.479193984695194
3.4791760031527477
3.479174814245462
3.4792276432235782
3.4792294783639073
3.4790288715435214
3.4791457909087833
3.479247713747046
3.4792137817663877
3.4789033927882773
3.4791764143189474
3.479207690733241
3.478992934625702
3.479228704142038
3.4791484802418347
3.479173754890074
3.478897803441139
3.479058597840907
3.479179575432856
3.4790682548954477
3.479339879253015
3.4792499980305687
3.4792010928955475
3.4792653582168525
3.4790927487406225
3.478943825104936
3.479055047357454
3.4792740578983175
3.4791286966862676
3.4790878529371185
3.478930571813052
3.4792623642623584
3.4790923875021615
3.479073095393009
3.4789945412343077
3.4791662867220396
3.47902791023691
3.4792117801840154
3.4791195051063464
3.47904361606925
3.478919110250505
3.4790523509370237
3.479037102631408
3.479017413073263
3.4790609753611768
3.4789217726044903
3.47904585236862
3.479041717463208
3.4790503767883076
3.4792227311729773
3.479046495822347
3.479091457441925
3.479050223526363
3.4792502689416067
3.4789962642498207
3.4789893558722085
3.4789946806904526
3.47904636363704
3.479097358581176
3.479087004319056
3.479241116135256
3.4791275229294545
3.479073500866651
3.4790276116853276
3.4790004241476113
3.4791787673140164
3.4790926217577085
3.4792827851602772
3.479022517506752
3.4789090379110035
3.4788643764325933
3.479120964507092
3.479094710086005
3.479126861332366
3.4789615712495108
3.479096361118909
3.4791939658009476
3.4791691185391254
3.478929836448305
3.479155225461824
3.4789837006132833
3.4791542191489273
3.4791643078276886
3.4792262939633374
3.479012081834738
3.4791210230733594
3.4792663857432053
3.4789649304165375
3.479196537044357
3.4793052673643325
3.4792474842530026
3.4791533794520744
3.4789793624814056
3.4789590512773314
3.4792173153000694
3.479047007924302
3.4791462554593475
3.4789451601112806
3.4791379212218243
3.479041796116881
3.4791916998023953
3.4791968700517892
3.4790544074497323
3.47904094342624
3.4790008909620016
3.4789989832338417
3.4792514100130516
3.4791212490376564
3.4790206715797436
3.479212353023253
3.479027993998482
3.479160740962297
3.479129648035833
3.479105365928853
3.4793178427966813
3.4790977767897866
3.4791525597299784
3.479191700881562
3.479088032215449
3.4791845649753843
3.4790100050339663
3.4791663996252713
3.478971153587784
3.4792177180202257
3.478990278033395
3.479130414277801
3.4791387800794515
3.478988440455314
3.4791610403838744
3.4789784099457544
3.479147360421082
3.4791210832673345
3.478897712841513
3.4792265588040334
3.479177017983921
3.4791152630920763
3.4791458485113753
3.4790440114744627
3.479164855691148
3.4790592093664867
3.479060865988621
3.4791140190189997
3.479034770498472
3.4791843809443455
3.47912855015298
3.4790193358717376
3.4791667716222525
3.479066568684388
3.4791800011703296
3.4790616177387585
3.4790540084242427
3.479231427668765
3.4791238796820223
3.4792802977492245
3.479133460451903
3.4791769857368466
3.478974200095304
3.478905428363486
3.479058621919038
3.4792245389141523
3.4791600626283294
3.4792733146828674
3.4790054420145062
3.47907587535146
3.4790367059813545
3.478976878430377
3.479021053478479
3.4791753750018106
3.479153428113206
3.4790636730303275
3.479121616070012
3.478989390006716
3.4791192448978445
3.4791572734943643
3.479085366020257
3.479083525800526
3.4790748183313758
3.4791595209209847
3.4790280213100275
3.4790803978322233
3.479258986906543
3.479108228427307
3.4790766968801305
3.479248473259852
3.4790087421163056
3.479085005883184
3.4789894873438105
3.479095786767544
3.4791182366854883
3.479097424216215
3.479178927976445
3.4790582300539907
3.4790232053603614
3.479055433094939
3.479078630215056
3.4791968504913835
3.47890435291445
3.479013136702061
3.4790050173383054
3.4790123179021246
3.479210558733849
3.479138898307051
3.4790617878582424
3.4792054300578856
3.478986303393287
3.479033746888751
3.479078612293865
3.479132364109718
3.479024502241643
3.479198575475625
3.4789365034640607
3.478961489694336
3.479117995290021
3.4791051575227407
3.479189363231747
3.479143458561354
3.479029995950581
3.479123355445861
3.479196312119397
3.4791009251555463
3.4790825404718015
3.4791329948735554
3.4791276128656596
3.4790586002372925
3.479077059683904
3.479049336330286
3.4790719474971215
3.4791289168170376
3.478990802639998
3.4791810247125663
3.4791157505239285
3.4791974599468887
3.479163697530006
3.4790539879742135
3.479109768700722
3.4791601635881166
3.4791654121696722
3.4790749709371145
3.4790350994830472
3.4791726349330996
3.4790425410430568
3.479048353211835
3.479096221204636
3.4791606267286435
3.479136586594001
3.479037138216439
3.4791395481054854
3.4790297990028964
3.479120846991179
3.479075769123472
3.4789799484607937
3.4791145063647657
3.479273799028003
3.479200219891028
3.479132014289161
3.4791841926668305
3.4791355859139896
3.479130241202392
3.479092623080256
3.479039782906624
3.479156013717899
3.478919362812975
3.4790519623009706
3.4791423570349442
3.4791273101722706
3.479130544906643
3.479030479122958
3.479164609747079
3.4790524968615886
3.479187015686155
3.479027705707313
3.4791061692394347
3.4791102870322668
3.479036210318502
3.4791999523579173
3.4792121826673976
3.479142510656229
3.4790779537747194
3.479178430947644
3.479114054571687
3.4789958011394813
3.4791356077644138
3.4790459146708512
3.479073106745955
3.4791359399304396
3.4791253932581996
3.4791239101458182
3.4791428099293125
3.4792347937542587
3.4790726014610147
3.479005226505491
3.4791014274999266
3.479067286179452
3.4790194511454464
3.4791946475952193
3.4790933906228716
3.4792262047323965
3.4790976739438397
3.4791419746896506
3.4792064619521597
3.479081494349471
3.479164367546435
3.4790667451040194
3.479071840211041
3.4791753685604547
3.4790964156898583
3.4791772587101666
3.479064533500167
3.479108956200676
3.4791574722584415
3.4791340005733953
3.4790988594177454
3.479070650308694
3.479159037259218
3.479109442021246
3.479143758926793
3.4791121062347323
3.4790674974748543
3.4791140213024563
3.4790034642211074
3.479066574576971
3.479092572594195
3.479003780751356
3.4791155956471367
3.4790765216234183
3.4790771807141048
3.479044925223087
3.4790572232964543
3.4790880128546298
3.4791213017290867
3.4790698335658097
3.479112987302118
3.4791534815297136
3.479111915005426
3.4790815590394435
3.4790498194743074
3.479085173880595
3.4790434761513804
3.4791249442386283
3.4790774800812962
3.47908438896456
3.4790637006289464
3.4791509025655047
3.4789451659610684
3.4790968145725585
3.4790873478118645
3.4791439110711173
3.4790531878106563
3.4790868256143033
3.4791963671459083
3.4790989818683142
3.479057701510664
3.4790516524575223
3.4790367406228566
3.4791490262565183
3.479121988458587
3.4791312401068115
3.4791229379076607
3.479121591423464
3.479061985775411
3.479033959564763
3.4791219447472925
3.4790152754158714
3.479095415316864
3.479126391063043
3.4790442508364317
3.47906845949422
3.479092272961211
3.4791479396264084
3.479084087264083
3.479072770661778
3.479117848249965
3.4791404010229687
3.479048675221284
3.4790996596422943
3.4791128687415256
3.479056612067591
3.4790622762439014
3.479080721224261
3.479054834403019
3.4790645176092045
3.4790642712906963
3.479080819213159
3.479097239098187
3.4790708414904183
3.4791598366524603
3.4790659058590236
3.4791136337262825
3.4790804127880843
3.479147335111342
3.4790810706970157
3.4790852068831124
3.479101734271532
3.4790891668371033
3.4790704341964345
3.4790941817217673
3.479060713405828
3.479098425412067
3.4790895483657374
3.4790636617468707
3.479091793796403
3.479093168339973
3.4790623684580817
3.4790919358260646
3.479105108895668
3.479099175913072
3.4791390146071643
3.4790689006101325
3.479159399796123
3.4790865851711876
3.4791178149843347
3.4790866607684627
3.4790932482718935
3.4790914649548736
3.479099736394116
3.479080680200984
3.479078407634102
3.4791313655388287
3.479123490463058
3.4790977753089702
3.4791004682009095
3.479096880676232
3.4790965678343033
3.479094531071213
3.479096747207988
