1.8521608765228201
1.8517199661001098
1.8510000230311707
1.8513374662256086
1.8510263429299236
1.8506226072609246
1.8521018733526375
1.8515253357927355
1.851072848112063
1.851219693805873
1.8520478520345096
1.8506731768094324
1.851515955308599
1.8519963868761238
1.8513912565680206
1.8516733278707171
1.8517088033829925
1.8516218762793337
1.8518084520973468
1.8515399336216274
1.850902241585071
1.8518471202852187
1.8513192329755588
1.8510028664405123
1.85195282003996
1.8515190856767527
1.8511971788578958
1.851399030070594
1.8510095884414492
1.8513748084592976
1.8514197462451527
1.8512611631152887
1.8515666797732941
1.8515840928115082
1.8512687252545286
1.851699724701211
1.851739851410656
1.8516799691446588
1.8513043071098891
1.8516683710273176
1.8515677876776295
1.8516673340004164
1.85150833594746
1.851173909615147
1.8512321617066667
1.8515973131588532
1.851138456971279
1.8515539018862368
1.851511414363407
1.8514342832110546
1.8512754894534869
1.8510683908102576
1.8512198328325022
1.851364709790945
1.851080132449252
1.8514363683023305
1.8512107452472435
1.8517782992996814
1.8514546694780212
1.8514001756370555
1.8516161637503867
1.8515826517897898
1.8516207447093325
1.8515543287132517
1.851347316657353
1.851457470808174
1.8514333366564248
1.851280673033335
1.8515923569275368
1.8514998156331512
1.8515738408422884
1.8516403248538091
1.851227899872822
1.8515289699503952
1.851452582465294
1.8514792324070108
1.8513196624661374
1.8511996418385868
1.851441387890953
1.8514727119527972
1.8515221699589235
1.8515900498694373
1.8513613866921081
1.8513380172761553
1.8513570022919756
1.8512764694396082
1.851161692160601
1.851478928780231
1.851590537268173
1.8513090770332508
1.8514451866997457
1.8515162786766615
1.8514664051998253
1.8513999273423687
1.8513701472495605
1.8513336976048427
1.8513146929695086
1.8514391390350304
1.8513014142263728
1.8512677976241125
1.8516257887281522
1.8516569308583724
1.851526130011082
1.8514021580947302
1.8515518044977863
1.8512199518345231
1.8514093019673215
1.8515034943997788
1.8515170523911075
1.8513009955858193
1.8515444631813636
1.8514398637035863
1.8514938122435265
1.851109771724396
1.8513835317149103
1.8514659969629468
1.8512733121989775
1.8515405624164187
1.8513342393975238
1.8513048478380485
1.8514629018648856
1.8513380319362918
1.8513771984209082
1.8512705816848907
1.8512923575732827
1.8513884270572816
1.851540557001261
1.851382576586369
1.8515985481171913
1.8514310881032778
1.8513491154586994
1.8512369407231464
1.85161412747575
1.8512974124983546
1.8515946785817519
1.851555831353637
1.8515478454611054
1.8512798180371381
1.8514710851795506
1.851325167981949
1.851327394022968
1.8514471647986819
1.8512857315318638
1.8515045660464864
1.8515094272281634
1.8513980287322545
1.8514675857310763
1.851553833371269
1.851343932906101
1.8514595967576937
1.8513554396618292
1.85123742887056
1.8515174270789019
1.851528937493838
1.8513488230259998
1.851486045407372
1.8514583180409325
1.8513792157068925
1.851434788005819
1.8514548032135019
1.851323101962624
1.8512348451568839
1.851525026893685
1.8514169851895204
1.8514333211684406
1.8513661572789846
1.8513432177762
1.8515917336165058
1.851536871739449
1.8514135890572194
1.851374278616835
1.851400192849193
1.8514919989027225
1.8514387724693573
1.8514803222977643
1.8515928316881394
1.8514281585284464
1.8513042057264975
1.8513931624876292
1.851421501991158
1.8515592659885858
1.8514079307208198
1.8514383318535652
1.8513357544972329
1.8514142346334728
1.8514280572330675
1.8513974192132774
1.8512606847764226
1.8513323259222056
1.8515840761147344
1.8511775435132334
1.851498701091923
1.8514295848393936
1.8516036509055296
1.8514246286089562
1.8512861551897086
1.8514644076350308
1.8515192164924301
1.8515357349048573
1.8512734871955632
1.8514903168584003
1.8514223899161097
1.8513905085431936
1.8515706774925322
1.851493933111972
1.851414804828784
1.8514980639956378
1.851420478868492
1.8515054900247374
1.8515320167729934
1.8513518283238264
1.851406295028227
1.8514239568985031
1.8513393105265674
1.8513905645798434
1.8514190834416728
1.8512808014436404
1.8514422760034275
1.8514262388475897
1.8514440012350009
1.8513437266887887
1.8514149352934288
1.8514463600857503
1.851355435307331
1.8515515532238311
1.8515335493733753
1.8513777564734701
1.8514050735425578
1.8515030162011237
1.8514639589407067
1.8514774429719887
1.8514952729418754
1.851453624832178
1.8516785590044993
1.8512696433419003
1.8514723278879428
1.851399811700038
1.8514448983948013
1.8514520828601189
1.851440642243661
1.8514415592351325
1.8514347171060173
1.8514113075765843
1.8515326359992104
1.851499365227842
1.851325217968633
1.8514609537764242
1.8513887136388043
1.8514016429856077
1.8515180647356866
1.8514794363684888
1.8513353630618832
1.8514682927071535
1.851561275666722
1.8513959603278538
1.8514456557926824
1.85139136524452
1.851450458035698
1.8514538518496182
1.851542585375711
1.851433584908652
1.8515353808514559
1.8514414116462998
1.8515232052527273
1.8514253286123017
1.851620397504461
1.8514173376366365
1.8514314111682904
1.8514441778478257
1.851454828952434
1.8514411307131835
1.8514763631951654
1.8514176475217103
1.8514000299660414
1.8513407831042394
1.8514772067863068
1.8514682172270343
1.851507691240291
1.8516880631365955
1.8514686975014099
1.8514455418961622
1.8514851692071879
1.8515345159761891
1.8515127733924026
1.8514423918223932
1.8514351795500865
1.8514475786986522
1.8513131837501797
1.8514270481941468
1.8515645622531562
1.8515172968919564
1.8513395764406018
1.851337085837979
1.8513786355298438
1.851515224376302
1.8514541247206824
1.8514787186281814
1.8513957147100788
1.8514661718380703
1.851441480019175
1.851425020471759
1.8513874387661982
1.8513796543786025
1.8513596863732498
1.8513053896306673
1.8513917681104544
1.8515305367320651
1.8515940474741082
1.8514766016334827
1.8513791835051492
1.8515102615733234
1.8515312439733733
1.8513508990001137
1.8514107051051378
1.8514680671365673
1.8513945224849504
1.8513742308691445
1.8514430650070557
1.8514961102690213
1.8513984274602633
1.8513389471044517
1.8513615361141302
1.85149604533641
1.8514241227680297
1.8514834103192295
1.851378253585351
1.8515165544739185
1.8513804854951377
1.851551625964803
1.8515332719487254
1.8513449071235322
1.8514223443494837
1.8513496295386422
1.8512990309422792
1.8514265263469711
1.8514742123589905
1.8514850486739247
1.8514584956905535
1.851454778892421
1.8513865933799027
1.851407818280122
1.8514609541248075
1.8514284064904554
1.851365212226349
1.8513573321846215
1.8514019342228072
1.851467989270702
1.8514270374868742
1.8513473092745298
1.8514422654316003
1.8515068294396486
1.8514295575280353
1.8514381316519444
1.8513239380803381
1.8513962908566983
1.8515269063422988
1.851471944327425
1.8512914330964079
1.8514294979066286
1.8513656316992255
1.8514858861868602
1.8514833208769124
1.8513670190717655
1.8514586180526713
1.851587760990904
1.8513389154563629
1.8514977732884073
1.8514153115295664
1.8514665190959818
1.8513286591625602
1.8514309174411516
1.8514813412753273
1.8514946278798357
1.8514378138509962
1.8515062573641463
1.8514125068160778
1.8515080586736152
1.851338797037513
1.8514344438534303
1.8514676537915657
1.851436865389175
1.8513800295958982
1.8514286290239332
1.851469137299779
1.8514275291604325
1.8514048649805528
1.8514526036979595
1.8514823808800474
1.8513586039744674
1.851386710403829
1.8514046484140156
1.851470886299435
1.851442965663741
1.8513852854737667
1.8512525839666858
1.8514213892293647
1.8514679296602685
1.8513776287320973
1.8514406965840706
1.8513169164208516
1.8514024248956256
1.8513712336226915
1.8514723565082822
1.8513714194249005
1.851414885004935
1.8513621752875389
1.8514080272526225
1.8515620871809544
1.8514085206050854
1.8514121477145982
1.8514209935009742
1.8515085451487778
1.851372934474167
1.8513205062920133
1.851376979510095
1.8514943215021336
1.8514764771649879
1.8515033088524382
1.8513363204914866
1.8514674470545707
1.851453258473728
1.8514772240071369
1.8514378637868512
1.8514401885447067
1.8513914729304062
1.8513831614527785
1.8514668591270391
1.851469768521758
1.8514173525267688
1.851500245999104
1.8514335871345327
1.8514470995546566
1.8514232713201566
1.851574499134039
1.8514322020629035
1.8513909183696888
1.8515684140698112
1.8513817206773011
1.8514479939917696
1.851362627784979
1.851446263387183
1.8514070724240081
1.8514619732948
1.8515551162243093
1.8514225749200697
1.8514256728454057
1.8513986799351874
1.8514440950594613
1.851434162511002
1.8514557233577809
1.8513898922322514
1.8514637482763274
1.8514717416823907
1.8513884338761581
1.8514717661848066
1.851497408177955
1.8513858504649703
1.8513950553578051
1.8513837685424754
1.8513876598049062
1.8514559585091073
1.8514545908029625
1.85137413341918
1.8514635905814376
1.851486515177611
1.8514742070571735
1.8514867638876018
1.8513939403027995
1.8514922978655566
1.8514781446565451
1.8513925061355117
1.8514567845236531
1.8514598843608852
1.8514561095584856
1.8513961969796648
1.8514498384816274
1.8514470011516648
1.8514397223497656
1.8514123121957349
1.8514346991265243
1.8513680759762887
1.8514032623679473
1.8514196803577025
1.8513857025797482
1.8514322561324237
1.85144152826439
1.851444240652865
1.8513706087758073
1.8514128001716668
1.8514719193987923
1.851426650833027
1.8514912865468363
1.8514586887213547
1.8514097403488263
1.8514431548905002
1.851500918378856
1.8515443321754073
1.8513961742354854
1.8514333670519862
1.8514443343608546
1.8514044754092522
1.8514539419857312
1.8515174920539201
1.8513895838285466
1.8513560899207786
1.8515118239688726
1.8514715727344724
1.8514323376698616
1.8513805000576335
1.8514341876864393
1.8514292275963558
1.851462099375077
1.8515132390744464
1.8515122893461602
1.8514006439035038
1.851470354299515
1.851521715106369
1.8514303639210044
1.8514211131418208
1.8514447895343642
1.8513843214616663
1.8513899568642465
1.8515023813845894
1.8514432324703958
1.8514163580652407
1.85146661276077
1.8514773428725442
1.8513856367649517
1.8514031475016302
1.8514093122252866
1.851451979765269
1.851393068725257
1.851481263404897
1.8513961655905804
1.8514230508090412
1.8514824177907874
1.8514083024130206
1.8514544706794789
1.85137530531833
1.85140642532883
1.8515326236167773
1.8514244439339747
1.851371009295792
1.8514326098414589
1.8513783314738739
1.851420139132004
1.8513874484416109
1.8514699119421747
1.8513906139709477
1.8514425133612367
1.8514540808776219
1.8514233950895123
1.851424822105121
1.8513847529933534
1.8514100778814073
1.8514309136896274
1.8514731829623072
1.8513525927246555
1.8514036629081871
1.8514717051422271
1.8514346353980051
1.8514907723697678
1.8514918694160092
1.8514274800455914
1.851388773199411
1.8514112272938785
1.8514986367143793
1.8513946554803031
1.8514244905438173
1.8514001273792369
1.8513145834579325
1.8515019241273665
1.8513524361593536
1.8514207481946863
1.851471377327963
1.8514872954511066
1.8513938430503156
1.8513819849963067
1.8513922425184435
1.8513783161657658
1.8514743124763562
1.8514182762444764
1.8514598352162916
1.8514368439416324
1.8514132652895714
1.8514573533025886
1.851471313080956
1.8513975759479457
1.8514379460283383
1.8513963179233683
1.8514739899895751
1.8514524325970403
1.8514702696489778
1.8514441676905649
1.8515002335856272
1.8515076332654965
1.851424532508869
1.8514106378711017
1.8513415166771086
1.8513903648851142
1.8513888164203909
1.851422846503168
1.8513922790621742
1.8514047807297696
1.8514016428631648
1.8514627753424127
1.8514026250306455
1.8514431936203404
1.851457555648598
1.8514458328703531
1.8513768247358304
1.8514053112600937
1.8513961702163477
1.8514637177653626
1.8514613064502454
1.8513983517613575
1.8513958075879076
1.8513969263007641
1.8514099035665648
1.8514143366985136
1.8514318806952714
1.8514266596621891
1.8514355653393588
1.8514495214791495
1.8514155190747685
1.8514451518451271
1.8514500174488715
1.8513987213719891
1.8514021693510265
1.8513977363614453
1.8513866561218624
1.8514032704497645
1.8514259369636805
1.8514420864532113
1.8514224180486638
1.8514504801930678
1.8514295327740404
1.8515154156291573
1.8514528100252847
1.8514247258758663
1.8513644047771114
1.8513930479500698
1.851497168468458
1.8514460515323954
1.851431806954455
1.851495164499292
1.8514267844148664
1.8514262619146833
1.8514739880971607
1.8514633603917252
1.851453402000733
1.851451733118793
1.85141416753216
1.851438395138608
1.8514391084309865
1.85143888369928
1.8514435715706041
1.8514319102581
1.8514861707164965
1.851393319464405
1.8514453937244026
1.851413198413387
1.851434193759806
1.8514376592556407
1.8514715235988752
1.8514976175764088
1.8514475612273669
1.8514528260705654
1.8514766151590805
1.851485945242873
1.851402061640712
1.8514440873730222
1.8514436551036735
1.851394164418396
1.851451397319237
1.8514142889345333
1.8514643519152818
1.8514110412369045
1.8514302987786333
1.851498391923733
1.851434880123565
1.85142021490351
1.8513769468637562
1.851412954770937
1.8514411436060854
1.851379991995552
1.8514110018365613
1.851422921046261
1.8513742564342799
1.8513620750361264
1.8514190138866176
1.8514210650440381
1.8514295103917673
1.851478785711474
1.8513944090613454
1.851441174298983
1.851454596758361
1.8514781527315423
1.8514067335317264
1.8514530423141864
1.8514076588454693
1.8514542027276053
1.8514033935825922
1.8514306154324718
1.8514403562921875
1.8513636374060167
1.8514269263191374
1.8513980111034871
1.8514411074072676
1.8515013667505957
1.8514310844633575
1.8514724631484358
1.8514257512594474
1.8514505251753057
1.851433134501766
1.8514907596187593
1.8514186352971982
1.8514383562239811
1.8514234809037606
1.851389066028942
1.851413518311458
1.8514550863826988
1.8514509321256283
1.851497202464726
1.8514739524437347
1.8514421740005935
1.8514086403367895
1.8513882203330838
1.8514127918292833
1.8514458279369495
1.8514519844662005
1.851457491933028
1.8514700015851941
1.851398390260275
1.8514656429938396
1.851453917689783
1.8514279306146182
1.8514474589192964
1.8514181044010103
1.8514640984028956
1.851432088520773
1.851441522571896
1.8514146696261504
1.8514395383555065
1.8514379451949654
1.8514662835140139
1.8514242297670263
1.8514240979120262
1.851450460729672
1.851453982361492
1.851411384707467
1.8514324322606523
1.8514377051112114
1.8514641591139451
1.8514760246530957
1.851468258210562
1.8514462733900579
1.8513696968580131
1.8514093881310436
1.8514292560094008
1.8514574074389152
1.8514376103648174
1.8514684299352893
1.8514334144077185
1.8514721797989535
1.8514060813010502
1.851428935397738
1.8514213502043457
1.8514493716579676
1.8514585784667619
1.851451162617952
1.8514350723200474
1.8514189697793482
1.8514312511818614
1.8514062025860563
1.851456959313873
1.851432939430714
1.8514295847866338
1.8514160823027679
1.8513854311412767
1.8514422607304022
1.8514313491471746
1.8514509647661777
1.8514401489045267
1.8514397232238404
1.8514193913121932
1.8514207510155845
1.8514599675383099
1.8514679786285706
1.8514450449299709
1.8514358906818313
1.8514107121849033
1.8514793440697161
1.851423608775211
1.8514752711179048
1.851447410559935
1.8514259145692282
1.8514379107806518
1.8514237509434475
1.8514422657843554
1.8514298126530404
1.8514675950633268
1.851405876993655
1.8514470369045026
1.851443743769253
1.8514523905210793
1.85140454466797
1.8514285911804333
1.8514338390769338
1.8514374450045439
1.8514429187189119
1.8514483093863556
1.851433076172259
1.8514327162245987
1.8514293622680864
1.8514533433103966
1.851437623255418
1.8513963013039585
1.851447934020064
1.8514526789310148
1.8514136787303386
1.8513992766173695
1.8514111191223186
1.8514409886716117
1.8514117197236115
1.8514637331226051
1.8514055927285888
1.8514547769364813
1.8514020128982143
1.851412920030878
1.8514567185376534
1.8514463625347413
1.8514114926150795
1.8514254321077965
1.8514623780575103
1.851446983762856
1.8513953430651497
1.8514241845406938
1.8514452298798485
1.851434683923041
1.85142327531685
1.8514317801774203
1.8514548219697602
1.8514641983948386
1.8514216067631446
1.851437889580452
1.8514581935904968
1.8514107655330196
1.8514690715321027
1.8514453381293192
1.8514095091214313
1.851459406464581
1.8514435830025548
1.851428490573886
1.8514370796216784
1.8514520589476924
1.8514715277485012
1.8514691279964093
1.851452711282127
1.851424665442545
1.8514273848836444
1.8514287703218801
1.8514514139410236
1.8514043494930792
1.8514325378809575
1.8514493339921336
1.8514189415845714
1.851412563587111
1.8514798572565687
1.8514224843841607
1.8514434043504029
1.8514195166484937
1.8514206706793783
1.8514610425752602
1.8514215981404085
1.851439374116071
1.8514372115551436
1.851434687036424
1.851443213875548
1.8514297007350622
1.851420948592258
1.8514632443370573
1.851424728783535
1.8514280225609978
1.851436600343352
1.8514387382937818
1.8514300947474545
1.8514261695592447
1.8514440743881253
1.8514531176641027
1.8514503537394102
1.8513883097506583
1.851396581227995
1.8514226664699738
1.851439526351534
1.8514298525905912
1.8514659119419146
1.8514289450388721
1.8514467137961568
1.851425910795512
1.8514280882768963
1.851459180477123
1.8514399129017336
1.851443897348797
1.8514688146875815
1.8514175155055832
1.8514528793534548
1.8514698869970085
1.8514226478921003
1.8514431327583067
1.8514260216787508
1.8514195970463847
1.8514617216781033
1.8514228148057024
1.8514221351995421
1.8514182765143097
1.851433673180997
1.8514389314831292
1.8514285477129524
1.8514233475059125
1.8514256566250729
1.8514405141745727
1.851417192676081
1.8514652610061673
1.851436506918956
1.8514279072492383
1.8514283349025362
1.8514659026291647
1.8514322840696484
1.8514485679050314
1.8514131083893954
1.851441049702845
1.8514312178432908
1.8514338936341468
1.8514528875957157
1.8514409337804845
1.851439861209145
1.8514354776507655
1.8514325449676463
1.8514396541809788
1.8514383162880272
1.8514569671359444
1.8514075612937992
1.8514390270503878
1.8514405384241694
1.8514257351250318
1.8514344645298755
1.8514319798710206
1.8514449660306413
1.8514352608655888
1.8514412833355862
1.8514333594137138
1.851420988896911
1.8514172194858685
1.8514443033515755
1.8514376221032636
1.851438091139813
1.8514394381794657
1.8514325047457958
1.8514207572524195
1.85142424521008
1.8514375136387766
1.8514278127605612
1.8514374142494554
1.8514273016174367
1.8514358430387468
1.8514428876739404
1.8514332693868367
1.8514391722886132
1.8514357953608283
1.8514295420175781
1.8514417315701197
1.8514232925622793
1.8514346050558614
1.8514433354512096
1.8514335147520145
1.8514294833066214
1.8514341897345155
1.8514341933707577
1.8514311438692013
1.8514509377583919
1.8514265851704506
1.851436853852792
1.851438415916124
1.8514389830712994
1.851434411867191
1.8514410879468666
1.8514347009450627
1.8514276430111196
1.8514385028573437
1.8514369189341924
1.8514350537136604
1.8514339295425728
1.851430756689643
1.8514389877988175
1.8514402961343672
1.8514346669102753
1.8514334213267656
1.8514346942389421
1.851434528780703
