0.08644073690553368
0.06087429977280718
0.05016706406079522
0.0426588504966058
0.038891558128103555
0.03484866819162217
0.032388296088584914
0.030205156403265838
0.028798972607954648
0.027392340895660554
0.025829110131072176
0.024656059507462205
0.023542001054796945
0.02261193537618484
0.022024720532753696
0.021601169137189475
0.020589012442189657
0.020122667067719736
0.019342479918976144
0.01899308118263516
0.018419410245372882
0.018194766250081953
0.01800642441413092
0.01734610040756276
0.017032490222270713
0.016709087704725047
0.016283544399868757
0.016175577095441027
0.015921281936288813
0.015465749406010627
0.01522757087818902
0.014874948110082793
0.014842810830672444
0.014472370267122194
0.014499617672697354
0.014187876368929877
0.01398057657978806
0.013739344841832927
0.013628990289056238
0.013396537342524106
0.013186775033092723
0.013045121281635519
0.012780447317926337
0.012691054317214259
0.012557936461283177
0.01247785505894486
0.012318198390705856
0.012331176886830162
0.012034831500444002
0.011870680263652157
0.011732260012829936
0.01167913174425159
0.011444988827643363
0.011339935276696952
0.011374246950047916
0.011295976711438798
0.011137003535105742
0.011037354840184718
0.010882541517129434
0.010869543609445967
0.010710998714248928
0.010692258211068595
0.010543710715238859
0.010505765761859331
0.010511000858242376
0.010367170417644494
0.010162449520796363
0.010336136608721225
0.009947957946591071
0.010017567122076337
0.009836353156851456
0.009781036648179892
0.009641195249582466
0.009704290459761618
0.009460243837742409
0.009626557867629417
0.009514595566090855
0.009561690732425182
0.009245892653950757
0.009262581283921463
0.009193553702739238
0.009188499897739066
0.00893502055092047
0.008855826645054984
0.009060166530931613
0.008992988017612927
0.008772998173273028
0.008727924704755786
0.008690363756390606
0.008679065511173749
0.008729013650815359
0.008608439481287167
0.008569794128832417
0.008416758597154768
0.008365389095984648
0.008398186545892788
0.008393219836691626
0.008324153387337108
0.008207060289941968
0.008259565765273869
0.008078435522309885
0.008121143868198068
0.008089852462987794
0.007957955185200361
0.007976081325015266
0.008064902190348344
0.0080334679740862
0.007869880688265276
0.007938915968476148
0.007773384846522286
0.007752286137354302
0.007580950250760538
0.007612252691265154
0.007554343503577002
0.0075486814325018865
0.007389881170567085
0.0075521024389378945
0.007473475024551234
0.00740910982813218
0.007402672416285371
0.007491636961669662
0.007365876070202117
0.007376687588191926
0.007312914805932976
0.007270555806480402
0.007255883060997115
0.007098140133926806
0.0070518364268104625
0.007042195522203436
0.006996814094859228
0.006982042329849228
0.006966600054355643
0.00702276024697833
0.006923744106632789
0.006939742980335914
0.006909149180595382
0.006910627088090187
0.006870228117541554
0.0068263540336071325
0.0067121387005620965
0.006784101275882054
0.006689499391975158
0.006666269560605235
0.006662534296089497
0.0066631293597135995
0.0066176191040619135
0.006686153013755719
0.006561783198557519
0.006540939389675665
0.006486541586269966
0.006494307198627967
0.006401385081093082
0.006507078548193551
0.006415990318794167
0.006296441999915854
0.006324369297917031
0.006372395038014938
0.006369886702590883
0.006289083312331183
0.006123656079846785
0.006292352123240349
0.006147992654908717
0.006171048881202831
0.0062452620257717655
0.006144264152415011
0.006127743613128509
0.0060631036084422526
0.006086735954790305
0.0060622225741614275
0.006000470632127077
0.006080381715472123
0.006088603373404099
0.005983467939497654
0.005915655257381215
0.00591598566849584
0.0058897614776315475
0.005880779041728686
0.005869132636106055
0.005860612022489674
0.005821352384876591
0.005802385231927564
0.005757988320987877
0.005764082703992895
0.005739778698539859
0.005729385147235411
0.0056786051638250045
0.005729632503830379
0.005740112751949279
0.005649119870746704
0.005607788336212484
0.005694916409366199
0.005686859045149693
0.005604428561932363
0.005609201773841792
0.0055134332562690215
0.005514488000092481
0.005521968994837148
0.00546620698267302
0.005420652185345792
0.005469270151441354
0.005507123138911966
0.00544349263730111
0.005420369573287714
0.0053157306252620065
0.005367394054789435
0.005344767526205417
0.005322105784495563
0.005340828761479402
0.0053041318788409585
0.005265316553167212
0.005279104984452885
0.00531156679984767
0.005219949318154092
0.00520884012290713
0.005297840751304405
0.005218612529629103
0.005222136616434783
0.0052449674893610375
0.0051710471733133374
0.005146279267190098
0.005108051946924348
0.005082531467518129
0.005056179928160546
0.005088414507505605
0.005063944032968665
0.005077518102874241
0.005072983999313433
0.005067625617637069
0.004979233120215378
0.005047240796503409
0.0049671165533007175
0.0049555671355468655
0.004955229414289757
0.004927495676060458
0.0049344480999332935
0.0048752393645391245
0.004873412799050781
0.004921531952617097
0.004860104678018227
0.0048884192481629665
0.004862001194075278
0.0048641191555439545
0.004778953846050842
0.004862216684713302
0.004824171726959496
0.004768846963210658
0.004716794664841992
0.004793422721050816
0.004649915588404534
0.004692257687613519
0.004757400675746023
0.004700247200274726
0.004722376870512343
0.00472458182567403
0.004650084498584085
0.004685947629833717
0.004666850545552563
0.004586187155813696
0.004691661502533329
0.004539739823569623
0.0046059605904348894
0.004553288497764277
0.004558136821634436
0.004558228297584587
0.0045505960569389445
0.004528343734748463
0.004574464171745786
0.004504505823855895
0.004518684399965952
0.004465052237918601
0.004475674956049555
0.004503874931111883
0.004477549676588971
0.004392952471044515
0.004462448966137999
0.004403352877028608
0.004419473661038916
0.004368044273037701
0.004396981518529002
0.004336858926861546
0.004370932599852136
0.004377528419957086
0.0043850267002186446
0.004301758132198419
0.004293137953995665
0.004338617944275016
0.004262561170642197
0.004327635007882484
0.004247797027907379
0.004265356533079699
0.00423364599300307
0.004252099290145061
0.004276917231611269
0.004279608994231929
0.004212415015940271
0.00416530925053321
0.004176696405508378
0.004229362653734386
0.004141815215307127
0.004201287144385071
0.004149454967567742
0.004184340939931498
0.004179834791389901
0.004151541896841295
0.004138206539020583
0.004114236958413299
0.004074504695680027
0.004027495835389853
0.00410235734517398
0.00410756162596098
0.004041434687598982
0.004077983055459795
0.004049638581555733
0.004031079550356027
0.004028090406602901
0.003987811343971798
0.004017891848065152
0.003980827978844266
0.003957817308861876
0.004004033755278821
0.003947123796895497
0.003959464531915472
0.003928028176849843
0.003940179294709267
0.003920825859928783
0.003964212732822143
0.00391816396975085
0.0039485923470906105
0.003914418499075357
0.0038611820989102037
0.0038909877310454133
0.0038979786035830922
0.003833336016896312
0.003856583884938206
0.0038072015812883183
0.003837091071119152
0.0038152110732632355
0.0038114217845037824
0.0038153013099320667
0.003847231167400725
0.0037786001724019603
0.0037991191582141875
0.0037801825854741344
0.0037434772842983906
0.0037348088047575944
0.00376070764331598
0.003764352579118247
0.0037564412862943768
0.0037119016616356817
0.0037745286679813765
0.0037447772584320673
0.003721945215341477
0.0037221627355275414
0.0037006473687888645
0.0036973580750546873
0.0036680405679555767
0.0036478856625629676
0.00366742784371076
0.0036954196544708544
0.003614303437665595
0.0036191693422637852
0.003634872041038181
0.0036062645157483955
0.0035980532073417214
0.003544256818867701
0.0036234860736224597
0.0035546512119297652
0.0035949499777693213
0.0035892976548913247
0.003584367865790394
0.0035626363451152832
0.0035458332041463023
0.003565732498814301
0.003532471566351205
0.0035380208499464737
0.0035274600978755077
0.0035499759592087913
0.0035405328066746037
0.0034642431954235637
0.003436279539348133
0.0035241837570952916
0.0034629413069169543
0.003441333839428241
0.0035052504834241073
0.0034359544327580696
0.0034544886412027228
0.003440616668127394
0.003407714912986325
0.0034191786597545745
0.0034130163766272867
0.0034433611351940264
0.0033651182150252106
0.0033894761094317755
0.0034074207586186995
0.0033534208458401013
0.0033831087968354727
0.003395739256449746
0.003343547595800845
0.0033279908846962592
0.0033413800419600103
0.003317105149981232
0.003324986745629035
0.0033109525334496155
0.003317336796577688
0.003299661179946975
0.0032957805285755144
0.0033419784675160417
0.0032733986763950024
0.0032612518860326376
0.003277527087416615
0.0032635720289228994
0.0032634214039341906
0.003256672589494193
0.0032388580964809325
0.0032145666176292245
0.003237077620885355
0.0032271495759667863
0.0032286531779488216
0.0032036662038274445
0.003226277397583187
0.0032101406221094722
0.003200572691198178
0.0031560158103469734
0.00317453496097436
0.0031927363865364143
0.0031751039410133105
0.0031579511560034003
0.003148334113519845
0.003136963302420033
0.0031472346422044624
0.003129197360310666
0.0031330579358145247
0.0031382208559770316
0.003092090219274157
0.003154880323637708
0.0030964180849901383
0.003108320999869343
0.0030856790823126025
0.003070001545879213
0.0030936449724101706
0.0030612860378722412
0.003091759618504765
0.003059241570990397
0.003061175182612674
0.0030902749021313462
0.0030468434129693888
0.003078405528463873
0.003011798879180129
0.0030072826597387745
0.002996304024645999
0.0029823457727714735
0.003033016205243152
0.0030074280286838226
0.003003014916046337
0.0030232012826700416
0.0030183346752184117
0.0029924718873404624
0.0029856924505441387
0.0029759884174469908
0.002973863460370032
0.002943211892842435
0.0029148328478600656
0.0029494405766966082
0.002925769297230789
0.0029468662196254674
0.0029492528558511346
0.002934724361700399
0.0029465039339215504
0.0029521688918823035
0.002901622005693727
0.0028768808877646813
0.0028629695634380795
0.002870331316374711
0.0028781021517443684
0.002882521718362593
0.002872732400031433
0.0028547470130926393
0.00288664944740195
0.002817745153700639
0.0028216366803830296
0.0028450801066239343
0.0028279852778171207
0.0028113203398729717
0.0028333282468218967
0.0028333220981518826
0.0028228806024553034
0.0027713065884772546
0.0028128788193181498
0.0027976971065655385
0.0027800956000405656
0.002794341913659285
0.002751938263117377
0.0027874150096254464
0.002769349441111111
0.0027404333332618444
0.00277169858905225
0.00273473340195454
0.0027530443692838752
0.0027109600487825666
0.002715869656667573
0.0027392480400852516
0.0027447897190549775
0.0027024807615441708
0.0027104905167210027
0.002716010222801007
0.002724899151269914
0.0026698699600999497
0.0026987054828913727
0.002680276254405734
0.0027119564208651164
0.0026469883852539822
0.002646208826895001
0.0026562615144850206
0.0026643059479883784
0.002688179479558286
0.0026622439646513496
0.0026200268232283368
0.0026333111461524935
0.0026228004324084027
0.00262922095438413
0.0026044923143848874
0.0025948077547745334
0.0025648806683200684
0.002626947377940269
0.0025893230151018236
0.0026079524058887564
0.002560165850664107
0.0025998017109107588
0.002594407267486892
0.002591016462175164
0.0025691092713314074
0.002552182019486997
0.0025475114921312816
0.0025483697985312238
0.002556265456151704
0.002545608915757672
0.002508620616504032
0.0025375541208652245
0.002531698890618311
0.0025307035839621387
0.002507235681228124
0.002494041255583637
0.0025228559720255703
0.0024739200813483787
0.0024620324156156685
0.0024622392942000733
0.0025047412964797097
0.0025207723982739578
0.002461838507698376
0.0024915060978224794
0.002484275327865274
0.0024492530542997086
0.0024681318163048698
0.002452733090939223
0.0024549012960246
0.0024232092899945583
0.002441102662942629
0.0024181864622051636
0.002410608295946457
0.0024288085310106133
0.002408376269541415
0.002426118667352507
0.002412052879909219
0.002419643403982598
0.0023880147099755826
0.002422389573680766
0.002374438457748085
0.002373956146597587
0.002412286609460464
0.0023778716138559766
0.002362435491096212
0.002361999608954735
0.0023154027974312905
0.0023406707831346704
0.0023386382914092918
0.002340930246187842
0.002339113052361047
0.0023363450677325974
0.002321232888459827
0.0023551406377081254
0.002317104157933992
0.002280387074064955
0.002313943119901479
0.0023207368700794103
0.002308023003455461
0.0023013782338990145
0.0023068034532559563
0.00226971183996799
0.002280841275290289
0.0022875393336929894
0.0022931462334759047
0.0022533903490050554
0.0022812087318670685
0.0022636056905748
0.0022654872817517296
0.0022379269363396264
0.002267846802810524
0.0022542420018871042
0.002245951386512675
0.002233147175397701
0.0022223786561522485
0.0022084701828056605
0.002231114943595087
0.002230376325207978
0.0022095401045067594
0.0021970860705016037
0.0022255500045863957
0.0021679204745249877
0.0021916604446220287
0.0021894522098792513
0.002168094534851473
0.002157040921741179
0.002175553283260739
0.0021933938159891704
0.002146463409483947
0.0021582919616312795
0.002129345585156298
0.002112011012001045
0.002137851405247621
0.002144605628882646
0.0021398371566529895
0.0021357405030601176
0.0021456281704387353
0.0021070821578844934
0.002105361715184291
0.0021190944778044004
0.0020937181383348467
0.0020974721494753526
0.0021029386220909295
0.0020993246861427946
0.002091163654286775
0.0021125617708997874
0.0020853507802551965
0.00205386523993771
0.0020592150400815384
0.002064956292972898
0.0020709616226925187
0.0020453449826495214
0.0020400261215913896
0.002059064411760457
0.0020370145003460382
0.0020364304769811443
0.002043330021309085
0.0020103948457841797
0.0020155803975576755
0.00202911762918555
0.0020283473215335877
0.0019879064129030496
0.0020130426068394364
0.0020091538987310194
0.0020198744160860017
0.00198870132101486
0.001989604351091193
0.001991799384546272
0.0019961947049823635
0.0019724842931345982
0.001965605930919863
0.001971784070393874
0.0019316235687471919
0.0019603772672056622
0.001982280955701602
0.001954121322807845
0.00196333159070549
0.0019521589826343023
0.001915981219564083
0.001927790546915961
0.0019274051113915712
0.0019176595615976208
0.0019016105207101223
0.0019120076235810072
0.0019038988491848863
0.0019210213716286814
0.0018872444732359905
0.001894947662718457
0.0019021450163122656
0.0018818312130757344
0.0018900396291521792
0.0018909129318695052
0.0018866127276280927
0.001873245049019538
0.001881785718159148
0.0018606893509003017
0.001868249280634626
0.0018305587855608357
0.001855690354386058
0.001839085681093536
0.0018430407240705238
0.0018567442211644496
0.0018523285088452239
0.001824949318165861
0.0018151537810605159
0.0018426277313578878
0.0018221926831514794
0.0018167625018982365
0.0017907394391298013
0.0017821739011335198
0.001804173876069078
0.0017865962758238315
0.0017981200489836278
0.0017771586292413767
0.0017897118839375354
0.0017667199027072335
0.001746303255027834
0.0017615369048524202
0.0017710307684427338
0.0017448336757204912
0.0017536986553720745
0.0017567491254080654
0.0017578017651987366
0.0017403232971824674
0.001735167739839136
0.0017642713241362374
0.0017641779595674544
0.001735564328259272
0.0017267327661132884
0.001724725234752317
0.0017163739354522066
0.0016979573234614965
0.0017143985876787184
0.0017090092911069765
0.0017068948927137784
0.0016940515118286437
0.0017061945015300548
0.0016534558818895862
0.0016708185935257842
0.0016798420085566022
0.0016964620957475459
0.0016791108054641287
0.0016776698271651596
0.0016773520583739487
0.001646553282286519
0.0016414855803867283
0.0016536156314255152
0.001654640909546815
0.0016389282238616473
0.0016398810469579906
0.0016389758897817689
0.0016237448726137275
0.0016184973151267244
0.0016174684111280176
0.0016284238843101966
0.0016258177477163995
0.0016047881337948539
0.001596305805589061
0.0015914187951512249
0.001591100113065244
0.0015971341484674276
0.0015867111878585353
0.0015861092172407528
0.0015612860650846636
0.0015770318293675772
0.00155424279489894
0.0015507832380482402
0.0015592437039946788
0.0015583325784525946
0.0015494012539480145
0.001567769882487406
0.001563079508964417
0.0015363924156582814
0.001558491044138651
0.0015291248898889143
0.0015099914055117633
0.001512022134038524
0.0015234887701324467
0.001513633400667983
0.0015060140660032586
0.0014878828097794536
0.0014986451814562416
0.0015026089398143916
0.0014989080537611702
0.0014938440052734115
0.0014824160501528355
0.0014870164419370873
0.0014714456747166108
0.0014851838650768705
0.0014735514199715465
0.001456658562170215
0.0014770458899686432
0.0014502535535311286
0.001434866878179512
0.0014489522591345958
0.0014798620445946457
0.0014489267227801212
0.0014420713631123937
0.0014327089716170563
0.0014240862520457519
0.0014272769541424817
0.0014181812557140002
0.0014272118182897546
0.0014169301512523488
0.0013992151657566349
0.0014072587009492181
0.0014024052778701392
0.0013876026186611004
0.001386006935684389
0.001379805331953262
0.0013799449109011543
0.0013902255653097395
0.0013671149915529658
0.0013640226049435012
0.00135727954873899
0.0013629478957477464
0.0013691289763659124
0.0013595007325560816
0.0013478059261355147
0.0013406251676719772
0.0013376349252996436
0.0013234323293845817
0.0013428216550878537
0.0013450819082571203
0.0013094295261383102
0.0013063967162000398
0.0013089265443484133
0.00128412409662716
0.0012797503596079297
0.0013063600123924379
0.0012839893089271331
0.0012958798710458856
0.0012885307724925007
0.0012992808102002982
0.0012669995377957307
0.0012729875564427724
0.0012645249142508217
0.0012607739992970114
0.0012551046113889173
0.0012722828807302067
0.0012382792708619454
0.0012496975631236089
0.001228083468501555
0.0012296986171927613
0.0012354736889194752
0.0012242580695751262
0.0012310427101100134
0.0012134545236802152
0.0012188613646231493
0.0012057516372279665
0.001217801378903748
0.0011926986111663355
0.0011850762603463048
0.0011975227382024574
0.001198474231946177
0.0011914141104786052
0.0011791702570943265
0.0011839712353468304
0.0011770045128363163
0.0011706303898402163
0.001155491615709144
0.0011519456602502396
0.0011712874740390621
0.0011501424871088537
0.0011447810206025584
0.0011400540919128794
0.0011414107318687518
0.0011224044720961413
0.0011414654922185508
0.001120321355091695
0.0011163241408516233
0.001106350047548158
0.00112456191768522
0.0011080602794060028
0.00109872791019914
0.0011076200239594272
0.0010983934139190995
0.0010976217078755423
0.0010879220979983016
0.0010756227072336072
0.0010558305355498026
0.0010488952779891473
0.0010660918882666253
0.001057661694482326
0.0010549924090719055
0.001047446649064304
0.0010465446342830288
0.0010310629970238737
0.0010353831880567184
0.0010249332171033403
0.001024052478509409
0.0010228351990629663
0.001015330483126406
0.001005583611250329
0.0010001919251449564
0.0009957647575752405
0.000987235804565985
0.0009846620832499535
0.0009889326477834745
0.0009815796757935678
0.0009787578090954022
0.0009686239393062872
0.0009753406933038286
0.0009656863850203624
0.0009611289088292552
0.0009398105559535449
0.0009473861741459459
0.0009389032826601446
0.0009367911162395103
0.0009312257953601055
0.0009274196832556587
0.0009274893458494668
0.000920947281502428
0.0009026037772521948
0.0009002588495305515
0.0008926128605181191
0.0008972663861925292
0.0008880687910696516
0.0008837956057010742
0.0008792821288295443
0.000860357944721072
0.0008643979913229901
0.0008593474441488396
0.0008706332361038795
0.0008441444302243107
0.0008501254167351201
0.0008464936390111975
0.0008346533301895068
0.0008315059321636095
0.0008283849066210687
0.0008173176466783151
0.0008165077133485657
0.0008154092949170963
0.000805771815569202
0.000798720269562147
0.0007928794716333649
0.0007885957301679581
0.0007864017491593764
0.0007760256707171902
0.0007744052744999223
0.0007607804675294175
0.0007582568565224255
0.0007568654021038795
0.000747613279622304
0.0007370685490744397
0.0007354344240679013
0.0007300698431248575
0.0007270206834818326
0.000721091854055375
0.0007021290070753976
0.000698217247225282
0.0006968965700545818
0.0006935195390611474
0.0006920446147956431
0.0006857595599942
0.000682436152808976
0.000662675241884388
0.0006669445119316785
0.0006612849421592047
0.0006530793509781218
0.0006476830093267305
0.000633702057378238
0.0006282197726888174
0.0006263547328355648
0.000620321973600969
0.000616202284784133
0.0005972235744260405
0.0005965117917231647
0.0005949557626485321
0.0005836995045606059
0.0005712781824691952
0.000570414664519981
0.0005645540817035447
0.0005604587252973299
0.0005472078923955372
0.0005409800662430693
0.0005333360716325251
0.0005238377160482852
0.0005243826890592515
0.0005123345083384151
0.0005060511481972897
0.0005006776606252179
0.0004826199326852384
0.00048269302751131676
0.0004718665482005624
0.0004697747905787145
0.00045289063865971535
0.00044801710170198124
0.00043976230448286655
0.0004281909764969463
0.0004181300749899394
0.0004114777679422593
0.0004045205681453427
0.00038928494224807345
0.00038239237184715263
0.00036844836133686256
0.00035890006051660014
0.00034809168088787725
0.00033576002134730933
0.00032344283887743346
0.00031339866140334615
0.0002970843942834289
0.0002888566653856549
0.0002736927307943737
0.00026235943816885584
0.00024401030391680743
0.00022682005996788434
0.00021277472775302282
0.0001931398760331068
0.00017389007248282929
0.00015022049599716942
0.00012435027031275773
8.619786510260692e-05
9.972250391181712e-16
