0.849554044007544
0.848783352148814
0.8505304642390874
0.8496398318752072
0.8493687617039477
0.8495858789263319
0.849846447511272
0.8494079676323661
0.8491018391962145
0.8484600774395414
0.8493123510166313
0.8486740280358733
0.8486814380434822
0.849390927795455
0.8493412262707554
0.8489500816288633
0.8489081193639703
0.8482404457043747
0.8492783342104944
0.8493471950360161
0.8487504943917691
0.8493978082514714
0.848756666672528
0.8494153982756932
0.8491969372159734
0.8490624261773834
0.848895761194879
0.8491020648620884
0.8495938999332455
0.8492326000319368
0.8494001062942214
0.8497176393940821
0.8485883152314047
0.8490540807397032
0.8489068167807853
0.8486733303272799
0.8490661070076371
0.848476309072916
0.8488403046133454
0.8490489597557029
0.848520371467738
0.84883855089682
0.8493746279197621
0.8491125026089161
0.84944530761226
0.848806359665418
0.8494164171579872
0.8490650186368923
0.8486959907225667
0.849145111507467
0.8489918793042
0.8491324231240486
0.8491521021333781
0.8488581889715268
0.8489399523516294
0.8488443878119099
0.8492412197148839
0.8493439005087752
0.8491631847151635
0.8492032218838275
0.8488021335361589
0.8489177024186317
0.8488934475230286
0.8487750281124209
0.8486899241817271
0.8491152009876514
0.8494412607750778
0.8489012480657945
0.8496023483397079
0.8491463661023679
0.8490344810090804
0.8489937779264268
0.8490228115238199
0.8489237595717084
0.8493980616269083
0.8483758763645092
0.8490273750363827
0.849384663039607
0.8490855595298276
0.8491543522480482
0.8490301217802009
0.8490262528322718
0.8489873378422628
0.8492207268333597
0.8489478002760238
0.8490688106499948
0.8491607723796886
0.8489626976752627
0.8491235560636103
0.8490019282117229
0.8488805984980594
0.8491337072056202
0.849146778536497
0.8490839571897264
0.8488076642030723
0.8488778886462873
0.8489515410659442
0.84902738697672
0.8489853711083045
0.8492196497885972
0.8490500114415341
0.8489705142951273
0.8492489960157318
0.8488563335643726
0.8490645120434827
0.8490405190780151
0.8493349405592234
0.8488993468956949
0.8493289527757213
0.8489677689113508
0.8490237656394202
0.8491926295300589
0.8492390780336867
0.849291639683372
0.8489520232273442
0.8490344734556268
0.8488800217074375
0.8490599805818916
0.8490410973120903
0.8490542185703803
0.8491921918824149
0.8489795494326725
0.8490086684799418
0.8491344270204289
0.8493540452945636
0.8489287297892448
0.8488149925331163
0.8488486499108081
0.8490848078890154
0.8490526375060629
0.848939763028724
0.8490935037360309
0.8489548870759495
0.8491288577735264
0.8491405174957383
0.849174880890068
0.8491215782072943
0.8489688541665761
0.8489748771915551
0.8492134811288077
0.8492032770634192
0.848942328774146
0.8490260130606175
0.8490598759058141
0.8491517125657887
0.849068553015566
0.8491439690973497
0.8489915261800707
0.8490652053811119
0.8491285667687029
0.8491174889456128
0.8488561874430112
0.8493419574713924
0.8490595460082065
0.8491818205622936
0.8488382279612166
0.8491471833897493
0.8489987173547575
0.8491190269810625
0.8491000402025085
0.8490178656952189
0.8491000356903471
0.8488574279552328
0.8489367325746
0.8490539849394685
0.8489482951076798
0.8490983265349498
0.8488721025394523
0.848878389475569
0.849152260915997
0.8493136397048145
0.8491715059725855
0.8491896171374279
0.8490611360176288
0.8489629302563144
0.8489796817963319
0.8489497958161591
0.8489636791419012
0.8489051010962063
0.8491791752718227
0.849039084125126
0.8489271857662388
0.8489960299582108
0.8489577016670024
0.8491624713188092
0.8490251499339463
0.8491043140670339
0.8489325337165603
0.8489632505259442
0.8490139685355458
0.8490322488193939
0.8490287950942218
0.8492742590043008
0.8490091880380746
0.8492058315816586
0.8489174264282657
0.8490523676843451
0.8488951918049823
0.8490917923201116
0.8490720411201873
0.8490705773813381
0.8492069639936298
0.8491123161032825
0.8490815076048386
0.8488975401990135
0.8491942676356626
0.8490228165102178
0.8490592487999765
0.8489859740017882
0.8491288316050389
0.8490395492304363
0.8490273548594536
0.8491764077304832
0.8491419789013047
0.8489915237768255
0.849150852550354
0.8492585098900667
0.8489968316293053
0.849082457754869
0.8490361119819027
0.8490126204889744
0.8489636064176067
0.84902350169942
0.8490143393851762
0.8491124118031362
0.8491624539544614
0.8490174625510694
0.8489644099853852
0.8491572907703716
0.8489766629639555
0.8490799109200928
0.8490662578007201
0.8489230927587574
0.8490812493819682
0.8490286370072979
0.8490909398382565
0.849035367329091
0.8489202197551147
0.8490000757736614
0.8489428190556684
0.849132554917508
0.8489208928067521
0.8490460343137162
0.8491207655020498
0.849254942578368
0.849070978454306
0.8492218253325488
0.8490809138873643
0.8490291294434623
0.8492009055998179
0.849079194322557
0.849143931422797
0.849093499831135
0.8490183483548961
0.8489861267928333
0.8489513580763294
0.8490069364657576
0.8488902289320387
0.849182444906007
0.849051155238083
0.8487767687926977
0.848983719496362
0.8491663689651845
0.8489893638201882
0.849080179793372
0.8491159203888065
0.8490195235770318
0.8490298875563455
0.8491066564630139
0.8488284833844908
0.8490812522534325
0.8490002968095476
0.8489735592388185
0.8492077743543923
0.8489571660899352
0.8492098104235565
0.8489836018898421
0.848938584927222
0.8489549768631459
0.8489824648263402
0.8490209034482968
0.8490740685087514
0.8490092243771691
0.8491261495011746
0.8490537387742694
0.849169046603276
0.848952506645547
0.8491720920534459
0.8491319323901693
0.8488776799907859
0.8489662863968636
0.8489473180454498
0.8490786238198654
0.8490152113328755
0.84899652051222
0.8489228639748885
0.8489958345745675
0.8489195536236473
0.8490688317446761
0.8490685657598335
0.8488378686060539
0.8489367710661856
0.849039572468002
0.8491671164563844
0.8492563750647447
0.8489828961121344
0.8490779029618069
0.8490906929764651
0.8491330164191633
0.8491524441200962
0.849159366782257
0.8490702971224884
0.8490248592577635
0.8490379511127852
0.8491055909286813
0.8490608818084942
0.8490442833411925
0.8488941085491166
0.8489297944613343
0.8490522439641414
0.8490255570714431
0.8489378335442056
0.84904650513036
0.8490180960417186
0.8491181647469651
0.8490897050624324
0.8490590794664864
0.8490663071026198
0.8491355938219145
0.8491477537560175
0.8489945779677708
0.8491439666949807
0.8490854525253176
0.8490468191439344
0.8490728058669161
0.8490223691520677
0.8489985454648544
0.8490415025714325
0.8491221906924067
0.8489107885226426
0.849016548508678
0.8490209980085599
0.8491161180088104
0.8489858371973982
0.8490672079293538
0.849046556877223
0.8492007418414982
0.8491733004100375
0.8492022183271354
0.8491407892215839
0.849092974458061
0.8490536787156325
0.8491039391752705
0.8488020421987327
0.8490997192155668
0.8491809947952413
0.8490590572722776
0.8490843402173947
0.849117405731299
0.8490728924349024
0.8490354229758834
0.8491276900132004
0.8491317060574158
0.8490958547284648
0.8492085629477019
0.84913568564726
0.8490841052069911
0.8489405425393654
0.8491866507752418
0.8491026902390968
0.84904559593775
0.8490525064533018
0.8490410318258255
0.8490501437653752
0.8491157430315354
0.8490727790627025
0.8490213763065528
0.848949153615394
0.849055716153152
0.8490329623564401
0.8492098734911513
0.8491165141821
0.8491123703233506
0.8490874989266775
0.8490938658380137
0.8490389236656297
0.8490917444643543
0.8490838597681264
0.8490220773433377
0.8490248186513992
0.8490486432985652
0.8490287601489134
0.8490837245131623
0.8489920402471999
0.8491390091286912
0.849011008152577
0.8490547360842489
0.8490236186840326
0.8490565899889725
0.8491345836351784
0.8491219730381017
0.8491615411291498
0.8490096461468761
0.8490153334418062
0.8490645940755034
0.8491202345193988
0.8490198979775643
0.8490982121846382
0.8490264988497677
0.8490388963867567
0.8492037766113419
0.8490253010598416
0.8490710645797308
0.8489009580911128
0.84912240579188
0.8490536864086767
0.8490286796105909
0.8489919847092083
0.8490056765960055
0.8491010356411606
0.849006981235044
0.8490443765361848
0.8490631116112342
0.8491021162610903
0.8490980453391487
0.8491383950308012
0.8491120240257362
0.8491177791201757
0.8490069830042661
0.8489809656031255
0.849120112893763
0.8490812266782511
0.8490380200737107
0.8489278064156986
0.8490572269184824
0.8489635691228355
0.8491364205934228
0.849001171947138
0.8491815935363051
0.8490969062840057
0.8489985542072725
0.8490347676642533
0.8490746508323599
0.8490613948060988
0.8490244190858189
0.849077060794193
0.8489874516495256
0.8491165346390637
0.8490580706951271
0.8489809313255977
0.8489813125289467
0.8491387756393489
0.8490940780750614
0.8491130364136071
0.8490013962374318
0.8490105205098706
0.8489536025549347
0.8489983742385899
0.8489788419211063
0.8489742784482227
0.848982480269709
0.8491961456193623
0.8489459190592951
0.849125747453434
0.8491141225722013
0.8490818406758736
0.8490112993202805
0.8491295862707803
0.8490356463176426
0.8490292375945583
0.8491218580338189
0.8490496445065457
0.8490246863028835
0.8490878407920674
0.8490213723822327
0.8490109479145141
0.8490302162600354
0.8490195309653648
0.8490549803581232
0.8490083432347687
0.849000223703582
0.8489729787115949
0.8490424757956833
0.8490204607645708
0.8490188519688694
0.8490381945951916
0.8491092641911808
0.8489880208590413
0.8490645973706492
0.8491315308068846
0.8490156544897305
0.849029869895244
0.8490921581436978
0.849099949401871
0.8490817753452365
0.8490122276645161
0.8489742748180331
0.8490617447044553
0.8490074026421677
0.8489888216607305
0.8490699493398272
0.8491367018283389
0.8490158904259013
0.8490093708124037
0.8490810466801498
0.849117564487253
0.8490244959971965
0.849008585240478
0.8489482887746497
0.8491500518858811
0.8490664733452621
0.8490864040114413
0.8490986901918596
0.849092863512024
0.8491570368313726
0.8490512989169688
0.8491067287673948
0.8490401343902136
0.8491987675981927
0.8490234519939733
0.8490284302520278
0.8489382599780431
0.8490563871895278
0.8489315384477295
0.849034678610023
0.8490858171660657
0.8490466830789691
0.848978697636354
0.8490827118827636
0.8491057579538636
0.8491227259369487
0.8490987465973919
0.8490479631211807
0.8490982961511545
0.849052783678006
0.8490810617940601
0.849065163797793
0.8491399417932316
0.849087018685105
0.8490368170752914
0.8490745764215614
0.8491287256637257
0.8489699490369687
0.8491376580300494
0.8490842123703878
0.8490550871028237
0.8491145520433343
0.8490361795227831
0.849023844227406
0.8490631439252636
0.8490077965103031
0.848986278116428
0.8490549431742356
0.8490889821716073
0.849090573284186
0.849053888251966
0.8491404684184934
0.8490631805827524
0.8490699458236973
0.8491606228274464
0.8490477297705251
0.8490170732765584
0.8490762877118766
0.8490604853207693
0.849073247838787
0.8490535766019102
0.8490035028741241
0.8490789857650131
0.8491171366736593
0.8490610821792518
0.8489874338203345
0.8491054787261036
0.8490544044529376
0.8490106448252321
0.8490311941384029
0.8490663439278356
0.8489874397185008
0.8490129172412638
0.8491093616651108
0.8489913448706646
0.8490052032874817
0.8491136917571878
0.849025362691111
0.8490497674643837
0.84902359041391
0.8490710103160236
0.8490624785580909
0.8490740878088047
0.8490657302240979
0.849032532326671
0.8491884158059989
0.8490119928801223
0.8490976938118047
0.8490357899673889
0.849096836412601
0.8489799342542729
0.8490807031838123
0.8491518582781978
0.8490262227287001
0.8490688509227573
0.8489864494522599
0.8490320127413552
0.8490930673051141
0.8490867603074619
0.8490943163219564
0.8490550117836306
0.8490269676903114
0.8490379376811683
0.8490926206253374
0.8490488416530612
0.8490848228634266
0.8490860199846065
0.8490284486856817
0.849067284222309
0.8490107264034666
0.8490013275722271
0.8490177959256556
0.849094722363388
0.8490144590901244
0.8490363896358294
0.8490638214599138
0.8490166810136327
0.8490949309783924
0.8490757414934509
0.8490855791115147
0.8491112113119686
0.849032111969158
0.8490093823232322
0.8490618750462141
0.8490088945983622
0.8491138330242735
0.8490354869936333
0.8490698533401213
0.849091251967756
0.8490430115526281
0.8490794048392228
0.8490956575991931
0.8491121604518392
0.8490674705051381
0.849037937744275
0.8490425973139769
0.8490368002654847
0.8491080794168465
0.8490750267356391
0.8490717016862492
0.8489936499745412
0.849053032049138
0.8490432941916657
0.8490240986865838
0.8489768053498298
0.8491159708528401
0.8491055947387387
0.8490805726815382
0.849052460071136
0.8490932379265507
0.849044722148976
0.8490424004540095
0.8490415899524211
0.8490536724264077
0.8490946461441685
0.849011567075441
0.84905250565067
0.8491580399401686
0.8490703151758485
0.8490657036868599
0.8490747409693024
0.8490433136460016
0.8490274684272686
0.8490849448755443
0.8490702709205817
0.8490528887440152
0.8490558684386394
0.8490633785414445
0.8490484598923446
0.8490915373968357
0.8490168582394708
0.8490091808943162
0.8490394241733585
0.8490739572265289
0.8490449816022778
0.8491286409246485
0.8491143208641877
0.8491173416820953
0.8490894389577497
0.8490546481458634
0.849046586011977
0.8490653193188751
0.8490941075529219
0.849098871973259
0.8491103984812577
0.8490841860006578
0.8490804896886662
0.849060044074123
0.8490261786685682
0.8490807806863798
0.8490389741519916
0.8490634343991093
0.8490283520624893
0.8490989515142295
0.8490875574772104
0.8490539101841749
0.849038030060233
0.8490531309699402
0.8490195443042697
0.8490601893353255
0.8490420447814924
0.8490613414262265
0.8490586582594437
0.8490872864064424
0.8490758311425745
0.8490732458301979
0.8491058623650805
0.8490328508231403
0.849004730804652
0.8490432033285015
0.8490899606510668
0.8490575026047757
0.8490519010206689
0.849044014461157
0.8490040486715776
0.8490568847702281
0.8490738598647051
0.8491171710992563
0.8490133554401009
0.8489980976045923
0.8490557979135761
0.8490716409899302
0.8490156668156708
0.84899162212784
0.8490352304821379
0.8490709348647121
0.8490464730812762
0.8490700706726204
0.8490262098094167
0.8490375504645931
0.8490681054294898
0.8490662953464282
0.8490387610288049
0.8490102326756878
0.849039141922755
0.849056582498066
0.849049441071695
0.8490532142170363
0.8490295197012921
0.8490292757532923
0.849058579138425
0.8490654072737112
0.8490195928711044
0.8490457573785225
0.8490162741737933
0.8490963226882168
0.8490680812897649
0.8490650779418578
0.8490846373472061
0.8490405375084836
0.8490851990501089
0.849032058202073
0.8490222294410646
0.8490966970981128
0.8490810229972543
0.8490317052942548
0.8489912379687529
0.8490477376027061
0.8490700714502757
0.8489980107065171
0.8490539166169682
0.8491243581765618
0.8490702750532196
0.8490147662271343
0.8490747773081159
0.8491054587358916
0.8490541332576544
0.8490193698729994
0.8490821793418936
0.8490788809846097
0.8490292618300066
0.8490536073999417
0.8490514634953588
0.8490313245066307
0.8490393544799973
0.8490854915137621
0.8490754927812484
0.8490639806028722
0.849026854588127
0.849081543172418
0.8490395719324142
0.848999310091984
0.8490300201387885
0.849039061951674
0.8490490036597083
0.8490640439149356
0.8490286576211158
0.8490399458823247
0.8490470401739619
0.8490789330466781
0.8491260485400689
0.8490684405218064
0.8490491569471244
0.8490405702613975
0.8490382185696526
0.8490190002201201
0.8490310838096943
0.8490248581577631
0.8490368806144812
0.8490780947211913
0.8490860555090032
0.8490455548730528
0.8490633798330064
0.8490643958265662
0.849018150760918
0.8490216755018193
0.849057219086105
0.8490412742129938
0.8490631933850835
0.8490816223365715
0.8490778077291756
0.8490457133152844
0.8490244080916642
0.8490733976657361
0.8490329169369204
0.8490462007256098
0.8490852778185491
0.8490617070537574
0.8490603763392075
0.8490164445781109
0.8490667079776757
0.8490554579707649
0.8490567256767199
0.8490304431421879
0.8490434422830778
0.8490561849900354
0.8490426384894328
0.8490407762956503
0.8490512840450166
0.8490381852524018
0.8490574015062361
0.8490555005843445
0.8490691962604796
0.8490384926576451
0.8490803924120565
0.8490736028716934
0.8489936116656174
0.8490573682084817
0.8490473923740608
0.8490216453041525
0.8490492012490831
0.8490729061130412
0.849092377540055
0.8490459186189715
0.8490501052634263
0.8490560649552495
0.8490465795761686
0.849056591803016
0.8490712687083928
0.8490315898226667
0.8490394526296164
0.8490408781993152
0.8490673340296122
0.8490402968877006
0.8490552394964394
0.8490651994131969
0.8490476074765727
0.8490303022682443
0.849069273448103
0.8490386911065214
0.8490403598254223
0.8490419199344283
0.8490367573232612
0.8490371318844986
0.8490282971952351
0.84907514553795
0.8490239823624721
0.8490241539774823
0.849094794194928
0.8490378537111778
0.849061488432598
0.8490589895552548
0.8490723338001184
0.8490560118125566
0.8490368868469635
0.8490431136694336
0.849048774055733
0.8490678414322709
0.8490501284875576
0.8490651468047082
0.8490548202429234
0.8490862440137964
0.8490649021091873
0.8490705623874312
0.8490605271773758
0.8490708947862254
0.849049563230469
0.8491031388282201
0.8490402074709488
0.8490559693530675
0.8490191169730158
0.8490426298191114
0.8490318339087114
0.8490633389196868
0.8490568648838384
0.8490570949678917
0.8490213829133613
0.8490598623322494
0.849048595688419
0.8490788437418585
0.8490589588293985
0.8490495851342125
0.849075968047258
0.849085509022346
0.8490652006647604
0.8490582628489488
0.8490546600509622
0.8490795002419084
0.8490577436585703
0.8490246662116667
0.8490375586257204
0.8490681698659475
0.8490432329861629
0.8490610387811139
0.8490643212844073
0.8490536843417485
0.8490539321043274
0.8490416614424459
0.8490208643008529
0.8490524941561168
0.8490441529374164
0.8490690013402131
0.8490450732030881
0.8490445029881183
0.8490392683808478
0.8490510833552839
0.8490799152828993
0.8490433616603128
0.8490641090103576
0.8490644335973888
0.8490682492417343
0.8490525500280588
0.849043855612568
0.849052144941722
0.8490611582427948
0.8490635716654198
0.8490378713005621
0.8490253659733171
0.8490478905496113
0.8490626121285876
0.8490621170293238
0.8490620574394298
0.8490619142732139
0.8490639401872743
0.8490579634133532
0.8490486822726862
0.8490545983054999
0.8490473673920685
0.8490284089427178
0.8490576686543456
0.8490452914253079
0.8490415131738434
0.8490649991674604
0.8490384257566075
0.8490587083057133
0.8490535816292364
0.8490403062753658
0.8490499745976977
0.8490578559258429
0.8490382651689972
0.8490610543372155
0.849045797013701
0.8490521028389252
0.8490547939717742
0.8490787398768118
0.849054432962729
0.8490490961602447
0.8490552733378463
0.8490330135511436
0.8490651417775241
0.8490601093981406
0.8490622478489973
0.8490653467479169
0.8490687013857497
0.84904542447901
0.8490582203392675
0.8490625314419736
0.8490597553201565
0.849044533300816
0.8490511526105488
0.8490527789986306
0.8490585810114855
0.8490425646884822
0.8490575902514771
0.8490442536278039
0.8490570072033493
0.8490460865986217
0.8490612424903302
0.8490525663922488
0.8490476628548275
0.8490556511081253
0.8490545915025326
0.8490464026048877
0.8490515333341533
0.8490534040856237
