0.0480915880637065
0.03442858547181017
0.027481947711157233
0.024068641075533068
0.02137008115026147
0.01936455380870918
0.017982359656136596
0.01689817493550492
0.016074481931905013
0.01485421079528156
0.014558808342574961
0.013940765679218073
0.013412412302433766
0.012864969147445055
0.01240695981563352
0.011868022096532174
0.011622091301885075
0.01123370563659645
0.010914172895133094
0.010669894366476794
0.010400602546513649
0.010211695232987641
0.009900721881707895
0.009529653591679307
0.00956091433338143
0.009260895643474175
0.009193604912583298
0.008992704772420779
0.008863221852124794
0.008656172954709811
0.008497368390919436
0.008338346274221265
0.008247628945272227
0.008114045271003857
0.008039202955455342
0.007786346472975193
0.007845785420116696
0.007698460607506383
0.007514416051482491
0.007452416731028698
0.007426909577796822
0.007276635630985115
0.007164160732323278
0.007140329337576243
0.007001914586814918
0.006928149355446022
0.006835415092435613
0.006813575546468455
0.006653175400964637
0.006597891504043518
0.006611852537854644
0.006573511834659696
0.006435932707194996
0.006430963809685687
0.006310480022241964
0.006286089831132403
0.006143703703582194
0.00609654125990028
0.006131293389263028
0.006051473869980014
0.0059784424038142065
0.005937312817275347
0.005940548424905128
0.0058820522817345094
0.005782095606108556
0.0057220652349983725
0.005688020792360063
0.005590962013205669
0.0055729263252286545
0.005552223122762874
0.0054522526198945145
0.005539287408602265
0.005397512520446472
0.005363556056224549
0.005351126105586686
0.005294035775289467
0.005225854993138734
0.005245543777388515
0.005152816503017774
0.005144668819494472
0.005115503832582078
0.005105676282503095
0.005084177796726304
0.005053276761910007
0.005029763445411841
0.004911176300410108
0.0049426900914144025
0.004869800634092444
0.00487332466917201
0.004803042594834353
0.004833718559876535
0.0048334940542778945
0.004715253099482254
0.004789950149152851
0.004730589112675528
0.004690221141570457
0.004633143339031609
0.004638105138078164
0.004638794911153193
0.004612301245028912
0.004539840468159895
0.00451911810198434
0.00444385258290962
0.004477701414858722
0.004394693610284695
0.004454839974925937
0.004356573603986532
0.004393572201011925
0.0043452931329281755
0.0043413810391764
0.004292957889572211
0.004279749037394024
0.0042719060033221765
0.004206233400473055
0.0042416731882766795
0.004175762661848654
0.0041852445166290575
0.004153463415487465
0.004145537461641959
0.004124328235151899
0.004109913029652786
0.004093782068459001
0.00407029046295704
0.004049774056046305
0.004086480972312557
0.00402144630021745
0.003991650574412377
0.004002148713494445
0.0039731539509809165
0.003979604564158721
0.003983137123788226
0.0038590625436481355
0.003915496654155246
0.0038898976003153033
0.0038045720771677704
0.0038003920391024228
0.003823862432487797
0.003802478055304981
0.0037655350450657024
0.0037836114942881973
0.0037102893741102166
0.0037631028557862643
0.0037661781296645194
0.0036483413779962635
0.003699238178607771
0.0036648299309905356
0.003688296231582801
0.0036519625741386163
0.0036224490863655387
0.003636491763194172
0.0036491939746652585
0.003601290356415106
0.003576941404060508
0.0035713566735771115
0.0035280182133342534
0.0035134396098134785
0.0035496017423545323
0.0035503065117548104
0.003510037443921393
0.003537274235187526
0.003492123569627506
0.0034679723001406486
0.0034757475972710563
0.003435512897586691
0.003419437628238409
0.003383023168206389
0.003375665795446131
0.0033521993954373805
0.003383974264522896
0.0033462450753479122
0.0032975842576150436
0.003318534145740429
0.00329912134142468
0.003294705353023612
0.003347000300353406
0.003299122036527983
0.0032910304851767463
0.0032732770565193415
0.003286135581669091
0.003272840138596175
0.00322533690741195
0.003244675442252307
0.003193392607024998
0.0032220599544319525
0.0032369400287056834
0.0031611775767782613
0.003190179475658865
0.0031719669040172218
0.0031466287283033394
0.003117220412049211
0.0031168160191851714
0.0031472832939866136
0.003087025024669423
0.003101364122219218
0.0030590192409673225
0.0030928129443081346
0.0030433117708777405
0.0030734267818370484
0.0030304312747804945
0.0030463931257985084
0.003032072612528303
0.0030017139771836123
0.003003826363895752
0.0029957736380243345
0.002972695556449027
0.0029901629048573494
0.0029770280162829976
0.0029841055779532243
0.0029652739199997106
0.002935274336215245
0.0029625651673357923
0.002938181572000067
0.0029089277110621687
0.0029281614144725464
0.002905215903934338
0.0028992295442167673
0.0029082974243217303
0.002877136840045307
0.0028911824595018462
0.002872280552155097
0.002884444274606564
0.0028754517281299745
0.0028500567256153145
0.002845969837869939
0.0028107126014785024
0.002808695037780322
0.0028430579115461983
0.002810694717069031
0.002777819766116107
0.0028074695418116536
0.0027887441012034875
0.0027564576796201487
0.002756583966189722
0.0027702395997261215
0.002763972455318798
0.002761770322042335
0.0027399918518781516
0.002697015479841987
0.002737109253885216
0.0027200525956022964
0.0027640999648260852
0.0026947081289943834
0.002691752762859082
0.002688586456146682
0.002662312973846526
0.002661865974408276
0.002632171887527453
0.0026773459377325663
0.0026486025959575484
0.002648314389977765
0.0026631417852116235
0.0026144840657010247
0.002631845900494483
0.002617954007220797
0.0025921963983020564
0.0026020784456446838
0.002588296999473478
0.0026021071958459287
0.0025880416298553373
0.002560033396830377
0.002533206012942544
0.002557026102775743
0.002551469997968147
0.002530836277871793
0.002553052044703833
0.002527679448225775
0.002493663935887668
0.002535776027881516
0.0025066188780207767
0.0025256112205544537
0.0025003332029226296
0.002472038923227965
0.0024808628668476344
0.0024852101772701494
0.0024291313878237186
0.0024436471670944713
0.0024792053968446773
0.002478028596245976
0.0024598187632085874
0.0024592320318974625
0.002431739629385159
0.002424053524281027
0.002429225757970991
0.002420802419572394
0.0024143103110991016
0.002432500174032711
0.0023844987590684297
0.0023987738611499065
0.002401150232025793
0.00236833267872629
0.0023459941660671406
0.002393279416428477
0.002347547932718088
0.0023670804253969765
0.002340181424037129
0.0023669314886174907
0.0023272932523332964
0.0023346413233172286
0.0023478560635149443
0.002329977094095175
0.002338878133934566
0.0023106703661864864
0.002305305047781577
0.0023157569841463963
0.0023143521884463726
0.0023015345666483294
0.002273237355347108
0.0023032536125773963
0.0022509997057164237
0.0022932310100627494
0.0022852342134562914
0.002257283430846603
0.0022598822570120258
0.002273067892849186
0.0022572016384515745
0.0022240347878555184
0.0022307580087799184
0.002244249693411761
0.002224587064840755
0.0022363517272495272
0.0022165522374992157
0.002219479410538809
0.0022046410751127817
0.002204736037058264
0.002177612617180144
0.0021819291594152275
0.00217738710276718
0.0021796819105977727
0.0021932165764389296
0.0021919399730687367
0.002153987278550012
0.002146236520506838
0.0021406526565149364
0.002151239796476971
0.002162502610457144
0.0021527350396159735
0.002123913789203074
0.0021354243025787263
0.0021269491950567537
0.0021314465292272076
0.0021086730068867175
0.0021247654700890886
0.0021217174760095243
0.0021127871827729193
0.002094715457787899
0.0021109463935754707
0.002099500198239619
0.0020797315947973793
0.00207574606985117
0.002086879412155056
0.002089974409131943
0.0020559638447441276
0.0020024618066372644
0.0020558679221036736
0.0020537500859455315
0.0020804609918039347
0.0020340471003795595
0.002035466026441762
0.0020687062375920502
0.0020107311044881837
0.002046207632473492
0.0020030928881056933
0.0020210358048482705
0.002010235024842839
0.0020028311976493752
0.0020072907494233295
0.0020158296460806753
0.0019973026367957007
0.002018702602439955
0.002003576660365156
0.0019927780152979796
0.0019658741248241313
0.001979246845050188
0.001966852180064687
0.001959012968546776
0.001969544798217165
0.001966209356395707
0.0019379926088288
0.0019587548940964844
0.0019626000630286323
0.001937799033278719
0.0019278853198960975
0.0019235930379525677
0.0019150163077474136
0.0019166384010004661
0.0019306138685233377
0.0019071667929995316
0.0019080014194191514
0.0018676670966868473
0.0019147774292908673
0.0019194954743204141
0.0018929064998066726
0.0019014858078972177
0.0018875321144273054
0.00188019564608754
0.001878446937495881
0.0018684863795604086
0.0018778880243333477
0.0018680334769400032
0.0018578438028196878
0.00186701318358527
0.0018653100297961944
0.0018492891754581264
0.0018427330842826638
0.001858945950448695
0.0018131602128013836
0.001841491678008028
0.001835396404992257
0.0018110715078044877
0.0018214854075689203
0.001826876766045702
0.0018194295322967982
0.0018133357305209397
0.0018072362890307438
0.0017981020607859075
0.001787615750423449
0.00180002684159202
0.001801022351773727
0.001792967880192738
0.0017857325980900516
0.0017903070478779168
0.0018028334838556311
0.00177481958237671
0.0017956227508715086
0.0017629088260024946
0.001772838484239445
0.0017532435886265902
0.0017539217879687426
0.0017645803974039322
0.0017271786316306117
0.0017472981813140714
0.0017380400030685172
0.0017471354788379692
0.0017372005862330482
0.0017275226599359754
0.0017319212674095149
0.0017181344000916788
0.0017199027442594782
0.0017150537765423435
0.0017213162316234052
0.0017122892451242714
0.001719764825492881
0.0016978027712549733
0.0016837709381239535
0.0016988991914357783
0.0017008918360436013
0.0016942567093362981
0.0016944331958583109
0.001688270012600148
0.0016860838861090797
0.0016819485726929382
0.0016722776552900306
0.0016984813099834666
0.0016773163052694671
0.0016699218844810231
0.0016697530869878975
0.001671276866463681
0.001637138416703013
0.001641322895599366
0.0016429900255241726
0.0016486724521612617
0.0016382951875716257
0.0016369419390752477
0.0016142283259519756
0.0016246909387291665
0.0016304008498416354
0.0016413751022411678
0.0016221269648861666
0.0016149947280031823
0.0016080091480713803
0.0016242875213401012
0.0016291983315148975
0.0016120875380303892
0.0016049157096354153
0.0016029963805654405
0.0015821474066532758
0.0015911159885102866
0.0015956128618398015
0.0015873584020237393
0.0015907692946492324
0.001580987454643553
0.0015462990050893253
0.0015829356155369011
0.0015837187550310815
0.0015623211285242327
0.001550457008552264
0.0015589223392042245
0.0015527185792177222
0.0015592591024374469
0.001558552893088198
0.001560919540464918
0.0015375951238315257
0.0015618786957399006
0.0015494196384023087
0.0015432866568160484
0.0015501290944184524
0.0015302826512806145
0.001537222030186342
0.0015384703834772694
0.0015211652809914377
0.0014936225427051465
0.0015249471534154353
0.0015135830559901437
0.0014965657275094468
0.0015071292088468331
0.0015016471202677888
0.0015190031043055602
0.0014973631249198592
0.0015004877780949468
0.001482992972209214
0.0015025303425446987
0.0014716910172601603
0.0014844328827110969
0.0014695658300384149
0.001468027597328945
0.0014908981890429317
0.0014744457484116573
0.0014556587768791418
0.0014601769658940406
0.0014755665778632375
0.0014663672217920451
0.0014512253093352217
0.0014461727319539186
0.001460600786349704
0.0014592294862969986
0.0014629974497539953
0.0014302154603530457
0.0014455310413715448
0.0014280826985149614
0.001429175911993733
0.0014282551012820487
0.0014354401231864737
0.00142209050825148
0.0014222206437549613
0.0014139704412739478
0.0014247580152774865
0.0014138235807072798
0.0014119406314594307
0.0013950347250888933
0.0014093464233004747
0.0014190137619654437
0.0013879110890474091
0.0014064700524136168
0.0013992467830917315
0.0014077929468530516
0.0014056553934136528
0.001390408705857927
0.00139909564321722
0.0013843417909625761
0.001378837677620691
0.0013863106669010881
0.0013816993172030452
0.001387098782273337
0.0013707500002340825
0.0013545882426260205
0.0013672042013790971
0.0013537909366583684
0.0013711635592530227
0.0013664786669111745
0.0013537021033455576
0.0013648462276851436
0.0013350625610641371
0.001341228308225318
0.0013387192589851848
0.0013270091462830216
0.0013256746576027667
0.0013247332611778528
0.0013296695230543118
0.0013415898665606104
0.0013361867662976987
0.0013324129781245692
0.0013159733615510849
0.001316845628521663
0.001313463188355987
0.0013108718693274333
0.00131868696130235
0.0012929142231228625
0.0013043217971077958
0.0012871547547080439
0.0012964090442004325
0.0012924696940542781
0.0012907467501571102
0.0012862883232369533
0.00128694752966314
0.0012815444724453228
0.0012745959571209744
0.0012699251644845342
0.0012784624340101442
0.001278459920595377
0.0012585432478730114
0.001267869673854258
0.0012584799581700505
0.0012544514439564427
0.001254678528935515
0.0012582228639029754
0.0012549199261773767
0.001234013499774017
0.0012413688526490593
0.0012636811134466774
0.0012425272505177066
0.0012336877007203201
0.0012237033526363305
0.001230440266944449
0.001229602764006567
0.0012228045262616045
0.0012330633726486773
0.001235228386208068
0.0012079853977081435
0.0012202469397696936
0.0012088267784969293
0.0012182956668238126
0.0012164090328503619
0.0012111536294888467
0.001206396332427122
0.0012125542414290022
0.0011952403563629025
0.0012077817712488994
0.0012036778173665232
0.0011956313786509584
0.0011963659198332437
0.0011937852981590824
0.0011932810222314667
0.00119961410848073
0.001172667337529183
0.0011907838754965873
0.0011907477423950704
0.0011594493914682989
0.0011628110604817586
0.0011761653284724425
0.0011803588004918153
0.0011650417700553248
0.001158407691736238
0.0011586679284674643
0.0011487419116735906
0.0011569942542617277
0.0011603692701335278
0.0011536047022792863
0.0011496046792841257
0.0011528578527730295
0.0011374619393392685
0.0011313934482281868
0.00114551523484023
0.0011471411623523468
0.0011325636207277627
0.0011363944982415155
0.0011222315789610668
0.0011334625338393993
0.001125042702508491
0.001115530130072681
0.001114574451518112
0.0011123699624894182
0.0011140222534388178
0.001108536220284667
0.0011115665104834225
0.001116321350065376
0.001103935817139838
0.001112945844057439
0.0011046586895094466
0.0011033815608183007
0.0011113980877945912
0.0010952690119062668
0.0010841324057073811
0.001084578364984348
0.0010855719191081126
0.0010764261564990634
0.0010833019287818555
0.0010913134064490734
0.001079695014558406
0.0010831990140964744
0.0010662802833347222
0.0010599270848554525
0.0010745607053045671
0.0010626959997588209
0.0010591481023545847
0.0010443137419204776
0.0010636325066631675
0.0010500488128040056
0.00103645021534721
0.0010477649438712054
0.0010515633877650665
0.0010474845597069988
0.001041071963681024
0.0010460819688567753
0.0010400289235871468
0.0010122098546729939
0.001019963839695636
0.0010304404450771317
0.0010277073420304939
0.0010292308818780262
0.0010241309629884373
0.0010153580817087256
0.001017380880617894
0.0010188064357844545
0.0010094928860294894
0.0010039197254336299
0.0010127009395935556
0.0009986124596847925
0.0009990102692280208
0.0010014882413816601
0.0010060199560099252
0.0009942604554450752
0.0010011318490943475
0.0009957789622532008
0.0009872482062506793
0.0009776673803331025
0.000984537188877928
0.0009644920137253278
0.0009930307941348946
0.0009739675507239064
0.000966723843477576
0.0009658080347752609
0.0009709118116177113
0.000967751097861052
0.000968302124483993
0.0009689493047827064
0.0009561602544744744
0.0009560120016577161
0.0009449516395443998
0.0009577496081512793
0.0009494364778450029
0.000940249169675901
0.0009486024363063275
0.0009344524554251439
0.0009377207560859566
0.0009439293034294303
0.0009352479583781884
0.000936853607375633
0.0009465859547752399
0.000928542196331362
0.000922459569510152
0.0009330064837808454
0.000928673648453377
0.0009243835450364632
0.00091331554571834
0.0009152855014914899
0.0009153608412675409
0.000914186869655861
0.0009047645665899267
0.0009098548436611614
0.0009050650468532657
0.0008926231047225793
0.0008941779026364691
0.0008954595618995222
0.00088757644062653
0.0008760409828543786
0.0008891027847290755
0.0008822454137098455
0.0008798284567938728
0.000871350243693911
0.0008890660965286268
0.0008707756493124098
0.0008652806941090829
0.0008732810595294109
0.0008671846965417119
0.0008683942306679204
0.0008645967840955521
0.0008593611401280806
0.0008592944005734306
0.0008543566936390333
0.0008494155763800685
0.000858624988194568
0.0008465677936074431
0.0008531560638149921
0.0008428138193332142
0.0008365879920803333
0.0008498075973554869
0.000838785626880776
0.0008429038761674366
0.0008402859936151208
0.000832907365092994
0.0008272154067193967
0.000824807959661847
0.000833470496828215
0.0008179916691348471
0.0008111558880396415
0.000816509711858579
0.0008148205729343021
0.0008081431987403307
0.0008162882676131561
0.0008097408559630153
0.0008179491891443857
0.000802671936891027
0.0007999114281059045
0.0008088052462639612
0.0007897471260117666
0.0007935317324029525
0.0007917799005139767
0.0007842521480580338
0.000783109532592144
0.0007949782456202507
0.0007825082845015519
0.0007820946574198217
0.0007804515450009365
0.0007791863370323732
0.0007742472047555504
0.0007742679604089981
0.0007666189847935974
0.0007694224188912201
0.0007700070298291059
0.0007625169625804797
0.0007636966042960991
0.0007519343120916606
0.0007540248342010268
0.0007531233914359535
0.0007528079343029057
0.0007370977255918143
0.0007404140026125586
0.0007462264525500921
0.0007328523475195915
0.0007299348128786463
0.0007346140905951865
0.0007243337983347252
0.000728697622286576
0.0007301085060021794
0.0007265209790382848
0.0007201904960586317
0.0007244285614118316
0.0007173285822702538
0.0007200658608681562
0.0007213905468509903
0.0007054244844982563
0.000711510158203137
0.0007098582693791678
0.0006988490385086546
0.000704452319817018
0.0006843595635792855
0.0006958423208664253
0.0006894879816495818
0.0006887123937562323
0.0006919763839640866
0.0006816319080939545
0.0006792663236245746
0.0006844826044474661
0.000681907290200243
0.0006759283274654803
0.0006812833963483389
0.0006664404814545916
0.000669079681250781
0.0006723477000342937
0.0006628267138710821
0.0006617827187248794
0.000661106455673332
0.0006550467044548288
0.0006565446719549855
0.0006534714658482173
0.0006514285764090955
0.0006439416973793216
0.0006430259922937577
0.0006431969649281589
0.0006330777703216044
0.000643440215783626
0.0006315392353269921
0.0006327242337289848
0.0006268354853939293
0.0006254262438219808
0.0006333518845853152
0.000622907468204703
0.0006209697834992613
0.0006131675956983519
0.0006087682600385845
0.0006079505179516807
0.0006103540167293452
0.000606820277249918
0.000604974140957822
0.0006135601844589778
0.0005990343383995803
0.0005953158404344554
0.0006001672797976312
0.0005939757026134532
0.0005929478204274666
0.0005792645574689327
0.000590546440297548
0.0005838319808298297
0.000569345022211362
0.000580460394279638
0.0005684684188587532
0.0005703254645206885
0.0005725046352250307
0.0005633843567616595
0.0005682651793474225
0.0005624378583728997
0.0005558580619470373
0.0005509060480477713
0.0005532318415779785
0.0005448802333838853
0.0005414502054173211
0.0005483584862409039
0.0005402759962217868
0.0005407955173185512
0.0005342476156976448
0.0005279908091415383
0.0005304623258504176
0.0005305980733602712
0.0005255474894246888
0.0005227441660882267
0.0005177009977109627
0.0005194128782256334
0.0005154027053304497
0.0005118052355012871
0.0005053855152031082
0.0005054875481648413
0.0005045206546821716
0.0005047056220293789
0.0004947278740881526
0.0004928428721140207
0.0004894375839396123
0.0004919404792425917
0.0004808442738949311
0.0004855919255339748
0.00047475506793845596
0.0004778258653805854
0.0004753617198382517
0.0004674173185283504
0.0004636925241849167
0.0004668219569261372
0.00046232675890356634
0.0004566964465112364
0.0004571548479963744
0.00044973778783239304
0.00045067951721732707
0.0004461898177947749
0.0004481860898533761
0.00044232124840002
0.00043975142702242236
0.00042974472985665956
0.00043374740116973047
0.0004280407020423721
0.00042519884912855756
0.0004202313579350299
0.00042143249188581253
0.00041477507555285676
0.00041415345673947356
0.000408976907623657
0.00040602015588919917
0.00040325096866170615
0.00039464663805936035
0.0003930510625159258
0.0003933409480043583
0.0003882759981528812
0.0003848541855284556
0.0003822266370207056
0.00037578795984225335
0.00037689263262756837
0.00036769297180593426
0.00036471346994375645
0.0003645006427927
0.0003580997003989378
0.00035245684564771804
0.0003508652025995246
0.00034720145123116175
0.00034952315851394743
0.00034127455325182155
0.0003351608332424007
0.0003318881422549538
0.0003345104564738378
0.0003252738920071041
0.0003196721386990911
0.0003166677919646931
0.0003130869411649946
0.0003090902837355342
0.000301880947885339
0.00030499675476790354
0.00029739751064507345
0.0002928564651861826
0.0002900378876630069
0.00028405862905847297
0.00027975698667716557
0.0002788085276467974
0.00027074364189820066
0.00026669009592900826
0.00026515725397064467
0.0002601917899149459
0.0002534264529892114
0.00024808706805709726
0.0002452955910298885
0.00023785453183127869
0.00023382091456416705
0.00022974943767365606
0.00022779257464564394
0.00021644443468280385
0.0002116251745131847
0.00020660716698015454
0.00020043964608961219
0.0001936496460340414
0.00018856858843997943
0.00018232496035797846
0.00017398924263187763
0.00016731697146440012
0.00015906417765686927
0.00015396381313013477
0.00014611242265835057
0.00013744198072179932
0.0001271620678637701
0.00011697517667615935
0.00010764713244540188
9.64922346433506e-05
8.483907786358261e-05
6.765980917443705e-05
4.83338567757324e-05
5.320968983789313e-16
