1.0897126153101273
1.0899151362661599
1.0896567439807012
1.0897888603405497
1.089797046273439
1.0897522305973872
1.0898686094283638
1.089815275455203
1.0898677451003564
1.0897792416213323
1.089829450016248
1.089828302462149
1.0898127599303122
1.089807967155303
1.0897988190330132
1.0898052887176115
1.0898437243102665
1.0898230701751799
1.0898064094059592
1.0897840190522372
1.0897394335933654
1.0897658416777671
1.0897987172973909
1.089817775525043
1.0898330747813407
1.0898204321467988
1.0897708362567564
1.0898380043466178
1.0898669705542827
1.0897579458563038
1.089813687366683
1.0897742503394685
1.0897443949417174
1.0897904122472786
1.089770594160554
1.0898233785313127
1.0898308317856322
1.0898179816096258
1.0897216571434314
1.089782172206966
1.0897712415913998
1.0898038340301999
1.089763612120461
1.0897776517345172
1.0897924903547658
1.0897944806008382
1.0897949558244715
1.0898025593505498
1.0897957444597768
1.0898165991625555
1.0897974985610264
1.0897845359890475
1.0897914587390725
1.0898018515782693
1.0897880198837622
1.0898240727016477
1.0898262273900121
1.0898090288850641
1.0898446968928468
1.0897991027389085
1.0897940804030775
1.0898059564500362
1.089775437068188
1.0897743304958591
1.089818037902385
1.0897784983516428
1.0898007028329897
1.0897822018110566
1.0898008300033408
1.0897701193365215
1.0897607310358235
1.0897679212672813
1.0897894878820353
1.0898008631398297
1.0898075600936332
1.0898190352210084
1.0897944678922638
1.0897885948804866
1.0898138481976822
1.0897910340530153
1.0898127945585634
1.0897606893246665
1.089801093956379
1.0897923588743403
1.0898066785457348
1.0898070491536018
1.0897834804125555
1.0897815707453542
1.0897886025444992
1.0897774797509683
1.0897871390071177
1.0898032312256738
1.089789878042907
1.0897917821000227
1.0897925735208196
1.08978818595991
1.0897933635920227
1.0897870264083738
1.0897974180360677
1.0898011063943789
1.089794894813937
1.0898129409149648
1.0897844186810366
1.0897879995064679
1.0898053711294886
1.0897825157865144
1.0898252086681641
1.0898092445335972
1.0897904798156495
1.089802044629721
1.089781684515475
1.0897934730696572
1.0897714974048818
1.0897707534725471
1.089796414662896
1.0897730233959104
1.0897941009210805
1.0897729162635188
1.0897853374011588
1.089778097403045
1.0897792019654737
1.0898028251374678
1.0898344238034343
1.0898094062532608
1.0897989857270292
1.0897924859462402
1.0897923467696111
1.089797831124907
1.0898003642520975
1.089814985319259
1.0898029611704916
1.0897968246294234
1.0897761383497326
1.08980591241057
1.0897888134616045
1.0897915203070057
1.089815730134624
1.0897830791592085
1.0898124440986798
1.089773370847738
1.0898032546929073
1.0898037452964582
1.0897885419501598
1.089787105322449
1.0898019280689706
1.0898057392816904
1.0898078421733286
1.089804282872424
1.0897951997794781
1.0897678912670012
1.089788039648218
1.0897973342179053
1.0898026804356935
1.0898099393491856
1.0898020865704772
1.0898127298228777
1.0897865373130644
1.089791289432522
1.0897936914641329
1.089798984091055
1.0897727426026798
1.0898177731748542
1.0897955656920113
1.089775134003369
1.089801143563695
1.0897907677897427
1.0898154941772324
1.0898186121342461
1.089818599391305
1.0897891262610953
1.0897945224864085
1.0897826363901557
1.089788049665594
1.0897834463968756
1.0898092063999383
1.0898061758261266
1.0897821923865876
1.0897755029613692
1.089807723966835
1.0898055843884917
1.0897957516204733
1.0897684291364063
1.089795615540843
1.0898034675619621
1.0898049236987764
1.089797433144321
1.089804742691186
1.0897809786618458
1.0898016288354035
1.0897960907675215
1.0897844094115297
1.0897947018700613
1.0898200694088276
1.0898115663495214
1.0897987948396417
1.0897905310129608
1.0897904879600784
1.0898201765519515
1.089790400058683
1.0897952770974844
1.0897895097198678
1.089810220448788
1.0898067009056904
1.0898040517324024
1.089784657141013
1.089802074137512
1.0897996755856143
1.0898100093383858
1.0898075461283137
1.0897894890512159
1.0897770863031215
1.0897808544312724
1.089798969597706
1.0898004087389874
1.0898093185828286
1.0898024584999073
1.0898017230181747
1.0898000120403584
1.0897822464710452
1.089805414638561
1.089789334372342
1.0898017512783336
1.0898100514284004
1.0898085946905833
1.089790192747348
1.0898100586076511
1.0897986559017179
1.0897924595980912
1.089782427188474
1.089800885126249
1.0897937557177106
1.0897854989274722
1.0898014092784407
1.0897937572943517
1.089796528648175
1.0897971668939939
1.0897978747517791
1.0897906857319275
1.0897861676287794
1.089802955443733
1.0897885533975535
1.0897844070088176
1.0898136415835458
1.0897992301695039
1.0897948995759326
1.0897910470259702
1.0897859619669588
1.089782105579869
1.0897995064854826
1.0898044516196244
1.08979808705347
1.089811628303749
1.0897900611588673
1.0898068468858209
1.0897909213726402
1.0898029350032852
1.0897902046115102
1.0897978991997685
1.0897978657690424
1.0897855642212397
1.0898042771246756
1.0898106209231448
1.0897936638770367
1.089792132581787
1.0897855362791686
1.0897950141758752
1.0898125211462548
1.0897973377708774
1.0897817586055123
1.0897918538436038
1.0898054180325876
1.0898029152931783
1.0898138832279156
1.0897904817439266
1.0897986471865546
1.0897944780099669
1.0897974518166573
1.0898074843925354
1.0897992412782567
1.0897939210353762
1.0897995568410335
1.0897871634905723
1.089795319578392
1.08979364412957
1.0898132689295599
1.0897930311071702
1.089800718170293
1.0897967641279231
1.0898055375551312
1.0897931724397714
1.0897861714336299
1.0897865978137433
1.0897989601642737
1.089798637330542
1.0898000263171972
1.089789983452814
1.0898026164875163
1.0897925138567381
1.0897845746439443
1.0898133395762457
1.0897883148751455
1.0897897643382022
1.0897909697032733
1.0897926271629297
1.0897931728199142
1.0898029483656928
1.0897895743054211
1.0897863355103194
1.0897905025699266
1.0897828270376806
1.0897969393706557
1.0897911289485975
1.0897964358170893
1.0897969476650595
1.0897993837487874
1.0897860772646495
1.0897983372432813
1.0897932957453154
1.089785860308838
1.0897769581200927
1.0897916511099093
1.0897928315892416
1.0897964949032033
1.0898044168931353
1.0897979703068532
1.0898074612131774
1.0898025018860387
1.0897978841824374
1.0898078696367075
1.0897848694242893
1.0897954931900553
1.0897967060836924
1.0898001309861842
1.0898010266901217
1.0897959539489186
1.0898012346185308
1.0897955296665482
1.089788386857107
1.0897850569484036
1.0897844130899947
1.0897985269869939
1.089808312892099
1.0897924247631683
1.0897902883635986
1.0898077972097064
1.0898001446774583
1.089784782049513
1.0897925836733307
1.0897976983513442
1.0897961813194827
1.0898035543233444
1.0897986549809833
1.089796648887697
1.0898070313068364
1.0898001751985793
1.0897795388945197
1.0898056099968605
1.0897840073694618
1.0897986639406252
1.0897947298165283
1.0897936979158729
1.089782877037394
1.089804970284016
1.0897993202273242
1.0897913683077434
1.0897934314250184
1.0897971885478872
1.0897753993421262
1.0897980560873048
1.0898038786453694
1.0897955773859045
1.089793684094072
1.0897966327920934
1.0897779044971865
1.0898017631204302
1.0897914225796477
1.0898012605191247
1.0897948551006198
1.0897993618464235
1.0897958157471437
1.08979332605485
1.0897968786197474
1.0898064132953849
1.0897923770948834
1.0898030068985947
1.0897946317379335
1.0897987540756597
1.089807679761904
1.0897935826875556
1.0897900019731952
1.0897955800574146
1.0898130150036285
1.0897968076292681
1.089797616576802
1.089802537158355
1.0897949150811514
1.0897965778239993
1.0897990971315215
1.08980648410123
1.089790059233931
1.0897948686060326
1.0897991326597025
1.0897979763834786
1.0897925228569363
1.08979330212733
1.0897901634000526
1.0898017238007063
1.089804882703201
1.0897895369899744
1.08979529968435
1.089805696305737
1.089801673588164
1.089797583915828
1.0897927092378745
1.0897933549115104
1.0898023858049586
1.089800135470492
1.0897909044291887
1.0898049467086646
1.0897987937057225
1.0897991636129816
1.0897952345647086
1.089791838692348
1.089796380919426
1.0897949857789644
1.0898083631792812
1.0898019075342629
1.0897885635854345
1.0897916385125097
1.0897936611153127
1.089794673563328
1.0897990973710596
1.0898000909204493
1.0897982362782686
1.0897881226588644
1.0898024597420806
1.0897880774928308
1.0897993875647958
1.0897893369094047
1.089799010969247
1.0897982819032606
1.0897974553062983
1.0898014038251174
1.08979849693168
1.0897872994046467
1.089784104043871
1.0898019241732146
1.0897923542012313
1.0897969839405153
1.0897981572483322
1.08979554845681
1.0898101520254564
1.0897930638934907
1.0897947912530337
1.089805661496662
1.089792846792466
1.0897982706339382
1.089794499201373
1.0897977808144672
1.0897857757889957
1.0897992386752724
1.089803202703797
1.089796958856056
1.089796030891225
1.0897977702022388
1.0897953755206675
1.0897959845117813
1.089801794101278
1.0897956259322923
1.0897982502530006
1.0897880550894186
1.0897957710526092
1.0897922651503318
1.0897930259985236
1.089788578737963
1.089799221863546
1.0898056564257523
1.089785804307691
1.0897910889942957
1.0897872304379712
1.0897970218375266
1.089783230403997
1.0897936097517196
1.0897872150437582
1.0897967270302316
1.0897984539148375
1.089793721874221
1.0897949260867166
1.0898035159515518
1.0897976045603852
1.0897992846963618
1.0897916912108943
1.0898032522639065
1.0898045862304695
1.0897899198462575
1.089799560484629
1.0897854117273238
1.0897981727585524
1.0897938537257779
1.0898024122896106
1.0897914788963157
1.0897852794909748
1.0897955051084354
1.0897867315021255
1.0898006828131646
1.089798228885346
1.0897883541946585
1.0897954389293143
1.0897912548364626
1.0897918362976728
1.089798323646188
1.0897919344341649
1.0897987829620552
1.089797357942562
1.089793153153927
1.089790764335936
1.0897858247453494
1.0897962556940055
1.089792876081754
1.0897949049634712
1.0897895975237353
1.0897865774408746
1.0898071256489577
1.089791310341105
1.089796429577041
1.0897960385619647
1.0897908944741626
1.0897962081376642
1.089804330242862
1.0897853452396458
1.08980015331921
1.0897992055155385
1.0897956864686735
1.089803130877743
1.0898031323093933
1.089801136299948
1.0898007593746277
1.089791345614661
1.0898003651416563
1.0897957601017108
1.089790199336872
1.0898010822303443
1.0898019616627115
1.0897913665344383
1.0897983392218638
1.089789867208204
1.0897923979296202
1.0897936729555526
1.0898063030063854
1.089796015503125
1.0897950520261626
1.0897980746948188
1.089793508278788
1.0897951340876457
1.089799421924414
1.0897962780495467
1.089792290663956
1.089790058975218
1.0897954699515515
1.089798146736972
1.0897875955636693
1.0898019559658538
1.0897958265970986
1.089794014874006
1.0897915919624002
1.08980000808849
1.0897999270813263
1.0897914364192187
1.0897962090559814
1.0897941894178458
1.0897970847680336
1.0897972185290457
1.0897951343962158
1.089798287673436
1.089793369813539
1.0897951933710956
1.0898060305378028
1.089797017335189
1.0897867286544904
1.0897949361549264
1.089800365787272
1.0897999846432072
1.089791020865655
1.0897969196606776
1.0897980758247283
1.0898020376915312
1.0897987960705593
1.08979692232062
1.0897916140381805
1.089802456125373
1.0897918331849517
1.0897982218144229
1.089796473555211
1.0897890782682786
1.089794735377373
1.089796754586891
1.0897970339076986
1.089787452017377
1.0898015878043676
1.0897946666203546
1.0897995649027712
1.0897959746038663
1.089792987647342
1.0897892885360845
1.0897918576256511
1.0897935948150188
1.0897987906436344
1.0897992429160803
1.0898019526860567
1.0898000065086957
1.089798136447928
1.0897969225135087
1.0897909511632853
1.089801527516092
1.0897990904588442
1.0897960129109345
1.0897983743526574
1.0897967753839104
1.0897933321331381
1.089797665432094
1.0897892714978838
1.0897910890201934
1.0898008629106717
1.0897939207612604
1.0897966786124775
1.0897915907212137
1.0897963719928707
1.0897993631708254
1.0897934312890059
1.0897912778670904
1.0897951839397328
1.0897984994453702
1.0897939385100894
1.0897961062327088
1.0897912087177026
1.0898011969048311
1.0897990517798373
1.0897925274368465
1.0897924174597533
1.0898035549294574
1.0897998968246596
1.089794029478169
1.0897929863562505
1.0897955084348483
1.0897985447848253
1.0897954343260585
1.0898025730576701
1.0897998205035986
1.0897897325200419
1.08979694444229
1.089799615686238
1.089795965492499
1.0897973741990319
1.0897982744049837
1.0897999252867827
1.0897991386452393
1.0898021674832212
1.089796757887665
1.08979382144831
1.0897927429547825
1.0897938183126215
1.089791601585506
1.089799909183377
1.0897980881392828
1.0897905045115543
1.0897941264619082
1.0897978370905284
1.089796870477648
1.0898033514599506
1.089795775630404
1.0897923079253888
1.0898007390720976
1.0897989858788173
1.089794645810569
1.0897984877918885
1.0897939394136997
1.089793885293185
1.0897969152369802
1.0897954593617334
1.089795623616991
1.0897910695447568
1.0897956535341928
1.0898007320664438
1.0897995673541947
1.0897925798758916
1.0898007928426483
1.0897914257439731
1.0897967492399496
1.0897932049269747
1.0898005938736126
1.089790682275941
1.0897915391424515
1.0897966458670092
1.0897982038754
1.0897910317087038
1.0897985090288123
1.08979024386024
1.089796894857895
1.0897953218526177
1.0897952127544452
1.0897950386611064
1.0897943500022267
1.0897918761691145
1.0897995184191254
1.0897886838280504
1.0897944686224637
1.089789877148011
1.089792152349458
1.0897993722222887
1.0897975003709846
1.0897958100623781
1.0897934147668265
1.0897972124064979
1.0897932587005872
1.0897944227419711
1.0898034532917475
1.089796916662676
1.0897959464716431
1.0897971706807894
1.089797492709813
1.0897970901067606
1.0897982289057337
1.089795849574305
1.0897936285886558
1.0897980825378633
1.089795097865922
1.0897951509398316
1.089803981272088
1.0897988487368613
1.0897955782217492
1.089797694858098
1.0897961185738536
1.0898004929613865
1.0897937814322505
1.0897916633956726
1.0897869452280153
1.089794559220438
1.0897980917547705
1.0897945959406825
1.0897986454615312
1.0897947056557644
1.0898000881985117
1.0897984161944054
1.0897969972883286
1.0897988204607307
1.0897883623942761
1.0897939016342486
1.0897991261904012
1.089796099428477
1.08979653180439
1.0897922875631556
1.0897951790104283
1.0897982215325996
1.0897989171867506
1.0898005777054827
1.0897970661365277
1.0898009381257359
1.089797862005483
1.0897957575706643
1.0897900842498593
1.0898011374398542
1.089796970618737
1.08979467443809
1.0897896314073228
1.0897943460446846
1.0897907832142693
1.0897979232540531
1.0897967701107683
1.0898016397637704
1.0897982706660279
1.0898007373635268
1.0897946005540635
1.0898008353350501
1.0897991423109603
1.0897984637282425
1.0898015667895027
1.0897966854082795
1.0897941643921887
1.0897961247542283
1.0897951716719056
1.0897953370531663
1.0898005961107748
1.089797926953483
1.0897976506739155
1.0897949943942375
1.0897941095976609
1.089791060244347
1.0897964436155723
1.0897899823135841
1.0897925154964285
1.0897936647646755
1.0897952317421933
1.0898015584009686
1.0897944674510873
1.0897963048318307
1.0897900970241061
1.0897948790176053
1.0897916766519524
1.0897958879147502
1.0897940956964847
1.0897969651868282
1.0898027194819662
1.0897961016172713
1.0897974156780827
1.0897944300566895
1.089791133400705
1.0897955871808747
1.0897967718191195
1.0897961447018658
1.0897962363868314
1.0897928533076398
1.0897947555713372
1.089796446027056
1.089793553043818
1.0897936175128244
1.0897933504205446
1.0897966118687874
1.0897890448514034
1.0897920135381782
1.0897969739615656
1.0897941130980033
1.0897949545654604
1.0897977960377658
1.0897930278245453
1.0897983902630501
1.0897952543700984
1.0897955747413952
1.0897955626214573
1.089797256842318
1.0897941009962544
1.08979472772165
1.089798828872494
1.089800548811459
1.0897980536625833
1.0897942136032677
1.0897932855913075
1.0897998032226937
1.0897983821826924
1.08979773617647
1.0897958520386157
1.0897956345300999
1.0897961830901688
1.0897976271633703
1.0897933772954584
1.0897981738093294
1.0897947274246145
1.0897976742972295
1.0897946059866837
1.0897996483507724
1.089794748665985
1.0897948556522288
1.0897933755576898
1.0897946135856968
1.0897972088902947
1.0897950829755383
1.0897961148486597
1.0897960894348153
1.0897923894885628
1.0897980945676573
1.0897962674463988
1.0897986418460544
1.0897948629445968
1.0897995374163996
1.0898000330969684
1.0897989964720687
1.0897973924930793
1.0897976725200857
1.0897968013222077
1.0898005424669484
1.0897952852061843
1.0897963149404397
1.0897947547505922
1.0897959454354422
1.0897965304500565
1.0897947759811286
1.0897945182636726
1.0897947411069693
1.0897936418060992
1.0897915488438474
1.089791970811643
1.0897941278379593
1.0898001054139859
1.0897934525860349
1.0897971574826653
1.0897953962292413
1.0897986377870443
1.0897934291533302
1.0897938794782047
1.0897927879490237
1.0897965041225828
1.0897918871615226
1.0897963516313511
1.0897990257383612
1.0897973687190503
1.089798486167116
1.0897969789073079
1.0897945485297265
1.0897963490114566
1.089795347553159
1.0897964144765815
1.089800333091725
1.0897950078946965
1.0897962565684438
1.089795809831898
1.089796579597071
1.0897970850472498
1.0897940968749442
1.0897952579405628
1.0897934720941767
1.0897992808396562
1.08979692937213
1.089796143544087
1.0897941870978647
1.089794286935922
1.0897956342851183
1.0897955438071634
1.0897952181289499
1.0897945121786283
1.0897948154264294
1.0897936269748807
1.0897958106369394
1.0897975725428493
1.08979487623502
1.0897985324267951
1.089795322037004
1.0897973797503548
1.0897947198626863
1.089796274583938
1.08979276673227
1.0897963160296218
1.0897950283338984
1.0897954939882502
1.089796639663504
1.0897981860682673
1.0897966309843774
1.0897973498627682
1.0897935152419453
1.0897957411612365
1.0897960858065434
1.0897940913317694
1.0897959692979486
1.0897955246186604
1.0897962393302882
1.0897959938781625
1.089794527681035
1.0897950075473128
1.0897956945779768
1.0897958739556486
1.089794145378823
1.089797160748296
1.0897954839825583
1.089798974603845
1.0897976007858792
1.0897967939764495
1.0897957038777917
1.089796699379234
1.0897954917486816
1.0897962957497849
1.0897948741158179
1.0897961716028803
1.089795569082491
1.089795552273698
1.0897964608246709
1.089798011180339
1.0897970239896602
1.0897954740259586
1.0897961095152016
1.0897948796726225
1.0897963356242213
1.089795672144712
1.0897956421442379
1.0897957757875105
1.089795086559239
1.0897963322173863
1.08979680846898
1.0897962750604064
1.0897964741372645
1.0897966507348902
1.0897949189179639
1.0897961389991828
1.0897963830495034
1.0897964558425848
1.0897961702242258
1.0897967088179463
1.0897970623170312
1.0897966582656027
1.0897964886294353
1.0897961839947934
1.0897961568046577
1.0897961590201874
1.08979680700212
1.0897959277507179
1.0897962856716716
1.0897964383343468
1.0897960303136989
1.0897956601932797
1.0897956405662779
1.089796062688842
1.0897961969684957
1.0897960010968943
