0.334210058569499
0.33459326046822724
0.3351186744851868
0.3343383328637615
0.3340032822189594
0.3344309427659702
0.33502492167910497
0.33470599647204113
0.33459842420138197
0.3340652670946955
0.33405272812507547
0.33473393024301024
0.33453895242917914
0.3342465451244611
0.3341770334943322
0.3340614287098891
0.33441061544779455
0.33487708073220546
0.33404484546931007
0.33417453554725235
0.3345438484541807
0.33430697446825536
0.33423559254035434
0.3344503004005386
0.33428238514619
0.3350486221354169
0.33457637424160475
0.3345482125947806
0.33437791122888955
0.33463764077158825
0.3341232043792138
0.33469505397819055
0.33442096721246173
0.3343082245441033
0.33471144576175155
0.3346048730473989
0.33440368653059266
0.33438215990141595
0.3341765101583446
0.33413457384569684
0.33427209587323226
0.33465595076779614
0.3344638467142243
0.334534839439339
0.33454250828619075
0.3343461237016294
0.3344488480795692
0.3346980337361042
0.33427985665559407
0.334536398357552
0.33456644102222616
0.3344785002082592
0.3342859821990116
0.3344298885117487
0.3342174080215165
0.3346369862783288
0.3343226570342901
0.3345994117325725
0.33469129910379136
0.33445930614735014
0.33456642832298256
0.3344964168556463
0.3344361302083239
0.3344701416055279
0.33471150993705084
0.33443058495233513
0.33431245979014795
0.3346973004766388
0.3346520737091837
0.3344393398840296
0.3345361415845131
0.3343806111243701
0.33436813201266125
0.33448944247326234
0.3345859324415191
0.3343360654193196
0.33472269376551955
0.3346066034397751
0.33458954104706445
0.3344184630867101
0.3345477655412003
0.33450141555262164
0.3343490170047622
0.334740504047093
0.3342731241631075
0.3344279517078004
0.33456605548375296
0.33423021952818033
0.3342746455664039
0.33440243969110867
0.33464537035889397
0.3343848511373846
0.33466081415343946
0.33447988922635385
0.3345490198482631
0.33442874907120257
0.33462525689134426
0.3344441243281181
0.33458249813383983
0.33459469606398384
0.3345631513798193
0.33445717565053745
0.3344845490711984
0.3343677730479868
0.33453423231326057
0.33442000254547266
0.3345094157344022
0.33463102939898637
0.3344438278829918
0.33429727139672943
0.33454291730854174
0.3345308250163798
0.33445350857777284
0.3345423880672766
0.3344917290128442
0.33447467154409655
0.3343869202247505
0.3343734528759582
0.334495333661875
0.3344598864035463
0.3345270798375235
0.3345404609114034
0.33452767108071346
0.3344244488118798
0.3342453205341624
0.33437020697807546
0.33446722432074966
0.3347078699373012
0.3345749955045798
0.3344829796382038
0.3345161550417878
0.3345814166910462
0.33435748895728623
0.3344498146358406
0.3344759481456632
0.3345020513765336
0.3343597027820699
0.3344328708983483
0.3345429377740893
0.33452769088000195
0.33437589756953856
0.3345156236834815
0.33442039574353377
0.3344492259895133
0.3346319936045603
0.33426190113402154
0.33442864817172535
0.3342980017835699
0.33431181856997744
0.3344320129264589
0.3343897353620926
0.3344635697083368
0.33438398665189156
0.3344882720997123
0.3344419177821852
0.3344892535086506
0.3344707236489715
0.3343961822762169
0.33444710612256967
0.3343963670090323
0.33443244130435107
0.3344234264155099
0.3344098630326567
0.3343798462054696
0.334523477659966
0.3344390685174372
0.3344307502999354
0.3344600374273478
0.33444502419326966
0.33449990271327346
0.3343969183147379
0.33435875407564936
0.33454084843831633
0.3345343722513718
0.33438065821113333
0.3343579815489938
0.33430904142152823
0.3345309567013117
0.3343063527800868
0.33439828857296106
0.33452818446141835
0.33451084157851146
0.3344862213889399
0.3345344173071656
0.3345073758157062
0.3343207837344754
0.33446911413623154
0.3345755621608199
0.3345661067746465
0.33456328447714223
0.33448325188740585
0.3345353661905281
0.33443758116708977
0.3344617621765632
0.3343096913032405
0.33442067388597363
0.33443228592724594
0.3344286595739709
0.33452788196438976
0.3345205112382536
0.3344738854704638
0.33440599401660664
0.3345113492841392
0.33457117377721
0.3344458279093786
0.3346062571977285
0.3344715381648016
0.3344655164259053
0.3344837570074935
0.3343267707075418
0.3343839451906553
0.3344444359038701
0.33441034306927386
0.3344293053938612
0.33448645602391536
0.33460133430339356
0.33447549153339423
0.3344588307948369
0.33448418425200677
0.33448736506810695
0.33434696730556807
0.3344065698170199
0.33450499908825015
0.3343979320236514
0.3345351886753837
0.33448989691661835
0.334355531945482
0.3345583449850153
0.3344986135032315
0.33454083314989375
0.33447115542623906
0.33441498094943
0.33448197285339004
0.33443135773436766
0.33456553232688857
0.33447476486160527
0.33438359405327767
0.3344474036468112
0.3344555221308129
0.33445053743386677
0.33451244293730453
0.3344665953186871
0.334445711196175
0.3344281097261981
0.3344187946379991
0.3343518359043656
0.334411571571759
0.33454399340763213
0.33460444449972326
0.3346366403746715
0.3344791889762561
0.33442964518903584
0.33443442297944137
0.33454327781187887
0.3344036058302039
0.3344594646789866
0.33444529478069773
0.3344509240449582
0.3344563030605451
0.33447457277982157
0.3344991227424383
0.33443716842613114
0.3344512322165992
0.3344268816421532
0.33437683162216236
0.3344573663863936
0.33449744901985545
0.33441202369858475
0.33442219879269613
0.3343565391190855
0.3344031303451964
0.3343516267669649
0.3343637457886457
0.33442929685869266
0.33440131798489414
0.3344150872601047
0.33431229122411593
0.33454079729596603
0.33443572133276944
0.33441993938156017
0.3344669518524069
0.3344451836884592
0.33447761531887565
0.33441807097155835
0.33447119616891724
0.3344754149323069
0.3345136077814222
0.3344976816087408
0.33444755097363116
0.3344908775267841
0.33438599062277646
0.3344584045437879
0.33446786646118437
0.33453037504219757
0.3344394495475441
0.3344049009694151
0.3344472168704482
0.3344024693735864
0.3344358578276685
0.3344702208436515
0.33455381433960213
0.33446015607702057
0.33446000432775963
0.3344793527758563
0.3344695636601472
0.3344177718477532
0.3345348020774501
0.3344501704547563
0.3344869483413236
0.33444502961125905
0.33451521070074375
0.33448534084490905
0.3344408435121144
0.33448478720965324
0.33445377505576124
0.33446803904830075
0.3344378239612354
0.33452009648924275
0.3344549924588064
0.3343127450525301
0.33444143802874093
0.33447080150304637
0.33443457538561416
0.3344862480526839
0.3344921358460078
0.33446959222545697
0.3344576351364579
0.3344802349435426
0.3343747945095742
0.33453189229039015
0.33443750646551945
0.33447326303589336
0.3344699594029678
0.33441110584390193
0.3343713300614496
0.3345191026782995
0.33445157991212465
0.3344261055840119
0.3344536870224364
0.3344190821535273
0.3344552140126527
0.3344609807786598
0.33436465059771997
0.3344242178247765
0.3345365417833976
0.3344150521847212
0.3343680027247966
0.33447770484822137
0.3345076519787395
0.3344370141200234
0.33446912117902566
0.334467939621549
0.3344240258143196
0.33441197584990684
0.3345025424303395
0.3344624095306003
0.33450692185366604
0.3344945350426039
0.3344367126113049
0.3344861007812958
0.33447759818145323
0.33443009741744617
0.33443288432084073
0.33448490285988414
0.33445903407976063
0.33441172587398377
0.3344704645311792
0.33436188772022507
0.3344026245487229
0.33449585636037144
0.3344685494038121
0.3344285322283011
0.33432476068371736
0.3344436687340532
0.33443434956753015
0.33440950989176843
0.33448000515685167
0.33451226905295117
0.33435324854488124
0.33439472396412967
0.33447622619796163
0.3345195698285745
0.3345508854864188
0.33443807244605966
0.3344984355201475
0.3344339890364713
0.33446747711117497
0.33442991665110056
0.3345246475479531
0.3344175996626432
0.33444666766184966
0.3345436030733624
0.33454504306480565
0.3344480511900486
0.33444182287167057
0.3344030534576908
0.33449127928010186
0.3345516507344153
0.33439882141212907
0.3344846110545369
0.3344905208791808
0.33449646059768245
0.3345008016311481
0.3344719839709563
0.3344637239809768
0.33448402168379804
0.33444118190235306
0.33443104901538345
0.334413789559044
0.334434850024964
0.33443473352917724
0.3344718177717608
0.3343916378246348
0.33447960412708816
0.33446619362195473
0.3344711815073824
0.3344428047967108
0.3344800581385196
0.3343637874319519
0.334431681065104
0.3344653982205424
0.3344581778145712
0.33448827257217023
0.33448301530852526
0.33438766009022075
0.3344674284679098
0.3344442394462414
0.33444112341287985
0.3344408590694468
0.33446131449215155
0.33442392995242143
0.33447341416129245
0.3344593349285472
0.33450173958375873
0.33447268512194595
0.3344619439406792
0.33441642697373763
0.33443529819452344
0.3344691936069318
0.33447229547417234
0.334466928220649
0.33445351156050435
0.33447695354204515
0.3344273650715244
0.3344941218562173
0.3344743078769123
0.33442765314613054
0.33448538234202807
0.3344300623446879
0.33444545832627365
0.33438963555545254
0.3343864005504123
0.33448326034932213
0.33447555299090964
0.3344707573050864
0.3344802561545369
0.33452460189075955
0.3344624442030917
0.33441900372369354
0.3344066029430347
0.33440094178170005
0.3344508569608448
0.3344500594029246
0.33443143386899093
0.33448464110955706
0.33440739273018355
0.334506764354327
0.3344182135228147
0.3344486844649677
0.3344411849613174
0.3344396605750085
0.33443887034389747
0.3344660651855178
0.33443038825862187
0.33444771960987685
0.3344388289648578
0.3344699962986986
0.334429023227167
0.3344630433510436
0.3344813176629145
0.334469683301248
0.3344441499977493
0.3344013286235484
0.334530716048771
0.33444219924328045
0.33445265165090876
0.33442214129295644
0.33451838579587634
0.3344555035948482
0.33449839987426566
0.33447756194182693
0.33444277295596037
0.33448188652613764
0.3344981333231721
0.3344095409999818
0.3344075931859613
0.33451152513830623
0.33445653973353395
0.33443807226016864
0.3344049566371441
0.3344424313680756
0.33442470018921566
0.3344295684294782
0.33445271160214324
0.33447136659245413
0.33447251136130124
0.334475715453749
0.3345019486337728
0.33446439099264297
0.3345173962884217
0.33448115318282673
0.33452839747181456
0.3344820842687314
0.3344569646832212
0.33444915107875683
0.3344185161557578
0.334434301306028
0.3344394094784212
0.3344457442056926
0.3344602850879827
0.3345164561848406
0.3344219516665682
0.33443222557720464
0.33445192920990635
0.3344568768362
0.3345098876124322
0.3344506601701917
0.33446425934111274
0.3344794854555176
0.33446754153516134
0.33446308294811183
0.33443180995183797
0.3344916718739226
0.3344712573364156
0.3344363989086714
0.33444463254190443
0.3343500737537061
0.3344779927863254
0.33448646898718587
0.3344097568500182
0.33439765630768187
0.33448650157728077
0.3345038865863616
0.3344254822269004
0.33446760669936304
0.33449818552845056
0.3344343428122987
0.3344966013664552
0.33441108592478497
0.33442827019241483
0.33447016432773796
0.33443680382085683
0.3344460333095696
0.33441159607137905
0.3344396714219121
0.3344457180492233
0.33445477454284506
0.3344528234601321
0.33445654495067684
0.3344914393640432
0.33442746650460603
0.33441427309040783
0.3344839051061028
0.33448915192348233
0.3344527549517283
0.3344585791711857
0.3344589363682881
0.3344976364297596
0.3344207527040904
0.33442635732113996
0.33442599030978626
0.33442374669199615
0.3344591575279028
0.33448784205983356
0.33447176583032595
0.3344894032680515
0.33443589734284696
0.33446636494125653
0.33445511717969495
0.3344304569203663
0.3344574706046931
0.33444534226164313
0.33438767501653494
0.33445072566686534
0.33445544225515406
0.33444070939526316
0.33446405871694657
0.3344499151718964
0.33444221000637253
0.33447586375255617
0.33449545144057585
0.33442138289583734
0.334509097301986
0.33447892660841777
0.3344562249885557
0.33447196514460864
0.3344434905484501
0.33445266620254305
0.3344225388848167
0.33449005867213344
0.33439888112118904
0.3344445671393278
0.3344691998219856
0.3344469086618913
0.33445951675449853
0.3344445449763474
0.3344279466818692
0.3344191612565993
0.3344014575456368
0.33448454393320914
0.3344890482815546
0.33442515164788766
0.33445617922802123
0.33443830825477844
0.3344138962232733
0.3344677262847945
0.33443766870031577
0.3344635331734446
0.3344218527346415
0.33442734000482577
0.33443743116780283
0.33442461267265855
0.3344676714708341
0.33447700038187506
0.3344705457806538
0.3344634451895621
0.33445553131641653
0.3344428941402706
0.33445796859020854
0.3344657589219397
0.33450748828372734
0.3344244624045922
0.33440921338533
0.3344497079847872
0.3344530965624169
0.33441804363394884
0.3344352065602898
0.334415131170951
0.33441851744669604
0.3344666268431851
0.33447999565928194
0.33445391800001595
0.33445832661536384
0.33446362007703845
0.33442682991337114
0.33443712242545975
0.33449382595691934
0.33447011894050227
0.33448530756609884
0.3344498282873652
0.3344933002664843
0.3344378612783562
0.33446617431736464
0.33443431636933063
0.3344408477727811
0.3344222478973318
0.33444161290200564
0.3344548235246651
0.33442626793189045
0.33445225959753916
0.33440255319155193
0.3344078945975597
0.33446034844001177
0.33449331314433145
0.33445011408179537
0.3344379583746562
0.3344706585938359
0.33444295568044385
0.33447563805600694
0.33442020339529754
0.33442735715676375
0.3344259313436734
0.334448542690184
0.3344637130917485
0.33444395160284945
0.3344707648597798
0.33445103823480304
0.3344666754015449
0.3344544871462494
0.3344445742842842
0.33444498430601766
0.3344233151724948
0.33442632264833294
0.33443539644425657
0.33445884176484114
0.3344702818580602
0.33447757691095253
0.3344427511042177
0.334437341813183
0.3344683184840906
0.3344510714147307
0.3344403975461589
0.3344854886964936
0.3344804050583383
0.3344084949132921
0.33440262204620497
0.3344678315552476
0.334448836449068
0.33444951545016877
0.3344696346143276
0.33442864081355544
0.33446757105838776
0.334460848120983
0.3344580700575968
0.3344777832242381
0.3344696843489517
0.33441005738137264
0.3344294417994465
0.33442442544073275
0.33446735489943674
0.334403571987885
0.334441317897012
0.3344412255357426
0.3344801976266156
0.33441100806365415
0.33443727078004776
0.3344846719416745
0.3344445249215851
0.3344408882833947
0.33447421716629644
0.33446184313786287
0.3344314835428725
0.33444698791019967
0.33440648103768206
0.33444606737191535
0.33444386162474454
0.33445814615433317
0.33443705313482625
0.33443990635013365
0.3344865131720395
0.33444324998879427
0.3344371890712511
0.3344474778580018
0.3344709366493231
0.3344302479736436
0.3344405685759962
0.3344650182727263
0.3344374690471867
0.3344326844231743
0.3344270715046039
0.33439928958605325
0.33443385544197374
0.3344519311130123
0.3344477337879024
0.33447249103405047
0.3344332423397419
0.33445800434761935
0.3344136091009279
0.3344312622989035
0.33445010311713924
0.3344829146595542
0.3344401393604248
0.334416088350827
0.3344635927004565
0.33447515926782573
0.3344522451335077
0.33444606149662715
0.3344603156311767
0.334456705952635
0.3344575492759063
0.3344592151521418
0.33445973424546094
0.33447631080876317
0.33444740145451324
0.3344514817461074
0.3344364450615471
0.3344449436375637
0.33447292911069004
0.3344626463395773
0.33448133883440667
0.33445848374367954
0.3344555572353738
0.3344468175050156
0.33444382969125896
0.33445427050489934
0.3344628462961086
0.33445329644894245
0.3344296143954264
0.334481647190849
0.3344561810012045
0.3344673040051365
0.33447345352085506
0.33446296342744225
0.33444398637383227
0.3344702613707394
0.33445970742206443
0.3344933476056436
0.3344586042906543
0.33449213346208306
0.3344413007003556
0.3344410162833676
0.3344376196093298
0.3344160493732614
0.33444585145309214
0.33445592581846684
0.33444973571007774
0.33446323723579136
0.33443389233972065
0.3344512245497731
0.33443294722163186
0.3344671019408463
0.3344315731078137
0.3344442108218991
0.3344550443772827
0.33445252660920394
0.3344393418079122
0.3344647380421419
0.33443635568908264
0.3344190040923654
0.33444385939118354
0.33446642275445565
0.3344413580907842
0.33443640353319004
0.3344579605133681
0.3344451453398033
0.33447541113715845
0.3344269577502922
0.33447631624227203
0.33446625483547154
0.33446290723732225
0.3344395077170673
0.3344502279995887
0.3344647567567187
0.33443675010104423
0.33447051146840806
0.3344570957022006
0.3344211958559726
0.33443281512347844
0.3344475970861391
0.3344256304643975
0.33442786336682684
0.3344378378280249
0.33444802874997176
0.3344353266532813
0.3344417854307907
0.33444206684620226
0.33442808839250193
0.33446043287317706
0.334439316906906
0.334466224708005
0.33444252039530836
0.33445954605537054
0.33443214425759354
0.3344595097011003
0.33449379893346376
0.3344554079570456
0.3344551189282199
0.3344663254623645
0.3344400060305326
0.3344560444794165
0.334441277759971
0.334450540010834
0.3344330752771053
0.33444680901890644
0.33445349703756194
0.33444715184214696
0.33443899050685344
0.33444019687013815
0.3344482482173707
0.3344577468969242
0.3344497487642813
0.3344235226064662
0.3344582383606389
0.33445230011266236
0.3344395205915538
0.33444768594007446
0.334448528220335
0.33442476852500036
0.33444141403847094
0.33445838737997824
0.33443231703231047
0.33445560528378304
0.33445318155141573
0.33444705378218836
0.33444549931578305
0.33445596415353995
0.3344457751529243
0.3344559962786959
0.3344467130599064
0.33445387114226693
0.3344292059676712
0.33446058466094875
0.33446497492973415
0.3344482054178176
0.33446086240710976
0.33442976547264186
0.3344630084771028
0.3344347288234854
0.3344468522027155
0.3344422503532037
0.3344480400292429
0.33444072579272877
0.33445008881599103
0.33443082372554067
0.3344506506786147
0.33446544962165553
0.3344654321964948
0.33446955164231773
0.33444238054568615
0.33444364519425673
0.33444486770493626
0.3344724659088768
0.33444371210821816
0.3344507560683653
0.33445816567834935
0.33443999097916177
0.33443870124563724
0.33445754259573995
0.33445013014304775
0.3344513137067985
0.3344432564358277
0.3344574695058685
0.3344691309314234
0.33446952391651746
0.33444351968505787
0.3344670064474252
0.3344471149608787
0.33445578300030704
0.334462207445637
0.3344618231404668
0.33445832273234866
0.33445662339470994
0.3344465940756834
0.33445225647910837
0.3344504259611723
0.33446149417866206
0.3344598581572618
0.33444313540028414
0.3344611065865601
0.3344580851567874
0.3344499914164931
0.3344520124664692
0.3344423683214386
0.33445706919951534
0.3344430720864856
0.33445112730503307
0.33444526032906186
0.3344543096223063
0.3344680632191783
0.3344525455591772
0.33444874373244343
0.33444749986829936
0.3344670326181511
0.33444392255475686
0.33445573526255223
0.3344611546384916
0.3344660440200296
0.33446038813973167
0.3344481138665585
0.3344430827565439
0.33444879468434924
0.3344417058642981
0.3344621933069997
0.334461668734222
0.3344585182979377
0.33444604098360986
0.3344685868641878
0.33445556501439605
0.3344589999389114
0.3344595916428994
0.33446167645297903
0.3344444056846012
0.3344706941784245
0.334459287636327
0.33444977144026006
0.3344548084151145
0.33445279406911993
0.33445421584937907
0.3344408438318213
0.33445540847428357
0.3344519865981109
0.3344520475378672
0.3344512179243681
0.3344623582095769
0.3344602763961216
0.3344504809327351
0.33445981067188485
0.33445206218830226
0.3344464111978049
0.3344547069086268
0.3344505868541652
0.33445369218451615
0.33445091858102066
0.33445720500669696
0.3344526665707952
0.33445748092664773
0.33444687634185705
0.33444929411734386
0.33444733921776276
0.33445422531660157
0.33445848971207354
0.33445399806032583
0.3344541179173045
0.3344566690802044
0.3344531851699158
0.33445142740632144
0.33445020646832124
0.3344525037550879
0.33445206814710265
0.3344521695382031
