0.27361503174239316
0.19287572432882166
0.15806848915942495
0.13723844508479324
0.12292583453767725
0.11267082598673132
0.10364340617529305
0.09743965314404014
0.09238540830164843
0.08697259193535832
0.08282938232326212
0.07842178837063102
0.07622420837522745
0.07369768462078345
0.0707434809287648
0.06979667347381764
0.06613818961826459
0.0639719407903453
0.06290761085417439
0.061459271600071204
0.059991824328260654
0.05753780613976387
0.0566027508849327
0.05518371484176129
0.05431136076211667
0.05262484543581513
0.05181381245432814
0.05109331418203847
0.05047440689264717
0.04980756662037957
0.04903688498247504
0.04786898365345061
0.04702299412657417
0.04600542743645067
0.04630383772009264
0.04502350136081895
0.04497898814526121
0.043233455795689046
0.043626445490814895
0.04275891709181916
0.04192776710462441
0.04157258153177178
0.04092242489737208
0.04087417589142621
0.040931471656635465
0.03989970466717092
0.03966678870506024
0.03872110576365099
0.037924177163251194
0.037630776150336914
0.03740111398577096
0.037421109073307486
0.03682914559437654
0.03683294388844896
0.03582728977089832
0.03597198078421468
0.03538235538710926
0.03475120989450893
0.03468010827212217
0.03454589053516597
0.034197765934732255
0.03402520026989678
0.03363415628922132
0.03336115015541725
0.03303167014814409
0.03277020624938834
0.032228921276083275
0.032104453596388145
0.031972609454738656
0.03219977069817473
0.031326024735075515
0.03130891282815839
0.030864243513430423
0.03106684278833682
0.03048443478479671
0.030275586981684595
0.030290533279791174
0.02946605235860614
0.029946429143754165
0.029614114948771884
0.029253697628220336
0.02940571085620339
0.029016757302045795
0.028473759132247374
0.02846136522245192
0.028689552796750943
0.027983882636330396
0.027838408155961756
0.02763478224383475
0.02756355947456496
0.027604571346194297
0.027156739247527262
0.027216489648106454
0.026937893434114554
0.026619955650923677
0.02675283246661189
0.026692675675994083
0.026396539688555532
0.026371252903949552
0.02584277683337008
0.02563925374431055
0.025918431860368484
0.02532255527159581
0.02565407712867352
0.025291440691783674
0.025218752632033138
0.02524874124413939
0.025292302041254777
0.024957127114032723
0.024826767141217346
0.02471288410135382
0.024300236627716
0.024267063258153598
0.024486230252239297
0.023976709418596125
0.0240833963905709
0.024124702741342426
0.02396922221690308
0.02370322498517082
0.023544220517564142
0.023570479140683942
0.02305315661375122
0.02321896142803423
0.022988971454797096
0.02286891207931595
0.02287999145422754
0.02284148852729932
0.0227693864237931
0.022770066250119587
0.02270822917021913
0.022540891450820052
0.022032738942893516
0.021956858493334976
0.02170253178183017
0.02220355194460438
0.021887590795281082
0.022098035905941515
0.02169724444466415
0.021954426277082127
0.021629163551464613
0.021469157575933668
0.021429653630802965
0.021309143723961293
0.021070862072033632
0.021082998061793787
0.0210363583808381
0.02085435519003342
0.02075699802247021
0.020661145706794733
0.020776409571839512
0.020538552357543174
0.02045385695998761
0.02061105626281757
0.02064539154062118
0.020387561018539783
0.0202124474384225
0.02021826991007095
0.020040421191507517
0.020166306527941363
0.019851432982589488
0.019926033781363442
0.01991077958029318
0.019762741574548937
0.01956429345238081
0.019404955023777645
0.019407063475413475
0.01955788839165501
0.01952211283822135
0.01929872473829648
0.019313520237183853
0.01915582398935088
0.01907052585439636
0.019161962118225715
0.018948753278813332
0.01905637140633806
0.0187352485268668
0.01907996423360763
0.01866557423983612
0.018631340037024373
0.018670290627630086
0.01875579667865357
0.018531114923036877
0.0184351186832711
0.01825881609914509
0.018217740984404117
0.018107951530352853
0.018178488222998182
0.017944660836214984
0.017997265093424964
0.017814740389897357
0.01778372200438512
0.01784699863274505
0.018047213677164317
0.017821557838321928
0.01749837561145897
0.017843014280567154
0.01778864780717956
0.017584313622664192
0.01745969559382488
0.017205403293380855
0.017372496489572342
0.017075116977335866
0.01732593465234924
0.01716746608231001
0.017234872695131194
0.017060320998496716
0.017036231756701155
0.01720496696947075
0.016959127774766814
0.016919793697993568
0.016625962389294875
0.01686236490663366
0.016695396546431127
0.01672773034340212
0.016814028595687716
0.016557320081374213
0.01677021999181003
0.01661879223941631
0.01638797631056167
0.016313428350709584
0.016498301139041303
0.01634171542052866
0.0162396389900851
0.01640807536697901
0.0163710142204808
0.016047448184363572
0.015970631668114337
0.016018328130148425
0.015924034206140244
0.016148528608950163
0.016038005554136914
0.015836248488289323
0.015716950778486054
0.01555275679910454
0.015737153082003023
0.015728711105790924
0.015731973781317327
0.015544134943791607
0.015526972759267321
0.015553361257261264
0.01553368907977984
0.015401378840748567
0.015423638901672901
0.015251404868218823
0.015029580497279014
0.015119454217737124
0.015408692368369815
0.015135526251380947
0.015044734920685499
0.015067904811498533
0.014969951236935793
0.015148273831446684
0.014890161328420925
0.014869757807183985
0.014820234080535455
0.014971406279973627
0.014709611700756142
0.014692985896399403
0.014669787173727798
0.01473879805960326
0.014590086878660261
0.014703829046885268
0.014650037844190103
0.014379589737689527
0.014314489133731453
0.014511718881539872
0.014516747146104658
0.014230005557513817
0.014361013801622035
0.01431893564136983
0.01442519765104518
0.01427112516749917
0.014210206782304589
0.014114554403140722
0.0141449073506911
0.014169625060313985
0.013995086521564757
0.014073263817750653
0.013896937140120184
0.013863567085018434
0.0140708692709271
0.014011813794754599
0.013710476843042647
0.013632362687429001
0.01380392177487787
0.01369277726604108
0.013856177345193591
0.013804951365974287
0.0135732490902364
0.013837620631087812
0.013579660362173066
0.013585392573379864
0.013533561428395749
0.013330755386826664
0.01336401113284344
0.01355949685753034
0.013279969010244306
0.013604552886567927
0.013136881238110324
0.013225424053793077
0.013335806146733867
0.013385267925464763
0.013265322509437147
0.013068442576177416
0.013229111039603267
0.013044996964904678
0.0130734933089918
0.01311817969156942
0.013023474456201344
0.013054146178691167
0.012951937606936184
0.012778080487052769
0.012824101787830647
0.012937913394610695
0.012896038410557259
0.012836248963902988
0.012795558574952924
0.012750603017763875
0.012749627091856402
0.012688841598740787
0.0127163609423338
0.012666766679673432
0.012646765169439902
0.01253376808829612
0.012573512696831124
0.012607845987232308
0.012435779386979654
0.012505195321737852
0.012562484276445674
0.0126008452835344
0.012426340804871221
0.012480165958272064
0.012322068168890078
0.012257751223433956
0.012368586446017057
0.012125815967376191
0.012210758328209403
0.012298046724376385
0.012150585310595334
0.012191961092456276
0.012059910709039988
0.01218675547499018
0.012070270036536726
0.011914062672377605
0.012139861624006229
0.011972673299272452
0.011779398717626203
0.011932896239448902
0.011904357125926997
0.011801954792282795
0.011944747994619698
0.011789638485831103
0.011731314119157092
0.011756401801592847
0.011759395058075451
0.011633190581824345
0.011638098747531798
0.011635455555061163
0.011766253868029037
0.011558945959221295
0.011480517875885157
0.01154629972584586
0.011445450877409188
0.011599605113285328
0.011409594842440184
0.0113027209392668
0.011371679059618032
0.011461954172089143
0.011598665748770637
0.01142902111643818
0.011191153170251746
0.011239047850363261
0.011266852244254028
0.011154128479718584
0.011253570194505581
0.011253583121834778
0.011078878959240443
0.011234275805749823
0.011164685159502648
0.011122424435102737
0.011136784031361912
0.011069657640183517
0.010974450172734702
0.011050824951465983
0.010920196387441919
0.010982833979578714
0.010871420962736173
0.010914014044098957
0.010851617616395538
0.010857582498139407
0.010815449083165988
0.010851310085634676
0.010783333260598743
0.010961092877087183
0.010793548555813786
0.010803052537612415
0.010813260679654645
0.010776829501048786
0.01064831460790305
0.010570354159156038
0.010669509433788627
0.010683413393208177
0.010579698305904535
0.010541648789770664
0.010592241456836161
0.010550368984503327
0.010601877275591426
0.010506899813972778
0.010539356177747532
0.010523782691838821
0.010413831776357305
0.010378175009412672
0.010384132655209493
0.010519597869708328
0.010291175461041833
0.010474009386272212
0.0102934378344141
0.010205362675591103
0.010309992865319445
0.010269428980081652
0.01007575352238558
0.010112118174814241
0.010171896532126419
0.010309980525765277
0.010122031730190132
0.010057348351359586
0.010108246636448598
0.010026317059979853
0.010028642864289311
0.010116166900877493
0.01005795056288868
0.009930489561780909
0.009949349110620056
0.009992665229213521
0.009993603415960452
0.009943519502052266
0.009782927189325141
0.009874853059773456
0.009864425485216948
0.0096168888114271
0.009729401163171558
0.009770355329712743
0.009696654845024614
0.009858255541699475
0.009750934250100922
0.009804515369924051
0.009736979812389917
0.00972549458449626
0.009630333333428403
0.009562559763644568
0.009699615481497137
0.009613104469067739
0.009561646467038791
0.009511077683952932
0.009486790337929459
0.009524960963252295
0.009535448478511788
0.00945814080966137
0.009458648837915263
0.009416384006327105
0.009394227368915344
0.00922101635527112
0.00949632219461958
0.009387418782062243
0.009339433726958142
0.00932906059784266
0.009322062892217436
0.00938517062199216
0.009245775539475951
0.009136594268597885
0.009289299681838021
0.009213802342782915
0.009129863776521968
0.009195162888894534
0.009015196820275677
0.009172011136291885
0.009116755405995384
0.009100816616234946
0.00914272162628591
0.008983176927689058
0.00901771663931268
0.009102786840737462
0.009193406888391846
0.009027664031069542
0.009030507692125449
0.008999640545031473
0.008927622329454215
0.008924695481634687
0.008875527380279712
0.008844634818278243
0.008861517438639326
0.008727861953430359
0.008851230251602166
0.00873957710779214
0.008799370928985603
0.008735461016463362
0.008783290985404391
0.00876432576698507
0.008765789330749868
0.008659461622258068
0.008562390897587303
0.008748236031535862
0.008683793676603676
0.008579936641921524
0.008669413147772385
0.00854029193878914
0.008609796405883965
0.008551720199919873
0.008721096317406259
0.008566681263759427
0.008488142535899593
0.008610212069188421
0.008467134296577526
0.008426475546376563
0.008412493702554784
0.008452068597565204
0.008393649478651273
0.008360033030213638
0.008303685207860614
0.008442098744776817
0.00835352081993821
0.008291680055613381
0.008297118087517959
0.00833099863904286
0.008337936922757255
0.008185344038341844
0.008260280026139622
0.008286081330808862
0.008187746388741231
0.008263929203372876
0.008288652456870252
0.008184527160696611
0.008159327827155389
0.00810780690143841
0.008147341689400811
0.0081178863520806
0.0081556485835391
0.007974511811404298
0.008060966967720169
0.00808759855309394
0.007960254690051051
0.008049588263880476
0.008002180249513248
0.007958020405469099
0.007919406022103356
0.008022076647840338
0.007894638501863015
0.007952289471032593
0.007910148502924303
0.007902388397906588
0.007845811591375974
0.007944539517693834
0.007830090859611963
0.007716361044384789
0.007796334047871142
0.007863274676210142
0.007780370917350373
0.007764780399743856
0.007760769553980552
0.00768776676125066
0.00768551585442564
0.007667856318773076
0.0076938135845124175
0.007681095927805018
0.007715236878746893
0.007634764400256992
0.00756653291941607
0.007515951702600272
0.007612351590220742
0.007583384404449491
0.0076054630045415475
0.007647097208474202
0.007528267125012741
0.007555769110751152
0.007490508923184667
0.007476221898596877
0.007431494316715211
0.00737053753860171
0.007400521873599022
0.007389491104396207
0.007466585444830661
0.007391834350260594
0.007444429036514479
0.007290681380073949
0.007373667631272497
0.007384469356495689
0.0072668304761518525
0.007214016535428181
0.0072868519294963545
0.007311940300527749
0.007227484338160478
0.007237056012417189
0.0072125656720992744
0.007197182269997359
0.007254175466037288
0.007129213070901996
0.007116887292521918
0.00714917301131737
0.007101193961684772
0.0070108846677251315
0.00703483903304227
0.007124136818274446
0.0070713197827904075
0.0070311259069587295
0.007004697721890662
0.006976178423103098
0.007000757203093891
0.0069463280323119325
0.006996805406190728
0.0070061669438750565
0.007011186505528691
0.006942498046921334
0.006999847098169775
0.006903840016918097
0.006858638316500946
0.006818907226691693
0.006835654112910471
0.006870551274061505
0.006821554080187402
0.006904102800044517
0.006767695576159939
0.00681453621076353
0.006756108152103988
0.006793324784955122
0.006695681708959614
0.006711294859551171
0.006723408205927104
0.006802573948215923
0.006696664321963759
0.006645927848289782
0.006662691648817892
0.006508573100349882
0.0066232521114314834
0.006623254462975967
0.006590012956365198
0.006637183695227663
0.00660338039200712
0.006581188382416326
0.006520660266910694
0.006498065157787888
0.006528830719484099
0.006484502875476733
0.006438227949330597
0.00643594413486262
0.006510126937252776
0.0064226068493545415
0.006411827872753264
0.006366344471110596
0.006408863910178931
0.006414299428754617
0.00639181804024476
0.006361666256933236
0.006330812731469416
0.006332608014155085
0.006334046895074891
0.00629110534903677
0.006286011011439701
0.006353395900512879
0.006235252380046073
0.006178114991463394
0.006129137810655817
0.0061685596571242176
0.0062447859161937685
0.006166115911200354
0.006141748363299302
0.006165215744143012
0.006121515858821325
0.006102464095938175
0.006099002521536914
0.006155626750303321
0.006010865498631041
0.006069244963020811
0.006041481400915347
0.006085705226364326
0.0059996405269847975
0.0060449984363213395
0.005981482150676267
0.006057349159698145
0.006009332439108077
0.0060213963499436765
0.00595363310896387
0.005951986659259248
0.005946825873038352
0.0059614787255110515
0.005849002792541599
0.005952844856198883
0.005913689734781535
0.005840586363525899
0.005877766908522882
0.005860751673846296
0.005890654605502819
0.005771582831678355
0.00584966542141946
0.005739065069855455
0.005754679283699233
0.005723091482431116
0.005786184988532409
0.005762641873687288
0.005693081836030296
0.005694146683946525
0.005700591124891878
0.005680208816454682
0.005648684240567868
0.005664050482389395
0.005556112470433617
0.005613304110842988
0.0055943286806083865
0.005643291644376517
0.005540087552238937
0.005573184353414549
0.005502200740765853
0.00553629576962876
0.0055416279128425415
0.005485415108780754
0.005497742669633097
0.005471969602515519
0.0055489515379841614
0.005475710656705293
0.005403031005204236
0.005492359955200104
0.0054279509979517065
0.005402596909635354
0.005406931612059545
0.0053276716312839305
0.005401880630548404
0.005439165581530046
0.005278287441284649
0.005272802614399213
0.0052825568061217985
0.005320630040707293
0.005243934701787177
0.005302056782532145
0.0052554612536892574
0.0052831056072278615
0.005119413126163233
0.005240700060310207
0.00523437380414949
0.005214924935427912
0.005154578435491973
0.005152351111452015
0.005142460937751813
0.005121619773495853
0.005097200026120906
0.00516169109492724
0.005110164057362319
0.005099948007085982
0.005073166553838635
0.005043253089013034
0.005020086582197944
0.0050264596219510545
0.0050572574068222
0.004975345993170513
0.00496917904449565
0.004975635988676633
0.004874089506581037
0.004987920175294597
0.00497768828501735
0.004894383155772765
0.004964435824713644
0.004957150892656021
0.004885771872129057
0.004839091446831966
0.004823865775359934
0.004857211128209287
0.004865491693388321
0.00479674477287059
0.004778102136928745
0.00483346063786702
0.00476932210918566
0.004764776077759596
0.004763102598781011
0.004748048207393472
0.004703933949884182
0.0046969604505048106
0.004723501451766006
0.004656719444025499
0.004650957650923228
0.004616796944517244
0.004647148913688847
0.004617397825434417
0.004677663699914686
0.004551913658728636
0.004610632422100217
0.004579435975111497
0.004636635571610497
0.004569658030049353
0.0045346669826293725
0.004543415702277022
0.004526474550965931
0.004481633163897442
0.004494995080961643
0.004439213503022033
0.004437329039273484
0.0044305756429006945
0.0044520087125958195
0.004393260199843084
0.004422374983662551
0.004402813383338556
0.004380389358505544
0.004357378740899275
0.004408837413273355
0.004329628329953744
0.004292022451553898
0.004295238103756284
0.004264023556887013
0.004239682305641838
0.004224334685593732
0.004236765695924088
0.004185756635146804
0.0042327061412642895
0.0042145129997119965
0.004180569214874026
0.004191317011784481
0.0041629426554070465
0.004183403835838473
0.004102826673949883
0.004077017314890666
0.004112979178313911
0.0041103560168664
0.00411936209124269
0.004059552850495428
0.004025642666282324
0.004035284890344682
0.004028613732373619
0.0040244572876202145
0.004006124799467864
0.004037556612520853
0.003979376270088332
0.003988955391437249
0.003920823568058763
0.003931115533030007
0.003928898438039881
0.003886183443408197
0.0038931072123125346
0.0038878515539309518
0.003898986321509272
0.0038606227983659807
0.0037997650879383915
0.0037993170439389085
0.0038193933327122774
0.003799084435459882
0.0037699394883932884
0.003783044007803775
0.003742436797412834
0.003739072312897952
0.0037377288518411753
0.0037249913237299348
0.0037054990674122395
0.0036855981510217095
0.003644596074391336
0.0036251828685029616
0.0036620732170575513
0.0035827854803335392
0.003583536977316596
0.0035756369563330016
0.0035985550300915267
0.0035898657887639507
0.003564766841593144
0.003557253764661238
0.003515072746943784
0.003499093116626082
0.0035103247552785662
0.003491749002147086
0.0034847775750911207
0.0034587657967580453
0.003411131726182717
0.0033870013622811696
0.003369954831658301
0.0033318761437623077
0.0033527102984991612
0.0033570145548857547
0.0033286775246008106
0.003294478154721011
0.0032996753442196785
0.003297077327222942
0.003267892633834734
0.0032409202673703893
0.0032514646981530388
0.0032218181705758984
0.0032266494051007735
0.003202490449219697
0.003191372394577825
0.0031559158807834727
0.0031600078519769
0.0031409327837657506
0.0031534368847989953
0.0031189641578846226
0.003086915603052618
0.0030868762355331742
0.003055781297621875
0.0030308808169571275
0.0030343863049508393
0.0029982161661728127
0.003004832292683228
0.0029989082763723007
0.0029867744613868144
0.0029500131559159234
0.0029371143151102953
0.0029063983648830853
0.0029137562351255297
0.00293838871274948
0.0028965455399955296
0.002832803759814621
0.002817896272736165
0.002815658103923176
0.0028133629409782483
0.002779480868331644
0.002765250547632857
0.0027537345172136732
0.0027441231144422072
0.0027059483541647727
0.0027005824904045603
0.002671848532115343
0.0026786010393008534
0.0026293850846477616
0.0026200968405173013
0.002622711859069454
0.0025748826819758717
0.0025769253270784692
0.002566685587613131
0.0025773158040601346
0.0025364692249068587
0.0025374933062646834
0.002510351123773149
0.0024514315599382113
0.0024819009993415153
0.0024621277590612515
0.0024222222764655873
0.0023976021027730878
0.002376199828336337
0.0023812079633959544
0.002343089011462287
0.0023700183022001367
0.0023332708025278113
0.0023152991427324455
0.0022637067290865107
0.0022741158143461332
0.002257784240198404
0.002208567900190949
0.0022215625951601437
0.0021644913613961
0.0021719625067259316
0.002155292726272178
0.0021056144894911425
0.0021196245689912296
0.0020916473452033046
0.00207294946117613
0.00205144375380433
0.0020298662898003577
0.001985813643322134
0.001965287615317768
0.0019251525316629511
0.0019303218549876948
0.0019222741663484464
0.0019135862467317285
0.0018532178619287394
0.0018606429970503798
0.0018282212536770584
0.0018173655886543863
0.0017531680199822594
0.0017435451744762665
0.0017389731123650795
0.0017308572097966257
0.0016930918347008604
0.0016572040621292013
0.001635352761435454
0.0016128345638176606
0.0015810930241971165
0.001554537900958697
0.001525710641244313
0.001492208421338547
0.0014882170589762787
0.0014468045989679925
0.0014305715110546618
0.001401157725900401
0.0013710252247053417
0.0013222221749613617
0.0013078013329128613
0.001280443569970662
0.0012421948508924655
0.0012115193612374196
0.0011746043584580995
0.0011445486194665813
0.0011121844150526303
0.0010772521938264272
0.0010380540536562713
0.0009938003913716289
0.0009514754454610234
0.0009168573877509069
0.0008739093444936675
0.000832605404933397
0.0007835114302956187
0.0007237268750015604
0.0006795901597122886
0.0006218605642429604
0.000556419934800235
0.00048235720836861613
0.00039028386551593746
0.00027488800579494334
2.306379780417448e-16
