0.5026424646802274
0.5025965574103024
0.5027188519168014
0.5022266454313312
0.5023261413742164
0.502936618570262
0.5031423086090067
0.5030155188383475
0.5021090349467425
0.5027331392414285
0.5023041423439832
0.5019528783223998
0.5018977681403006
0.5024313829843585
0.5022530407661631
0.5021151190926998
0.5022238758712221
0.5027163932971044
0.5026262245950384
0.5022227929185495
0.5023867148169835
0.5024289907782167
0.5025412005403653
0.5026228148045416
0.5024201291920982
0.5025932975408066
0.5023098062583283
0.5023189374428876
0.5023852979142945
0.5023762572452514
0.5024996533865287
0.5023193692580168
0.5025072756532277
0.5023927268131412
0.5023651006920712
0.5023626665782793
0.5026418396898236
0.5021135433807922
0.5022001671572143
0.5022367260856617
0.5023648153628965
0.5022616724139092
0.502235080339529
0.5025302666934012
0.5023744984703883
0.5024521940606255
0.5023764052937394
0.5022558250814313
0.502350494035469
0.5023868100107067
0.5022327788097185
0.5023380867786738
0.5026176052659768
0.5022842087364477
0.5023001896807329
0.5023635904023975
0.5024305831102276
0.5022706528689588
0.5023996245584007
0.5023579434308387
0.5023192834374102
0.5024788566637582
0.5023331764058144
0.5023865472328329
0.5022156183119862
0.5022848244680709
0.5025567098035495
0.502598160887932
0.5024516920776855
0.5022867335381186
0.5022185682540387
0.5024750039721323
0.5022284945654786
0.5025606964563564
0.5023378420106637
0.5023772088963465
0.5022547545358338
0.502513775889597
0.5024084233480132
0.5024407962735611
0.5024690862647088
0.5022931889685417
0.5022958715267224
0.5022857990504854
0.5024143808433005
0.5024009950531431
0.5023089111800415
0.5023024226076815
0.5023808971301509
0.5022636398360514
0.5022772645278695
0.5024599401265742
0.5024853143598325
0.5023124656073564
0.5023834462124304
0.5023229870814463
0.5024268533931733
0.5023702289457005
0.5024780719910795
0.5022614840785864
0.5023772213129999
0.502526510919129
0.502272861300086
0.502434513802044
0.5023406001909507
0.502427624892144
0.5023143497399907
0.502301006402286
0.5024796232406692
0.5024397225179116
0.5023626054405397
0.5022476402155321
0.502461905584303
0.5024475370744648
0.5024723793847177
0.5023835451820323
0.5022937466339162
0.5023906127167408
0.5024335451392358
0.5024617331161084
0.5022797460406552
0.502406241258337
0.5024412158102857
0.5024169176733252
0.502412005375116
0.5023790706921105
0.5023502560038005
0.5023928490958897
0.5023579651526349
0.5023253544524663
0.502386075661629
0.5023825128541572
0.5023012797423616
0.5023341489028778
0.50238885297491
0.502330610032416
0.5024042425310976
0.5025048294932166
0.5024282148124234
0.5022844416406501
0.5023142736239824
0.5022752367779353
0.5023400999635501
0.5024875754594623
0.5023565921720922
0.5023112324887378
0.5022295928844929
0.5022834904855161
0.5023936405119965
0.5024004560752912
0.5022907485915235
0.5024349955851485
0.5023809180851432
0.5024033875406771
0.5023736618813649
0.5023652156957716
0.502409291611694
0.5023055671900983
0.5022811428742119
0.5023801572667813
0.502416926593565
0.5024642838092422
0.5023095713558958
0.5023902656526008
0.5023957770510932
0.5023094012597367
0.502495667552636
0.5023119175520921
0.5022939215291866
0.5023151911664455
0.5024281731208665
0.5024010622135092
0.5024221744863854
0.502384811152429
0.5023236676031726
0.5022461208755851
0.502318370200262
0.5023830332582797
0.5024027233226209
0.5024701559577296
0.5024063321811243
0.5023745299901239
0.5023590801995397
0.5022359144300622
0.5024228240736485
0.5023424024220459
0.5023856334631592
0.5024583204489489
0.502523679008115
0.5025021983680257
0.5022846946876316
0.5023388786435387
0.5023713542991233
0.5023928431980951
0.5022489527224292
0.5023650940695743
0.5025268652840915
0.5024460318093236
0.5023594995939481
0.5023781803845536
0.5024035710191037
0.5024769674299987
0.5024069549864961
0.5023601816886809
0.5022750806759607
0.5023972963075295
0.5023554277678323
0.5024062505927389
0.5024233431389444
0.5024350659024134
0.5024912069027018
0.5022474318208302
0.5024089441186006
0.5023574112343043
0.5023145858645388
0.5023750831683349
0.5024545702279335
0.5023260367505565
0.5023625249009912
0.5024758680072994
0.5022936218138198
0.5024082787069032
0.5024613597433013
0.5023360248918167
0.5022481970158004
0.502450801956804
0.502428826468729
0.5023580638575711
0.5024383453746885
0.5024161261049256
0.5024360289082752
0.502504311364432
0.5024447050868129
0.502381079939636
0.5023628267239599
0.5023006035921175
0.5023587655990385
0.5024496757281282
0.5024214708075283
0.5023721325331499
0.5024345098056927
0.5023333281790608
0.5023805236015005
0.5024154612737975
0.5023271781774421
0.5023898931164051
0.5024016437087686
0.5023654922390223
0.5023753868328278
0.5025056951318049
0.5023858192301541
0.5023825572345391
0.5023230086161448
0.5024815074751945
0.502444590255489
0.5023066337471589
0.5024082645774309
0.5023846424010815
0.502404752423482
0.5023733130713098
0.5023846049419609
0.5024489028943684
0.5024717621733543
0.5023917845368092
0.502297465679361
0.502363556765702
0.5023761186564035
0.502448789634537
0.5023492781697754
0.5023746083392964
0.5023052191762547
0.5023589740322836
0.5024938449346805
0.5023742687398594
0.5024679624117416
0.5024474372957703
0.5023720615498573
0.5022961373950899
0.5023132833265851
0.5024140115113481
0.5023057213795641
0.502376664328847
0.5024485623657114
0.5022850375675284
0.5023288183632406
0.5023695627496518
0.5023820895360557
0.5023657459181015
0.5023449372708823
0.5024644183032594
0.5024150296683756
0.5024219961074001
0.5023955267213783
0.5023969117743377
0.5025029640096688
0.5024650498996731
0.5023983264027815
0.5024044264614698
0.5024282905961818
0.5023665382726915
0.5023670500374965
0.5024047212692079
0.5023524734805317
0.5023628093023493
0.5023468988739864
0.5024671336608326
0.5024145925507909
0.5023653210960891
0.5024252813281179
0.502406224911819
0.5023286738871823
0.5023596247611753
0.5024344790742713
0.5023806867333557
0.5024007484300665
0.5023896665487215
0.5022663580599432
0.502390597230127
0.5024274424529938
0.5023760328447139
0.5024469544489246
0.5023736430256153
0.5023711707690327
0.5022834775714033
0.5023651064878554
0.5023530579714827
0.5024625289832456
0.5024170969913239
0.5023369663894756
0.5023777512946316
0.5023409765327398
0.5023631161341713
0.5024492720775501
0.5024131741170258
0.5024011734748823
0.5024646658836911
0.5023072769542966
0.5023755649064506
0.5023568308992123
0.5024097344178996
0.5023356128580536
0.5024820476472032
0.502366877981896
0.5024247294393753
0.5023788974637157
0.5023992519070402
0.5023003345679596
0.5024113597941149
0.5023602019947413
0.5024615027084086
0.5023721506375862
0.5024194918168818
0.5023344758182601
0.5023706533821054
0.5023432242791901
0.5024210191852599
0.5023796757346078
0.5023624635766968
0.5024209140816114
0.5023729731997595
0.5023853981308206
0.5023558554403674
0.5023782475530109
0.5024117862757509
0.5023544377765885
0.5023504702749773
0.5023668765625454
0.5023941162978635
0.5023568937694416
0.5023953401167514
0.502378075031004
0.5023197414536344
0.5022977535830591
0.5023729736253418
0.5023410670271146
0.502420799673947
0.502377856853237
0.5023419391269113
0.5023558502994012
0.5023861253097002
0.502421879330673
0.5023768730365117
0.5024142478299432
0.5024117914405005
0.5023920396891214
0.5023582198124771
0.502358358235661
0.502381724291044
0.5023603302940622
0.5024091479581494
0.5024125276079368
0.5023870787676831
0.5023682210206187
0.5023916197296477
0.5024018509895558
0.5023393777359411
0.5024309068565485
0.5023575927706309
0.5024221401634744
0.5024474221042037
0.5023972823138887
0.502404913466541
0.5023261210376834
0.5023844585201033
0.502423523212503
0.5023999094242494
0.5023726536789079
0.5024004819030874
0.5023320019838478
0.5023464598905405
0.5023394204409888
0.5023574848383732
0.502407629088256
0.5023654061036321
0.5023823955643304
0.5023563375860889
0.5023967276780137
0.5024056476299649
0.5023448432553002
0.5023408192781043
0.5023606730117132
0.5024233398036533
0.5023531288052454
0.5024007030577228
0.5024156911437773
0.5024277390461802
0.5024094558660102
0.5024147569779407
0.502396883168528
0.5023890695665597
0.5023060217832958
0.5023602432325682
0.5024247039512173
0.5023510201515885
0.5024105379754106
0.5023558470086164
0.502402580106837
0.5024268343299442
0.5023853421172731
0.5023965986924648
0.5023390611568002
0.5024091205771828
0.5024125400551095
0.5023980731800866
0.5023708808705025
0.5023908390851121
0.5023916126215454
0.5023177446991581
0.5023849167195723
0.5024044563235531
0.5023392906413298
0.502416330552862
0.5023872493224714
0.5023963776293318
0.5024473794615764
0.5023854939797817
0.502370042733638
0.5023493921602338
0.5023501440784438
0.5023866131966197
0.5024219249778773
0.5023977521649695
0.5023921707388291
0.5023141214276025
0.5024046960754587
0.5023734069939324
0.5023670694489776
0.5023611034118448
0.5023610505403412
0.502398166381979
0.5024072834022483
0.5024197434418379
0.5024045401410261
0.5024831794269788
0.5023526633584974
0.5023858531293319
0.5023881077788848
0.5023522661088187
0.5023869909342904
0.5023623764518353
0.5023748847759648
0.5024328490346872
0.5023544803500839
0.5024356515955382
0.5023432464757028
0.502404670014202
0.5024005998134903
0.5023824918855319
0.5023860703822587
0.5024311777757079
0.5023629909453653
0.5023682549732427
0.5023534444167113
0.5024254355070131
0.5023113328581946
0.5023578134682796
0.5023375731811154
0.5024046900021558
0.5023787876604598
0.502411767294697
0.502341073713389
0.5023937411767906
0.5024185321896718
0.5023914880049176
0.5023455204026723
0.5024223939561806
0.5024647269515236
0.5024243686162266
0.5023943728305694
0.5023823515360772
0.5023555393983129
0.5023713526886427
0.5023477711279641
0.502397442699329
0.5023574297262822
0.5023831524153584
0.5024288418375717
0.502382496768706
0.5024270642321049
0.5023354508193059
0.5023716033016496
0.5023300803127723
0.5024050664017539
0.5023958069914116
0.5024261187530701
0.5023628584423278
0.5024042085819045
0.5024133440815719
0.5023709234312982
0.5023675878991889
0.5023979687411573
0.5023376219294611
0.5024157996854862
0.5023697630128422
0.5023932598059859
0.5024178886796326
0.5023778832985576
0.502403971782394
0.5024286773177442
0.5023733269414311
0.5024351210588318
0.5024029040867475
0.5024320426825203
0.5023849672296942
0.5023771790825552
0.5023681317014148
0.5023673552442175
0.502403978401065
0.502397741709043
0.5023780415950071
0.5023495074884691
0.5023514198693545
0.5023606749055535
0.5023581957114938
0.5024019593642631
0.5023676787712068
0.5023749127866647
0.5023916793670853
0.502384212212628
0.5024531236766153
0.5023664194089739
0.5023942627424858
0.5023729205245833
0.5023591378849934
0.502402228859671
0.5024032783396577
0.5023633711412678
0.5024231426414122
0.5023413458353936
0.502361862560408
0.5023587858081212
0.5023998175941075
0.5023832695285297
0.5023640172642628
0.5023942354833225
0.5024062852400901
0.5024212092804059
0.5023820287902648
0.5024050467287811
0.5023362209930045
0.5023729021110613
0.5024130713727083
0.5023717279989217
0.502405437716396
0.50235412089197
0.5023789229105058
0.5023569394266475
0.5024161691064007
0.5023832197043752
0.5024188112352224
0.5024262514919188
0.5024000934269719
0.502393388430451
0.5024161645335112
0.5023912092678138
0.5023995732159255
0.5023609583412016
0.5023924982610727
0.5023831530686022
0.5024192306016712
0.5023261674544399
0.5023665945737198
0.5023852994498318
0.5023695228261821
0.5024105881092438
0.5023959361997669
0.5024157985296527
0.5023796039311423
0.5024008610067975
0.5023976957991348
0.5023913950234941
0.5023699524881212
0.5023994795868588
0.5023924626180074
0.5023680692523226
0.502357324087307
0.5023966148271672
0.5024291161259441
0.5023929614222585
0.5023800408575584
0.5023862389291526
0.5023865438508891
0.5023994851122648
0.5023993779593384
0.5023854405934175
0.5024481610747802
0.5023384174210324
0.5023424594613479
0.5024161299328531
0.5023982645360009
0.5024102678729019
0.5023560418164493
0.5023688086702919
0.5023745823934138
0.5023910022199564
0.5023867366801719
0.5023784225898824
0.5023965025093533
0.5024007433022046
0.5024101471065101
0.5023715122232565
0.5023551673853291
0.5023715382110082
0.5023910769946919
0.5024354567187487
0.5023584551184822
0.5023877879542332
0.5024044990650509
0.5023700856803663
0.5024213579821942
0.5023938590242516
0.502377360674553
0.5023931287222562
0.5023588196288835
0.5023459578417641
0.5023831868233888
0.5023266558098868
0.5024313348025479
0.5023739708986888
0.5023638001592718
0.5023712795007671
0.5023865363348308
0.502424076249637
0.5023547785390304
0.5023988063321659
0.5023590702732013
0.5023882734007712
0.5023749788284076
0.5024092533195558
0.5023841648441549
0.5024276540789051
0.5023405562433694
0.5024135235108239
0.5024124515699916
0.5023662132618294
0.5023666445103325
0.502398690192932
0.5023590467471779
0.502377494666068
0.5023875353844002
0.5024415122868243
0.50241749941534
0.502356606310961
0.5023979042746356
0.5023915210198981
0.5023916957222733
0.502352217276219
0.5023864037236744
0.502417547587848
0.5023907988902129
0.5023963454570939
0.5023649897801397
0.5023970243853628
0.5023968526944865
0.5023695493144859
0.5024147402910658
0.5023968512381919
0.5023931563686068
0.5024047187503331
0.5023932444797731
0.502367139405421
0.5023811656005419
0.5023966148613644
0.5023915019269981
0.5023586680357708
0.5023771386625419
0.5023605130808236
0.5023493707859739
0.5023739290325758
0.5023791103349539
0.5023932133125473
0.5023860958140146
0.5024374888137173
0.5023648753699462
0.5023808545945984
0.5023790251107547
0.5023653487378221
0.5023422244011477
0.5023707120313482
0.5024053943726854
0.5023665243273479
0.5023916081638788
0.502392127604562
0.5024039437965303
0.5023728410680134
0.5023611933975215
0.5023743513860958
0.5023880871417239
0.5023995474604823
0.502369565969515
0.5023914625418923
0.5023778608347574
0.5023911191648235
0.5024070382158418
0.5023727781887068
0.5023832823292116
0.5023822748051388
0.502388522108
0.5023961091629259
0.5023838258244837
0.5024104130804159
0.5023993544901788
0.5024178483123782
0.5024095762169967
0.502372424307937
0.5023850187116786
0.5023905865294294
0.5023866473828255
0.5023667549133833
0.5023832898884021
0.5023904081937808
0.5023747825354056
0.5024068445321656
0.5024086473115283
0.5023835500427539
0.5023957230551509
0.5023897770028534
0.5023804400597448
0.5023664839948533
0.5023805738277831
0.5023765150135401
0.5023836654458033
0.5023875257707732
0.5023985873697278
0.5023953257747571
0.5023736131743802
0.5023751086200678
0.5023907149526712
0.5023668913028443
0.5023682223307908
0.5023831095516159
0.5023870667388554
0.5024040450130558
0.5023641475071842
0.5024017320097003
0.5023979189098129
0.5023835772370969
0.5023941355763776
0.502401385657607
0.5023992107811633
0.5023844486691694
0.5023699257803484
0.5023785336567735
0.5023731340119079
0.5024151095549856
0.5023928986972366
0.5023936610716564
0.502372222376391
0.5023658115800865
0.5024122233329806
0.5023849510619517
0.502391597343328
0.5023957779731634
0.5023815683050061
0.5023510146665479
0.5023864198050556
0.5023767936347946
0.5023812986901822
0.5023658218778395
0.5023932751520334
0.5023771733489154
0.5023970541107365
0.5023882510296226
0.5023606210378713
0.5023852559428862
0.502391337939635
0.5023856632375211
0.5023840256226731
0.502391225518757
0.5023968512885296
0.5023655649082657
0.502393089036523
0.5023904726487635
0.5024023123052888
0.5024157618024778
0.5023699323096691
0.5024252544162487
0.5023921987657268
0.5023727075223269
0.5024095750711752
0.5024088492757807
0.5023882516939225
0.5023995016130699
0.502393217505592
0.5023920983237766
0.5023851438121912
0.5023817856596697
0.5023825182442367
0.5023882803138388
0.5023925180914002
0.5024017231804538
0.5023877899782886
0.5024143856150157
0.5023835400999462
0.5023753427280648
0.5023787234238596
0.5023815745868291
0.5024010992464204
0.5023989085865969
0.5023923669830318
0.5023886591524426
0.5023701167495863
0.5023966115200508
0.5023898279603739
0.5023910783026166
0.5023920192689963
0.5023786976038341
0.5023759234696525
0.5024032965135029
0.502392219373855
0.5023739210741661
0.5023971207546664
0.5023985132837503
0.5024045396079974
0.5023879900596462
0.502389307309847
0.5024070953760416
0.5023955956174121
0.5023904861425363
0.5023806205149143
0.5023829167818354
0.5024021514383341
0.5023910525426739
0.5024066172373056
0.5023754590059508
0.5024084148959588
0.5023885166169582
0.5023894176422123
0.5023807209856637
0.5023937928900706
0.5023900946485091
0.5023881377759196
0.5023765278151104
0.5023873057135233
0.5024028033780878
0.5023868924435522
0.5023858160844349
0.5023715821642823
0.5023741004235379
0.502367618991132
0.5023932530748679
0.5023790897624081
0.5023883985072154
0.502386365320754
0.502388581549138
0.5024078863739236
0.5023866662938744
0.5023908151535114
0.502390544942624
0.5023758203412262
0.5023847709377511
0.5023841084113796
0.5023867447498954
0.5023955681355667
0.5023768284466076
0.5023821227432188
0.5023866764894869
0.5024018930729639
0.502400152763429
0.5023822923859691
0.5023898180985013
0.5023999244922169
0.5024081373725002
0.5024045328167586
0.5023672746694361
0.5023793080640702
0.502376755543328
0.5023851179095732
0.5023850042336317
0.5023797660282107
0.5023974353256
0.5023707929490279
0.5023821844489479
0.5023894968899258
0.502385024082246
0.5023838684208959
0.5023757302482659
0.5023800939657597
0.502378503259525
0.5023841186348476
0.5023768573096093
0.5023920460808113
0.5023804842429487
0.5023836664356284
0.5023854598050379
0.502384033236359
0.5023962339348828
0.502396631125718
0.5023918341474652
0.5023900600234581
0.5023891620500398
0.5023889361274995
0.5023886693135733
0.5023754421533144
0.502396123402636
0.5023887497341769
0.5023923719554539
0.5023969745196207
0.5023834118523995
0.5023777045567686
0.5023915103969105
0.5023993403770768
0.5023876917378509
0.5023752431386447
0.5023894117072919
0.5023864567811411
0.5023737655889093
0.5023879604088075
0.5023840455167133
0.5023883510912196
0.502388836648223
0.5023797306899886
0.5023921412094057
0.5023921358734659
0.5023886007062429
0.5023752246516786
0.5023793909114747
0.5023922626732823
0.5023893410505376
0.5023770314664338
0.5023861115929347
0.5023831176661464
0.5023910078087566
0.5023745550676003
0.5023887725726559
0.5023882512665907
0.5023873916970136
0.5023851891079727
0.502395419622152
0.5023733052472075
0.5023895549641743
0.5023854705438917
0.5023826342573255
0.5023901721636963
0.5023838261288425
0.5023886023035418
0.5023867827839463
0.5023850578537071
0.5023778995461377
0.5023928245989604
0.5023869845458441
0.5023839076992673
0.5023888912264967
0.502384978316706
0.5023834122679469
0.5023845586374436
0.502387721319808
0.5023848545393115
0.5023818543322456
0.5023890927324023
0.5023849877098079
0.5023834317356206
0.502380152615713
0.502383858326956
0.5023855829963404
0.5023843442303969
0.5023867566372457
0.5023865117700613
0.5023864393613178
0.5023862161333962
