0.24415123506862263
0.1707393160261312
0.13887277159022193
0.1208166958713003
0.10695197554735314
0.09927249512813374
0.09038067727848667
0.08456863574017238
0.08084910879157636
0.07660774071580938
0.07279186036805672
0.06940643709138322
0.0667257765481645
0.06439505856351872
0.06211284660607967
0.05980583133571834
0.05890309738352004
0.057029282967826674
0.055199592982288444
0.05404334567017892
0.052504640574830744
0.05158897464856309
0.04951194798764939
0.04863729632393015
0.04822674712409066
0.04721673940157169
0.046044085201098935
0.04485568018096246
0.044002909266627845
0.04317686589923008
0.04314936207404887
0.04201853723696609
0.041145106406720644
0.040595560231696075
0.04043511768478343
0.04002190128090465
0.0393337871813173
0.038461028608243145
0.038084437746014915
0.037645736610758235
0.036857290059155945
0.036783027256288514
0.03591113364335327
0.035290670097287764
0.03551938222503925
0.03543145927566943
0.03435587767959616
0.03433677390198433
0.033914655308094795
0.03380994473873946
0.03308637034894181
0.032807183523347154
0.03275937561446666
0.031710232969527685
0.03218350221722547
0.031291854116177374
0.03126045293355213
0.030971616438079018
0.03053672292899452
0.030151011371712694
0.030153659418570487
0.0297574020628628
0.029712807142956498
0.029480638668057585
0.029469255251367434
0.029223491166553907
0.028913887706030254
0.028354051737677632
0.028268125670400417
0.028077472075322445
0.027961403536018628
0.02755102817480701
0.027274147823528674
0.02715743948716048
0.0268154667167822
0.026690728451670576
0.026277554230977808
0.026199528258310668
0.026246850340848775
0.02595653358869832
0.025966461100230348
0.02585102538493433
0.025625096602357712
0.02549527497991598
0.025331411480031683
0.025109717344069457
0.02466594030228776
0.024502580697173343
0.024347931603301776
0.024548572555758843
0.024523597821428943
0.02398390941688385
0.023977768907569065
0.0239016713023545
0.024003999208734243
0.02331093598690426
0.023306853962368028
0.023384123672303882
0.02334620542897732
0.02283519187687747
0.02289792633382785
0.02264163193418286
0.02247879227725063
0.02248756862865408
0.02237492307448731
0.022377657635409866
0.022169667997857082
0.022220567720699545
0.021782431618693608
0.021891854732865916
0.021763620515150153
0.02148754351223127
0.021498629086622405
0.021334849443162305
0.021628989029046666
0.02146264794607899
0.021026549301300913
0.021041921589652134
0.020769936372928417
0.020935309799525976
0.020903951187085847
0.020714760660288323
0.020435430344417423
0.020490424242278312
0.020290258422443586
0.02040080787749209
0.020160133749008817
0.0198092206434168
0.019983874556101153
0.019817366312490106
0.019898020453803962
0.01966475438169997
0.01957257992003879
0.019368075255603235
0.01939386682389257
0.019313830286481603
0.019233224811018447
0.019203258001743377
0.01886962005621648
0.019082519052187687
0.01890269996027426
0.01886168825827068
0.018850359519978474
0.018487676023430318
0.018671305457914365
0.018644464495914597
0.01859787383438895
0.018253942766965084
0.01827538254824291
0.01827170909426058
0.018472669226386372
0.018134443299872155
0.018228127157972056
0.018010697252019533
0.01786269595492572
0.017702077610334228
0.0177942015803469
0.01763584324491338
0.01774488381653897
0.01766418798319823
0.01753735023696314
0.01738786523549932
0.01730251538031941
0.017324663768719085
0.017261289421170178
0.01731904539637431
0.017115922104684916
0.01707624427742032
0.016773623766793314
0.016952847924797763
0.01673349128061305
0.01703530088108982
0.016782743262669205
0.016683982715526423
0.016698093672289357
0.01656221016739191
0.01653930700130932
0.016510885708619572
0.016381597748903225
0.016384082315964325
0.016495109540090033
0.016291930664458488
0.016041738234243545
0.016146344051431935
0.0160951362030529
0.016096499892449913
0.015825142097057793
0.015880177932270756
0.015939428955204622
0.015836880948910514
0.015924626098249677
0.015633217809862227
0.015702851638992595
0.015656824730211155
0.015616843844591988
0.015689225859899337
0.015515356851044364
0.015423709984486104
0.015399543103312426
0.015222096224550235
0.015180269749371034
0.015277329371711581
0.01525527352660391
0.015216676759485672
0.015098298356948755
0.014986069668727658
0.01504101547717535
0.014960642444690092
0.015040471355983683
0.015075396001557747
0.014851209854229242
0.014805581755219266
0.014740745087081295
0.014753830053584552
0.01468798236633898
0.014515711173185737
0.014631767920583313
0.014440049110493071
0.0144374964035743
0.014413822110535941
0.014381420174594354
0.014508974137551995
0.01441203716802096
0.014313549565429766
0.014249311118649995
0.01421893449481299
0.01414612089637197
0.014059030962501613
0.014197402432773629
0.013809996631537202
0.013853490366372501
0.013876900842111501
0.013776060691853165
0.013953352111721988
0.013727198729423042
0.01395030714444915
0.013822358699412333
0.013855089500535944
0.01357585454336704
0.01377131245050294
0.013650965351757862
0.013700790561098087
0.013446690580320997
0.013508121795587054
0.013614730050490138
0.013358386387297493
0.013421663813779792
0.013270394630252385
0.013150108287002788
0.013358714116589383
0.013159693238578062
0.01332000777735068
0.013114431269333806
0.01322018758964878
0.013216270664283212
0.013113259511866256
0.012963397322643627
0.012933264228311883
0.013111839194228274
0.012923949014024496
0.01283299689623714
0.012881086512710487
0.013034200873615256
0.012879253060068974
0.012702317942589183
0.012785372145159117
0.012690061930303656
0.012702788457050104
0.012577628356408955
0.01256551041163589
0.012548849979707963
0.012629859285951922
0.012660216980395388
0.012514121204209557
0.012444203392757341
0.01252729867408213
0.01240260487100038
0.01225952934598456
0.012399648532609676
0.012439692151843148
0.012321811983768725
0.012373888365358824
0.012161430704246235
0.012226218087627123
0.012196921385170026
0.012190513787776708
0.012086768769050835
0.012308465659467074
0.01216722482287917
0.011892306283551781
0.011977293391427026
0.011783809986184309
0.011998286697075849
0.011933108005135527
0.011863671118866537
0.011725738376672422
0.011842568663796196
0.011701023421206956
0.01186179953030192
0.011810654370605892
0.011687817475812953
0.011752898074569255
0.011718514799376618
0.011531811007305702
0.011526409279902497
0.01150324926030314
0.011534581193737882
0.0116230821838584
0.011268675966953547
0.011488889462736875
0.011445681168368823
0.011389074280323753
0.01128696817429404
0.011328417482177253
0.011264986244915922
0.01120349935642957
0.011295276235153312
0.011212173540251426
0.011197710576437361
0.01122409740867055
0.011079067917974694
0.011143993179410946
0.011059309358819254
0.011014310997126405
0.010970071718722847
0.01113577570907837
0.010955867455687133
0.010937195162133331
0.01095949092165952
0.010996813102118811
0.010833459707075522
0.010852104289380353
0.01094079618188203
0.010795676547884377
0.01074185059128797
0.010780943572821217
0.01076873856948399
0.01071589688257986
0.010629584584713074
0.010727942179690801
0.01059828594903469
0.01067922256181112
0.010527786471779706
0.010556920212604409
0.010501670873316516
0.010657331089319003
0.01067212116370081
0.010534964587751754
0.0105442831937564
0.010439943650013663
0.010341942125491716
0.010481292598190663
0.010291684581943917
0.010269448081039263
0.010469558670077558
0.01042415348761647
0.010317936203830426
0.010202579401451013
0.010202689960351816
0.010353905857589047
0.010128858736091557
0.01019498649876461
0.010095795766215516
0.010156580697298552
0.010174911694243814
0.009988550920756246
0.010067880043402103
0.010102697345175252
0.01020941404374369
0.010047222823760136
0.010051403737820921
0.01001244141689932
0.009977880602556938
0.009882054344609427
0.009867594753529791
0.009944108562890967
0.00988313140103922
0.009949747216338919
0.009835528462916753
0.009909787841060919
0.009885156451375924
0.009724943159593371
0.00968152687724116
0.009778824112795771
0.009774493304703792
0.009502796120246286
0.009637501841544029
0.009771845324102314
0.009658765144992977
0.00956692858534237
0.00951807740736566
0.009552317980465413
0.009595076698972783
0.009454805520149417
0.009469333437550506
0.009388878247493657
0.00946792699829642
0.009569685066478104
0.0094668800966768
0.009308233932686536
0.00939726000047079
0.009372533578736061
0.009266019387804568
0.009328642992088597
0.00935893868389043
0.00927606953017706
0.009307690559143105
0.009254350407417436
0.009243045125094539
0.009191628464516209
0.009220608435293563
0.009250101261631215
0.009031843606567282
0.00918398300301909
0.009104852239507832
0.009182237435757004
0.009062019975866944
0.008976272051071916
0.009090629113033807
0.009008932958978939
0.008989988611785113
0.008945262949503478
0.0089921766679023
0.008939003285054386
0.00894357195007574
0.008962239670230103
0.00894393216225542
0.008905189575284671
0.008942946664573655
0.008825605217848816
0.008852921845732224
0.00887037413488535
0.008772666322531701
0.00885112407862701
0.008616014245307916
0.008593016502519696
0.008792949099586831
0.008719072830113804
0.008693088927813173
0.00859428594089531
0.008621385041503012
0.008711569357109343
0.008671595898199418
0.008504135160756142
0.008570522653503044
0.008578246204729285
0.008604524761942494
0.008534784841711246
0.00859876008688332
0.008465840152051565
0.008481430236404451
0.008468522928801904
0.008401874113810468
0.008359207185660172
0.008388515318717746
0.008451977392249318
0.008366409531181477
0.00831977911953557
0.00833179915604298
0.00839083047064465
0.008299331102969992
0.0083218637689328
0.008209751553433474
0.008319273841770648
0.008279769963487544
0.008300550709693563
0.008286514438168895
0.008087455301000095
0.008162813160107585
0.008262675662157076
0.008229714997892771
0.0080372785156637
0.008076115404210974
0.008049314860469347
0.00799915032740338
0.007988067802531347
0.007959706120517232
0.008063952868649754
0.00802961525134382
0.008010732515566516
0.007948522387909569
0.007920550718248397
0.00783381352265337
0.007927704121128438
0.007938129877442048
0.007839226175293644
0.007934194679712354
0.007839741643973414
0.007906749508668673
0.007907210708160035
0.007799643737032659
0.007849080123577018
0.00783595191378009
0.007752760281233199
0.007846836336556216
0.007756076897703387
0.007699076212066622
0.007651115060589756
0.007676139682533774
0.007693561798541204
0.007609955749254317
0.007573083944996495
0.00765107430537784
0.007661397409820576
0.007645152430906992
0.007576920805714935
0.007640256134562233
0.007608308122777082
0.007554951044987534
0.007427032589687935
0.007575508011264424
0.007511569129650201
0.007484871606265199
0.007552059396325093
0.0074152261808807015
0.007394495274992861
0.0073816682738002065
0.007413613114637723
0.007429286228398812
0.00733495735483458
0.007431319327850782
0.007258550552215798
0.007390133597281337
0.007391992673219611
0.007266699199428804
0.007301335205306572
0.007239660210415153
0.007308438488322246
0.007225917285496918
0.00718319963783427
0.007192626085965971
0.007163762691372463
0.007149347096947851
0.007086155713457274
0.007250699192188226
0.007155704790171365
0.007084714482447927
0.007104232936838924
0.0071990373333961554
0.007139709210924094
0.007029476649504432
0.007043969425820899
0.0070943884279342315
0.006961174971277052
0.0070003387916999634
0.00702314926214462
0.006973927196377461
0.006923908822780524
0.007011913588744785
0.006920214693387641
0.006922819116887547
0.006902793414859147
0.006886814068597365
0.006769673727949711
0.00687671326465535
0.006900017575779191
0.006847999653053611
0.006840068327054632
0.0068416384527240125
0.00679268538515948
0.006752792773529496
0.006861866713055512
0.006715199498713933
0.006745952341219241
0.00672727998831283
0.006744653686985891
0.006684703950351853
0.006711412912414499
0.00668959956958541
0.006671795258722913
0.006641274832095883
0.006590352606582681
0.00660062553177046
0.006664722913887084
0.006586757136034886
0.0066016969864944545
0.006598540701563982
0.006593277171168396
0.0065796580925064465
0.006555231217268894
0.006570763432259425
0.006515829115240321
0.006491168169676147
0.0065053045639062316
0.006368798676127716
0.0064836971346828145
0.006365567598455428
0.006368751218550266
0.006413597043587249
0.006447165528143732
0.006401103632435884
0.0063398408784965206
0.006335510691387417
0.006381005067171437
0.006367822187239006
0.00627389227024397
0.006265705469085178
0.006378170540226688
0.0063648488548148675
0.0062343714003526285
0.0062528990324901956
0.00618401844281179
0.0062448552412730915
0.00617360624583495
0.006227312247294812
0.006162286042578519
0.006172510339222817
0.006125953362900264
0.0061017352273769355
0.006173818553783103
0.00621937136047909
0.006113515024549509
0.006122265585607252
0.006082849574808973
0.006051844318915641
0.006053941216305149
0.006016360687168028
0.006038078117309255
0.006041836929806005
0.006012190280867649
0.005988580627446139
0.005969777071951021
0.005915450296386802
0.005983578997893997
0.005940052864700405
0.005942474079744862
0.005946213346719303
0.005877302806234554
0.005902429631305413
0.005900663289780131
0.005847763708130881
0.005783968657970114
0.005786109770425527
0.005847232442116715
0.0058026897863107
0.005825338866376009
0.0058357137597262335
0.005650583868570873
0.005845807691918243
0.005697461866530391
0.005790227443134502
0.005747291160987163
0.005789666953911515
0.005736647752771515
0.00570994524672872
0.005747734784585147
0.005622723508726274
0.005675974202258633
0.005655312392209241
0.005607440508122589
0.0056662613441356285
0.0055343793442180576
0.00556979369199986
0.005593799063308691
0.005595791456481084
0.005603428277464687
0.0055494377425393876
0.005559171099116624
0.005558613260044341
0.005516330444824563
0.005484250547360601
0.005474114234291309
0.00547586013680773
0.005477350566502561
0.005484017202078115
0.005393464349839581
0.005492786858978428
0.00541550071669723
0.005405017228252688
0.005336936644328726
0.005379085826494183
0.00538867073758618
0.0053928598446209884
0.005391643958450537
0.005348994859058247
0.005304635086764994
0.00527038509566656
0.005289517334740948
0.005264766368632691
0.005226117709050883
0.005239542822157324
0.005225677013962944
0.00523388714949968
0.005223792853370662
0.00516538821354371
0.005183916724201777
0.005217172553936403
0.005164352712314402
0.005119764200157341
0.005191748218847595
0.005139645725508034
0.005070575838029184
0.005074632755678284
0.005110101124529776
0.005096443285834766
0.005046968595899618
0.005059166042058095
0.005062044269424428
0.005061505807236934
0.005038193032222599
0.005029384457123199
0.0049525735156946285
0.004993272351792407
0.00499619565136786
0.004940458274486749
0.00492352326020721
0.00496215909869449
0.0049299142569244605
0.004911847995796939
0.004945597765941503
0.004905907502613697
0.0048829088512929615
0.004872093520475025
0.004875855760298247
0.004784911011914376
0.004817982568953784
0.004832075730920336
0.004838358023190474
0.004857309070848052
0.00477182712484263
0.004821990767391172
0.004761509070425195
0.004756175335243038
0.0047270554588095546
0.004701577352082133
0.004696189892430928
0.004691197073730202
0.004641873379057957
0.004657273838425337
0.004692628766513056
0.004613956885322107
0.004625522975559312
0.004619622517805217
0.004648905534335591
0.004596839836092574
0.00455356262093796
0.004559208406429396
0.004538728929426035
0.0044925437497209866
0.004559474195993124
0.004575623111664289
0.004550065140914879
0.004501811756347807
0.004486707965102676
0.0044655399396345144
0.00443275152127182
0.004458728360650307
0.004448561236440749
0.004421040793309884
0.00443714985981017
0.004397895652858754
0.00431629452568024
0.004387192149353156
0.0044369438940420145
0.004397493150360446
0.004384359578615345
0.004332847260800463
0.004319011879594105
0.004273824174396175
0.004326726402923283
0.004315756083454148
0.004282509022231703
0.004229371403536689
0.00427906597101251
0.0042213250870171025
0.004245819956167219
0.004196781771978545
0.0042813369180180385
0.004172566558632316
0.0042257987114282134
0.00420658601392068
0.004135959025837608
0.004145767189005755
0.004162906684918645
0.0041290205633253
0.004151728145479233
0.004109090985537109
0.0041107152902400265
0.004075631549230589
0.004050813754013352
0.0040402594871227345
0.004056222227135196
0.0040198181042333005
0.004036666845546301
0.0039972565100112305
0.0039797127472249475
0.003952453654700033
0.0040026776156936806
0.003936588612577609
0.003960090681821774
0.0039175074521447485
0.0039407262081706355
0.003908704279620139
0.0039211814331551595
0.003917704360192021
0.0038512485701801312
0.0038524556729573516
0.003768388624367663
0.0038771503751306386
0.0038185345843428507
0.003806021725270243
0.0038514394226782534
0.003807799961503512
0.0037954603250959363
0.0037678144757920034
0.003756393390506037
0.0037628126970468707
0.003739279374153293
0.0036976041745380955
0.0037828003097139956
0.003715450720910895
0.003733073162571338
0.0036694545807732268
0.0036875854462593443
0.00368422551281453
0.0036345464736483053
0.0036333045273624557
0.003603086664729474
0.0036400242806571654
0.0035993186313885667
0.003622409380064974
0.003593853979862841
0.003604064217843532
0.003534916466589043
0.0035628474231746902
0.0035229665663348278
0.0034963210749045007
0.003531805499111008
0.00352436516885266
0.0034582198322909894
0.0034284960883265393
0.003438167983636172
0.003477254481160116
0.003460371742766992
0.003418562659073865
0.0033745086675317465
0.0033785088882403286
0.0033801687174035678
0.003375616429896489
0.0033718721382873873
0.0033242988323367675
0.0033247762831620344
0.0033092959185316915
0.0033416118498229485
0.003325460489131255
0.0032567959367746668
0.003259806221523684
0.0032524053957801334
0.0032115929571233334
0.00317953101738696
0.003169905265867637
0.0032246005279230033
0.0031778855991316207
0.0031677101475051984
0.0031495117344992997
0.003165105617374668
0.003114125022579535
0.0031096007546051476
0.0030779529832548574
0.00314141930551606
0.0030833426795939724
0.003077772384853361
0.003067051075124773
0.0030679988691590613
0.0030240811336902946
0.0030262031761172253
0.0030178001863446014
0.003009032354658166
0.002970882602828102
0.002955330445745518
0.002979775510221242
0.0029184841997987555
0.002944612297310412
0.002945454993923915
0.0028970022670353856
0.002886619504497147
0.0028970862013659093
0.0028536774621565116
0.0028610817037391886
0.002841567022270702
0.0028721630880508713
0.002833456135461329
0.002813023618208406
0.0027468176000235763
0.002777870648544899
0.0027637781841672476
0.0027650705010606362
0.0027585254305074296
0.0027159882286235263
0.0026811542898037746
0.0027018196413918405
0.002707327380455355
0.002672209924688873
0.002622342828804975
0.0026523885291812226
0.0026313960395242604
0.0025919068687205804
0.002613548365885585
0.0025801352685754894
0.00255485556217655
0.002531222052249022
0.00251430610299696
0.0025324032721318864
0.002510033086089113
0.002487680624005288
0.0024683529505292534
0.002430544401829918
0.0024032728846082973
0.0024566814264398358
0.0023909122200411097
0.002410002168026252
0.0023872956389428845
0.0023986832518859465
0.0023337056046021476
0.0023426773192579534
0.0023549755030287654
0.002318129909572821
0.002307660118904483
0.002257964369689166
0.002267404026020116
0.00224993763439144
0.0022408206687609903
0.002236104119280725
0.0021897159826595866
0.00217427925863597
0.002155827055658718
0.002150369568657775
0.0021347989378130944
0.002127255338892305
0.002104281559468911
0.0020655032253903208
0.002054620798025297
0.002066048050586245
0.0020352391670039878
0.002009871987976109
0.001999159755923393
0.0019901099641430778
0.0019535535365132603
0.001934684095907521
0.001942158924160518
0.00188491994721193
0.0019033763332736411
0.0018624409849976758
0.0018698764873163324
0.0018265535873406916
0.0018351681188372151
0.0018083782929006003
0.0017924339029572812
0.001777865451710444
0.0017700106066229186
0.0017380485133341988
0.0017364717793999544
0.0016954318730708854
0.0016848807412363574
0.0016703185444086877
0.0016483377073973746
0.0016154954362193673
0.0015957544100034635
0.0015680288204135786
0.0015624802143420057
0.0015635757695961756
0.0015127646724485795
0.0015072550638510092
0.00146829610452945
0.0014748301044678514
0.0014478281270534049
0.0014165493179525265
0.0013887636629062756
0.001373627074055246
0.0013401308250979547
0.0013164023793970142
0.0012937944724038053
0.0012724805791758716
0.0012628932796951264
0.0012333246407885009
0.0011910062169191672
0.0011803604331077318
0.0011512975299290272
0.0011190203803154908
0.001098623142510538
0.0010520486382885063
0.0010465839110346217
0.0010179444761704037
0.0009806175170159102
0.0009355297110144024
0.0009176839943330567
0.0008837922944407951
0.0008430163991998489
0.0008095715911038398
0.0007746338455506065
0.0007348747232320899
0.0006920428720378522
0.0006388878454448723
0.0005977926468758422
0.0005438526300771374
0.0004921408051339502
0.0004156231861289422
0.00034174998166922044
0.00024090810115770997
2.2687700206427056e-16
