0.6019306844585165
0.6017584578873004
0.6017395800621058
0.6018079968030888
0.6017384625563965
0.6018171120410541
0.6018183133177765
0.6018045290508643
0.6017763735989705
0.6017891417492498
0.6018882012667579
0.601804965997738
0.6018395313235616
0.6017923555771395
0.6017800263656607
0.6018246052719846
0.6018360637438607
0.6017796364712088
0.6017958843237419
0.6018322999064473
0.6017927224985681
0.6018052326192673
0.6018255627278221
0.6018094911274648
0.6017949277367106
0.6017929137432054
0.601796537869742
0.6018296625492774
0.6018208140854612
0.6018394844028471
0.6018310060115842
0.6017548342932443
0.6018202539595716
0.6017674652521923
0.6017912634137133
0.6017818477433575
0.6017916748043108
0.6017977729317392
0.6018108384760603
0.6017918824590791
0.6018087029851168
0.6017952600493472
0.6018150971887991
0.6018234517007459
0.601799165574824
0.6017788369621303
0.6018411275311005
0.6018288377324703
0.601791773877382
0.6017978368003954
0.6018026399074883
0.6017855932095714
0.6017846993450728
0.6018011804854723
0.6017767427955454
0.6018043373785508
0.6018032696639994
0.6017909813811569
0.6017844628480471
0.6017696831141895
0.6017962610508697
0.6018254852457818
0.6018223662943084
0.6018268050340209
0.6018146205196836
0.6017967999363958
0.6018247789750958
0.601798395221176
0.6017984762793883
0.6018033795648798
0.6018010285487162
0.6017959976197779
0.6018108188234964
0.6017956734393011
0.6017923959258666
0.6017674726328354
0.6018172864112339
0.6017879560463723
0.6018073275572324
0.6018205702326683
0.6017929578566709
0.6018047308774125
0.6018031287867563
0.6017857835261753
0.6018076035769654
0.6017950018210247
0.601774701296804
0.6018196324145698
0.6018288981338795
0.6018106334618275
0.6017951224599684
0.6017904720084607
0.6018165011911013
0.6017956158278595
0.6018270352148174
0.6018386312581908
0.6017891933415264
0.6018057912400736
0.6017917183507276
0.6017948700629194
0.6017764152431543
0.6018022230837068
0.6018037434408636
0.6018125344647837
0.6018179551389663
0.60178820823567
0.6017901524230729
0.6018350216765981
0.6018081711200517
0.6018032967820794
0.6018126106856642
0.6017953432361164
0.6018171598683806
0.6018015316164388
0.6018017335622395
0.6017917664052121
0.6017945852026433
0.6018091058190148
0.6018216584391448
0.6018098294248914
0.6018036732060674
0.6017838600038093
0.6018033854785346
0.6018213900122793
0.6018046254192227
0.6017865853873758
0.601795085959517
0.6018103469234137
0.6017999462408977
0.6018128511680769
0.6018090582901995
0.6017986834325543
0.6018127465770562
0.6017969254787499
0.6018179187700801
0.601811044972312
0.6018007163748534
0.6018100891415976
0.6018064328729393
0.60180122187601
0.6017917864694006
0.6018032408822872
0.601819542404208
0.6018021338437523
0.6018134866685269
0.6017780717928657
0.6017981736243697
0.6018121340109179
0.6018093103830264
0.601825012113951
0.6017906543846764
0.6018205867455256
0.601798101899152
0.6017959782968688
0.6018316458691958
0.6017881731994587
0.6017757167823107
0.6017933390330868
0.6018053586299664
0.6017993866186607
0.60180782541469
0.6017863664142855
0.601811461377662
0.601780956421225
0.6018096804833991
0.6017903098041859
0.6017977160889165
0.6018007553647854
0.6017998208621995
0.601807893583564
0.6017981199261241
0.6018064925370037
0.601809956039441
0.6018033394042599
0.6018030649441712
0.6017947850924528
0.6017980470744436
0.601794829897763
0.6017793359942175
0.6017948944313821
0.6018071977542487
0.6018094393254869
0.6018032344103916
0.6018016918477735
0.6017928094574613
0.6018140001866773
0.6017876467894696
0.6018152647618157
0.6018057899614789
0.6017765675235787
0.6017965292725616
0.6017827937287102
0.6018066070247786
0.6017953698953764
0.6017979572349369
0.6017938951332779
0.6018052762090983
0.6018061638898373
0.6017962535246167
0.6017904025453801
0.6018009570752932
0.6018000174083802
0.60180314380062
0.6018018067355769
0.6018131615894202
0.6017981304689243
0.6018065906097765
0.6018042092519433
0.6017911486273145
0.6017985376241956
0.6017833246122308
0.6017950993504708
0.6017904939563549
0.6018051601719387
0.601795504784252
0.6017910397295205
0.6017959440915339
0.6017986148976862
0.6017989666635123
0.6017822392415956
0.6017725931649612
0.6018063440140586
0.6017931334433441
0.6017960574539524
0.6018032776429333
0.6017863244038306
0.6018061627230321
0.6018115278917662
0.6017991787405176
0.6017938389525591
0.6018123239486791
0.6017853834353406
0.6017931037956401
0.6018066467619371
0.6017952649378356
0.6017919616369227
0.601802504208808
0.6018099064370256
0.6017929723930214
0.6017957506119014
0.6018065687453642
0.6017898978119497
0.6018011146734656
0.6018198334388036
0.6018042400701041
0.6017947571082777
0.6017963293889266
0.6018000890152172
0.6017994481382856
0.6018134498478345
0.6017935043371363
0.6018025632848549
0.6017980484626684
0.6017960474396398
0.6018053881586543
0.6017978501489113
0.6018097611524734
0.6017914201676949
0.60179622809359
0.6017948494605293
0.601798496133047
0.6018029519980231
0.6017985420092584
0.6017896433830988
0.6018029375165167
0.6018034157000411
0.6018099536757271
0.6017982220123087
0.6018165882838777
0.6017920428096826
0.6018011425087465
0.6018058027485783
0.601795321765847
0.6018020327932746
0.60179733223235
0.6017924223121955
0.6018093907165348
0.6017879955927752
0.601794517109191
0.6017939498788734
0.601791978319102
0.601806349475256
0.6017914475821547
0.6017976778555256
0.6018084971999146
0.6018064812288428
0.6018065334434155
0.6017884097156505
0.6017956652904126
0.601807256814933
0.6017875881119302
0.6018066850428513
0.6017970842164408
0.6017929163012569
0.6018143185748249
0.6017970855090083
0.6018026526949901
0.6018037259994149
0.6017939049061927
0.6018146109560915
0.601798094185748
0.6018048708713922
0.6017920591359791
0.6017969918790012
0.6018056677902971
0.6017884017173899
0.6017815166421766
0.6017970537818695
0.6017931666190509
0.601804968251192
0.6018135521545237
0.6017922478762592
0.601817789318687
0.6017990554042076
0.6017888357679138
0.6018061949707109
0.6017985169665792
0.601797452823203
0.6017957979538889
0.6018055716719942
0.6018026034629405
0.6018020414438704
0.6017952550661967
0.6018046225977416
0.6018066275105496
0.601800355243615
0.6017980802222117
0.6018015998547442
0.6018024033632264
0.6018052092831949
0.6017996691062428
0.60178619364021
0.6018036623703614
0.6018117278012697
0.6018002786360268
0.6018083933549375
0.6018019070541059
0.6018065946790886
0.6017949409987295
0.6018004479223898
0.6018068653318501
0.6017982676448587
0.6018010319641536
0.6018012782678318
0.6017953936074913
0.6017915288515379
0.601793073656297
0.6017984366314311
0.6018022591321398
0.6018025201288637
0.6017978704992863
0.6018094531011091
0.6017988316832705
0.6018024001399733
0.6018046224273963
0.6017995049836081
0.6017916091205919
0.6017951484104673
0.6018073018939646
0.6017989112352257
0.6018011969563349
0.6018041973920752
0.6018026866055022
0.601799769144585
0.6018031454425907
0.6017870856205448
0.6018062768786258
0.6018098948558609
0.6018010681101474
0.6018037824923426
0.6017962334592938
0.6018012684569365
0.6018127059185181
0.6018082940153457
0.6017847404499904
0.6018003250482042
0.60180192349755
0.6018087191460736
0.6017974125561133
0.6018006878697921
0.6017977935826724
0.6018110045929519
0.6018047428256063
0.6018025301629887
0.6018103210227727
0.601798278612868
0.6017956245684112
0.6018072521357289
0.6018024001333427
0.6017887821457573
0.6017968270424908
0.6017911048923958
0.6017974250457774
0.6018076365286311
0.6018002725657475
0.6018045290033736
0.6018066094386312
0.60179881812466
0.601795321638327
0.6017917597335556
0.6017949166805443
0.6017947382432619
0.6018011054496576
0.6018019249478351
0.6017935391035965
0.601812190386763
0.6017886077080082
0.6017921541856965
0.6017933191238788
0.6018084647171383
0.6017963526910813
0.6017992910450101
0.6018004440299375
0.6018066019452579
0.6017946615162549
0.6018012128296285
0.6017981412322162
0.6018012189692024
0.6017957608503912
0.601798616942721
0.6018006564289314
0.6018063607348672
0.6018041702534097
0.6017952510529953
0.601802097343932
0.6018003041845903
0.6017985326411728
0.6018093257635896
0.6018022812362701
0.6017971934061161
0.601799609623969
0.6018024911758486
0.601807301903773
0.6017998544556556
0.6017934170393668
0.6017904421783378
0.6017990494689548
0.6018024846740367
0.6017968250229382
0.6018047479216407
0.6018041151294278
0.6018045172654649
0.6018098957330209
0.6017959391513787
0.6017985939633825
0.6018001091984758
0.6018019905097499
0.601793402605443
0.6017980331678716
0.6018014776046794
0.601795272114623
0.6018043521006874
0.6018058340516214
0.6017991227216781
0.6018091551061381
0.6018044357067102
0.6017992789114244
0.6017959542266159
0.601801133238199
0.6018034204683379
0.6017965265966904
0.6018076824116626
0.6017980875958511
0.6018018140932262
0.6017942171072301
0.6017964113580987
0.6018001319922971
0.6017961718885922
0.6017945328816838
0.6017982968872198
0.6017995974729738
0.6017927007904491
0.6018140550816943
0.6017912786155323
0.6018014355796952
0.6018017732528768
0.60179728165655
0.6017936817642778
0.6018044094861161
0.6018024588800579
0.6017903767260652
0.6018049549922707
0.6018026347929406
0.6017997190566495
0.601795712354225
0.6018069435663616
0.6017998430449092
0.6017981731592353
0.6018017847427211
0.6018023999724014
0.6018043335521225
0.6018049740894046
0.6017967956894662
0.6018003214142472
0.6018028881344574
0.6017977847111461
0.6018003441248716
0.6018070817633722
0.6017955139337284
0.6017952117710164
0.6017948811642442
0.6017901112951659
0.6018027774053419
0.6017996061196426
0.6018025426432696
0.6018048587419113
0.6017979707402322
0.6017929161168074
0.6017990966427986
0.6018023536796118
0.6017965437579648
0.6018024427050508
0.6017990727277698
0.6018060305756935
0.6018019039537551
0.6018000446055348
0.6018007744540608
0.6017898971200873
0.6017946228213206
0.6017918675711351
0.6018038990295336
0.6018039335723598
0.6017976448142739
0.6018002003613563
0.6017912086805992
0.6018020239945202
0.6017985598607631
0.6017982019935296
0.6018039790806946
0.6018014310421671
0.60179676437009
0.6018050141891841
0.6017965845568611
0.6017944097941458
0.6017951561336836
0.6018026662913406
0.601803587352738
0.6018049157658392
0.6017990041001869
0.6017907246740309
0.6018081864261334
0.601802072631875
0.6017970560479067
0.6017959049685327
0.6017966918551708
0.60180477289875
0.6017972956746447
0.6018024766913224
0.60179850622297
0.601796039213656
0.6018022944780683
0.6017994799026563
0.6017967870065065
0.6017991938107996
0.6017989434759831
0.60180322115848
0.6018024845284328
0.60180806169701
0.6017986216708234
0.6017914743402641
0.601801651361496
0.6017967462632008
0.6017982201835943
0.60179766739045
0.6017970095015212
0.6018070427697914
0.6018012382038966
0.6017979100584077
0.6018032115326077
0.6018008996198062
0.6018001737311556
0.6018010121927853
0.6018000403005915
0.6017987511682984
0.6017976603296824
0.6018016512956468
0.6017996859881887
0.6018031746708481
0.601802855890931
0.6018009409739992
0.6017990041424347
0.6017955899276767
0.6017946994752985
0.6018010995108951
0.6018025057688977
0.6018112620789898
0.6018006214835104
0.6017973840574088
0.6017998630059351
0.6017970654422755
0.6017981704644748
0.6017987389175149
0.60179752103439
0.6017961365553424
0.6018016627931315
0.6017996494100604
0.6018037051853101
0.6017923151944659
0.6017962571966938
0.6018017888067082
0.6018002736959974
0.6017978783734516
0.6017975662574016
0.6017999122412008
0.6017960589538272
0.6018074342580638
0.6018075674815564
0.6017936688302895
0.6017981435244899
0.6018045061570824
0.6018008794703781
0.6017961252991381
0.6017967911831904
0.6017965894638757
0.6017975932971202
0.6018045391195507
0.6018002466799662
0.6017971151039024
0.6017917599943206
0.6017993708092496
0.6017952694495398
0.6017927920473317
0.6018063310005968
0.6018018962129505
0.601797974921536
0.6017988150774641
0.6018003666889173
0.6017997589267404
0.6018024228064672
0.6018026699727184
0.6017963648419552
0.6017957512948537
0.6017972414511207
0.6017991392523494
0.6017970250435649
0.6017971841913758
0.6018014930225547
0.6018018903660465
0.6018037621193841
0.6017943373129261
0.6017914303716251
0.6017972188310099
0.6017975934335844
0.6018055032039066
0.6018005599307368
0.6018023452859167
0.601804117651027
0.6017969198428352
0.6017982107773044
0.601798575696854
0.6017980127459396
0.6018043274196248
0.6017987145221442
0.601798063471639
0.6018016483983077
0.6018013286290396
0.6018021986810765
0.6018010020728571
0.6017998744200902
0.6017996765252922
0.6017916425136144
0.6018007648128896
0.6017933912666673
0.6018011940143219
0.6017927169870693
0.6018016665879012
0.6018021139882771
0.6017979084284736
0.6018003568430134
0.6017975691176031
0.6018010070889245
0.601803037228614
0.6017980031722755
0.6017970194820907
0.6017970063356506
0.6018052991578767
0.6018087119677127
0.6018008805191922
0.6017993429478673
0.6018096399103828
0.6017977016869104
0.6017988272387444
0.601803481923503
0.6018013173381874
0.6018013724212169
0.6018038187613374
0.6017996997756251
0.6018026240384468
0.6017928124549041
0.6017924508252865
0.6017996233387645
0.601804915231185
0.601800017099073
0.6018028738864581
0.6017964307876209
0.6018050613293703
0.6017952712453849
0.6018065110003423
0.6018032484776684
0.601798733461882
0.6018050767141256
0.6017994504733363
0.601795972491029
0.6017971718134877
0.60180038102957
0.601800833785046
0.6017979729150614
0.6018078120000575
0.6018045053134728
0.6017984274468505
0.6018013772067545
0.6018020361431763
0.6018025034108848
0.6017972188293983
0.6018006939627436
0.6017995114730498
0.601795743872185
0.601803369024255
0.6017959010948235
0.6017985012491701
0.6018005478857819
0.6017964608743752
0.6018002409668347
0.6018002193700089
0.6017996935741914
0.6017995972527523
0.6018028832518129
0.6018041680113723
0.6017981293886123
0.6017960301803061
0.6017968214350993
0.6018001917778752
0.6017998394769651
0.6018029467921218
0.6018024790908759
0.6017948356952924
0.6017978521346484
0.6018072265810659
0.601795973774705
0.6017988831893796
0.6018038857921403
0.6017976496158479
0.6017979812855825
0.6017994343234359
0.6018015179903666
0.6017996420886005
0.6018003492216856
0.6017976788843448
0.6017984037244578
0.6018015198876047
0.6017994105963238
0.6017970317263978
0.6018032497662814
0.601794168347107
0.6017996147024108
0.6017963382728976
0.6017999479690076
0.6018006949586546
0.6017980437276216
0.6017977121723489
0.6017984596774105
0.6017958243863558
0.6018064443918751
0.6017983793835223
0.6018020323885397
0.6017985923237761
0.6018019504400579
0.6018011367479658
0.6017962346676686
0.6018041833869026
0.601802894422012
0.6018039507691632
0.6017968640421015
0.6017972119376135
0.6017962635107239
0.6017980956459228
0.6018014953476589
0.6018006683940293
0.6017947025340546
0.6018014906551792
0.6018041979266368
0.6018029877920164
0.6017993922252775
0.6018017072868941
0.6018000796175058
0.6018023542918217
0.60180585370267
0.601803604351474
0.6017993726697978
0.6017975875455681
0.6017987422861119
0.6017974157965249
0.6018001128066343
0.601803430070576
0.6018003924238613
0.6017994675351906
0.6018012917870962
0.6017965586784781
0.6017989343586613
0.6018009496753393
0.6017952790532307
0.6017996852940598
0.601799884037492
0.6018002654395553
0.6017999507873532
0.6017977642537667
0.6018018842522525
0.6018010173558632
0.6018030228052982
0.6018006514645496
0.6017968320876397
0.6017980463854171
0.6018002273858283
0.6017950431062941
0.6018015507101234
0.6017981674011691
0.6018043272565912
0.6018006649706754
0.6017962156142714
0.6017930866673036
0.6018001897291163
0.6017987575643187
0.6017962213256419
0.6018013834279704
0.6017946499737455
0.6018005012266593
0.6018000186148811
0.6018000399546836
0.6017980101393848
0.6018016205475464
0.6017970684766162
0.6018000583370479
0.6018023146426335
0.601799193765326
0.6018011045243877
0.6017973697126426
0.6017995572055685
0.6017977239229665
0.6018018839417298
0.6017972835977902
0.6017988693365663
0.6018000408917337
0.6017979582429894
0.6017995191024744
0.6017981859007776
0.601799709142679
0.6017972194263266
0.6017974577897337
0.6017998658359712
0.6018014335429419
0.6018025987079894
0.6017994577920548
0.6018000571831349
0.6017979938050093
0.601800929912541
0.6018057739038253
0.6017947551767268
0.6017972548331643
0.6017976831790214
0.6017999454795999
0.6017983983217243
0.6018002207400434
0.6017955457052884
0.6017985560099627
0.6018012570578872
0.6017978655720004
0.6018018517528065
0.6018007203078617
0.6017965244561245
0.601797010571198
0.6018024960849758
0.6017952866345421
0.601798024800052
0.6018014550893853
0.6018013999623024
0.6017992393311044
0.6017983675701816
0.6017983812068897
0.6017980125986333
0.6018003025124128
0.6017983488846618
0.6017982697887603
0.6017986300735177
0.601797804125374
0.6017979755388123
0.6018000443089357
0.6017972646786262
0.6017995248095853
0.601796790732858
0.6017990723008361
0.6018001560167536
0.6017984523805295
0.6018026229248744
0.6018001332435742
0.6017973424392756
0.6017990489023988
0.6018002481408946
0.6018015258667423
0.6017987992170413
0.601800408247421
0.6017990200591457
0.6018027759112942
0.6018009716123764
0.6017999476264986
0.6018006645045741
0.6018020935302553
0.6017988442849542
0.6018005347276456
0.6017996101358909
0.6018005440256649
0.6017995166271387
0.6018009323106573
0.6017988433134934
0.6018005534818855
0.6018012882476225
0.6018002634846605
0.6017985224588537
0.6018004412767121
0.601801503255294
0.601800249735842
0.6017975401710522
0.601798960693458
0.601800518704834
0.6017987993622816
0.6017989570278776
0.6017987782595526
0.6017999744831819
0.6017995358055951
0.6018013052451986
0.6017987494327889
0.601799172632899
0.6017981651358123
0.6017997135530359
0.6017990210491976
0.6017977257157187
0.6018006997669603
0.6017992178134265
0.6018002484422523
0.6017989525991909
0.6018009030424096
0.6018009779997278
0.6017986370865998
0.6017986317178056
0.6017990415229904
0.6017990649446249
0.6017994206147361
0.6017996248947586
0.6017974647593812
0.6018002371752785
0.6017986498685163
0.6018010029367381
0.60180159345974
0.6017996866331852
0.601799882960284
0.6017991137510958
0.6017996061669493
0.6017990262064284
0.6017996446511535
0.6018002776668776
0.6018001854603221
0.6018009308597235
0.6017996502543088
0.6017990389283671
0.6017981912315596
0.6018004398763143
0.6017992572719666
0.601800577804472
0.6017982552732262
0.6017994450084378
0.6017978877368896
0.6017992286370863
0.601801136481778
0.6017987167039831
0.6017991373562193
0.601800387289056
0.601801028356802
0.6017994751059292
0.6018004982128381
0.601800029052156
0.6017994144772171
0.6018011658469749
0.6018003392511949
0.6018001230164962
0.6017996589492021
0.6017992364849756
0.6018006780667247
0.6017992380822865
0.6017995486450586
0.601799350187352
0.6017992622666205
0.601800332567406
0.6018002739834141
0.6017997991784529
0.6017994601613429
0.6017994895151515
0.6017991702076443
0.6017999517368409
0.6018000529897733
0.6017998352811843
0.6017997678514171
