2.5681997876441964
2.5685900686427696
2.5665488942508565
2.5692960728067744
2.566023253534351
2.567013096401817
2.565932680814916
2.5665946901437473
2.5670521031029674
2.5680843675546203
2.5668260238924394
2.567689614891349
2.567832237073465
2.5669233023859577
2.5678493621401715
2.567558183490026
2.5671494370852677
2.5674402324432326
2.5675070244020777
2.5674169324255063
2.567114165348506
2.567872722299586
2.5672892163117993
2.5674989791705993
2.568035652368382
2.567232727244476
2.5676082589005738
2.5675820673113505
2.5670495558800104
2.5669564691089923
2.5667638178707715
2.5677774119767722
2.5672555604313962
2.5676651468575344
2.566963098535344
2.56757487229952
2.5673721034871844
2.567880330707793
2.5675715131082506
2.567271589636253
2.567387559123685
2.567146552887589
2.5676771350411296
2.56727688080948
2.567667321561772
2.5668123855003318
2.567097685235944
2.567244342705677
2.5672864427487783
2.5673834639499957
2.567415565671625
2.567356821179558
2.5671845707365364
2.5676904898622888
2.567446664718775
2.567612615578464
2.567013986842562
2.5673251953550693
2.5678779227947386
2.567551100870387
2.567192868309402
2.5677681455944454
2.567392526167902
2.5677523302495158
2.5676146740530785
2.567282066513151
2.5672398206852347
2.5674025525659943
2.5676216311756894
2.5674395042616016
2.567466292498431
2.5674166636646594
2.5673551638057472
2.5672397132779237
2.567530418738491
2.567201777298813
2.567272172209304
2.56764894354236
2.5674628202180014
2.5672671452399918
2.5672090939605012
2.5672728832048373
2.5674456003020727
2.5674066859300764
2.567415788987711
2.567515428724021
2.5672770801708076
2.567502862953128
2.5675027698591677
2.567772714578143
2.567369610821684
2.5674858846787174
2.567417862958608
2.5671348392397406
2.5676436772216102
2.567783829506289
2.5672538572084163
2.56734931346145
2.56734714491887
2.5676052251573123
2.5675677123091205
2.5675048906828715
2.567411131844886
2.567661533008292
2.5675823124880495
2.5672850304068398
2.5672910729058507
2.567548513851446
2.5672906760700367
2.5675146349690015
2.5671512614737693
2.5674529531070274
2.567333524183586
2.567785766607246
2.567758406515538
2.567118605341519
2.5677086288229423
2.567527566619559
2.5673322904864153
2.5673021471735193
2.5673286713392125
2.5673110062729103
2.567416313399689
2.5676698225103163
2.5674156330523474
2.5673859386562685
2.5675679658145887
2.56748390644574
2.5674919731134485
2.567514903458303
2.567334168332981
2.5675946075968765
2.5675082383377017
2.5673886096470735
2.567249244505294
2.567456637345133
2.5676537692339716
2.5674812157286144
2.567528310079851
2.5673902694709794
2.5674921841576035
2.567632421442175
2.5676047822844716
2.567835147622668
2.5674330362517566
2.5672103727027844
2.5673831663209086
2.567433811379939
2.5675047081138955
2.5675068714509153
2.5674754711783496
2.5676380219812023
2.5673816109005196
2.5672844701986004
2.567439466167942
2.5675896684602395
2.5673351497699777
2.5674140040525626
2.5675331571664777
2.5676373790365914
2.5677309965271315
2.5675755342781015
2.567513905858212
2.5674972172163835
2.5674191145028122
2.567606470922309
2.56771138681526
2.567436707251828
2.567618128971647
2.567324699587412
2.567530527112336
2.567617676920905
2.5674196748639346
2.567638551017481
2.567276240023782
2.5674175496745955
2.5675013257307353
2.567413216899883
2.567633402039649
2.5675835838673224
2.567495624191707
2.5674050477706767
2.567365121923795
2.567581291248407
2.567347620062235
2.5675757719296404
2.5674507996186033
2.5674719891735567
2.5672968682206583
2.567455103253345
2.5674953124681124
2.567369118892787
2.567471603122509
2.567393363338397
2.567658896632029
2.5672477874078825
2.567500205711838
2.567232895247995
2.5674370585280006
2.567308667455701
2.567547332516996
2.567609553370213
2.5673752546866324
2.5674091090965026
2.56729369352708
2.567439346816412
2.5673351419365966
2.567306540993931
2.5674124668709597
2.5673979519753822
2.567402582516752
2.5673907482264475
2.567243731737087
2.567550740612888
2.5675138581711545
2.5674252942764406
2.5674209409473656
2.5675088785064504
2.567465475445681
2.5673381939403623
2.567217503250808
2.5671970094481154
2.567519529126392
2.567565016297963
2.567585417323963
2.5673776288276406
2.5674238960804674
2.5676758188726057
2.5675013207419464
2.5674886470577647
2.5674857388676062
2.5673951225739864
2.567403531300007
2.5675137850119096
2.5675198698842374
2.5674816405715917
2.567506042730581
2.5674952059954785
2.5675600820780846
2.5673677656484366
2.5673438451979087
2.5676295954550534
2.56732970154638
2.5676378242396964
2.567579486771228
2.567399496488957
2.5673978122678878
2.567192129830353
2.567324333623105
2.567394108906963
2.567621398767184
2.567492462786852
2.5674572559006923
2.5673376045354748
2.5674504009005403
2.5673768791220946
2.567430254753237
2.5673571058623725
2.5674337888361034
2.5675755411318057
2.5673884622240477
2.567439894089834
2.5673262612945407
2.5675224983412854
2.567368561317402
2.5673932347623545
2.5674311782551458
2.567377188889085
2.567549200307641
2.5674043747930777
2.5675404992958706
2.5673485938206206
2.567679197011884
2.567487997664322
2.5672677945909745
2.56724880452298
2.5676428248868475
2.567224203924415
2.5674239640911978
2.5674049499624116
2.5674437133923935
2.5675200064398256
2.5673941018168707
2.567400975805531
2.567621368537776
2.567436187516861
2.5674398664507594
2.567427956056998
2.5675861764548897
2.5672662491976466
2.567372461551585
2.5674155431539822
2.5673413767131197
2.5673894145734564
2.567544115705139
2.567488306297291
2.5675835790072363
2.5675144685385543
2.567479453746568
2.5674591273176675
2.567396690225179
2.567245210319953
2.567456683727367
2.5673711296907435
2.567339049132543
2.5676484280493375
2.5674311060006874
2.5674609343220283
2.5674593709672555
2.5674422947579885
2.5673478314098896
2.5674392547246017
2.5674920122340397
2.5674573076177696
2.5674563943335174
2.5674531207449864
2.5674981997102115
2.567498520189062
2.567435659938369
2.567568983638783
2.5673743927197044
2.5674425083359114
2.567315620784344
2.5673933539063847
2.5673660521118133
2.5674750419228145
2.567537836461359
2.5675173519362526
2.567698522384379
2.567383379783914
2.5674195768526946
2.567513724884208
2.5673994790404993
2.5674699425740117
2.567414318332107
2.5674165885250053
2.567529264991861
2.567592809143955
2.567392810262118
2.5673357262289764
2.567423375611518
2.5673910897810552
2.567533208357209
2.567471104728417
2.5675004961752705
2.567563105997638
2.5674516438648287
2.5674332064802896
2.567537835807886
2.5674540430567903
2.5674912334856397
2.5674711202784772
2.567472989518121
2.5673924040451266
2.5674703265539436
2.5677067067589108
2.5675342018133955
2.5674669488990025
2.567389004094113
2.5673691702149504
2.567382178659557
2.567556190638441
2.5673989870821288
2.5675461065576806
2.56735228147971
2.567485123584631
2.567408484338222
2.5676135271939513
2.567407470640665
2.5674575388784704
2.5673823238325304
2.5674736624292107
2.5674098973362334
2.5675180144526633
2.567382989408011
2.5674131040189976
2.567552871730047
2.5672582586981885
2.5675135850227098
2.5673922276670313
2.5674526435839535
2.5674135661391335
2.5674374734370815
2.5675737058467294
2.5674496750282096
2.5673801943257817
2.56750090072833
2.5675694813246084
2.567455841900504
2.567449765337393
2.5674430569609106
2.567456536060358
2.5673659957227932
2.567405586868162
2.5676438399698855
2.5675400477902097
2.567512891731389
2.567257121352725
2.5675010417886575
2.567414777966811
2.5673652418659416
2.5674903294048437
2.5675470265815434
2.5673818837892686
2.567559145035054
2.567491538540524
2.5673958632182674
2.567471379328167
2.5674565809198464
2.567424447825223
2.5673994785432797
2.5674608172507956
2.5674710360003963
2.567546747086563
2.5674194621247466
2.5675072379288313
2.567404713391892
2.5674248735734904
2.567585005950457
2.5674305986626003
2.5673114228789804
2.5673801632082234
2.5673201103880916
2.5674349942235306
2.567423040363954
2.567401096091927
2.5673545849407153
2.567363719957344
2.567539996368061
2.5675390254626813
2.5675125915143164
2.5672824192717942
2.5674791209592542
2.567418617948451
2.567436067684387
2.5674415904203003
2.567464239743702
2.5675011520515696
2.567503258451234
2.5673317513715257
2.5674653595906354
2.567346631745845
2.567599768122525
2.5674173629845134
2.5674351294371793
2.5673997765280876
2.567420852444395
2.5674256221903646
2.567417836002256
2.567397830957546
2.567346054328949
2.5674720432432094
2.567509118548299
2.5674592134273944
2.5674085591394906
2.5675154738756545
2.56749565625831
2.5673679378636383
2.5675102170070963
2.567391958065847
2.567477949472447
2.5673865060169776
2.567435739415906
2.567506780517695
2.5674774820640898
2.5674631429885295
2.5674498092140534
2.567525899025972
2.5673406733938213
2.5675450324522373
2.567451692632811
2.5674699268102024
2.567442393725141
2.567569920410883
2.5674430894415443
2.567403047183394
2.5674696869229896
2.5674428683798474
2.567467104746174
2.5674832385526725
2.5674643372739956
2.5675159952716156
2.567510246559163
2.567497862598664
2.567507997438943
2.5674847283065585
2.5674170705279726
2.567470766779895
2.567471719468202
2.56736689396521
2.567398262348388
2.567494571608448
2.5674623926901856
2.567420221901036
2.567453486517755
2.5673801971193506
2.5674208665456972
2.567415771267384
2.5675039355053593
2.5673807853113297
2.567529676228301
2.5673992401627577
2.567484843056628
2.5675324878033274
2.5674230548795625
2.567455430256984
2.567587182209549
2.5673798128967267
2.5675121983301032
2.5674300467388727
2.56741866062089
2.567465860192511
2.567359898335563
2.567510367631984
2.567590211716458
2.5674371436715284
2.5675636824791224
2.567451025379469
2.567490838885181
2.567442569674064
2.567351717079668
2.567386603253158
2.5675089036654692
2.56743892816769
2.5674556850950925
2.567446064319226
2.567344306747802
2.5672997167280074
2.5675132104020597
2.5674045924824447
2.5675216965105863
2.567381604583318
2.567494106718618
2.5673825632353453
2.567450122174047
2.5674775305330666
2.567467665463743
2.567491282789944
2.5674305733855807
2.5674293682080482
2.5673992634124425
2.567461496952993
2.567492365582261
2.5674383562089282
2.5674010325950776
2.567425714294335
2.567531046149742
2.5673713121002315
2.5675142371380946
2.5675293041975618
2.567421039689596
2.5673267670568465
2.5675703112887414
2.5674987881186935
2.5674554629597814
2.567357170499539
2.5674222582557826
2.567448827687089
2.56741604181515
2.5674821664068306
2.5674712281445737
2.5674496338714814
2.567452254748502
2.5674020029630364
2.5674938237555476
2.567429231641858
2.567578918147234
2.56745769016093
2.5674421324280643
2.5674255248236526
2.567498633795733
2.5674046858321002
2.56745023132379
2.5675015295932555
2.5674938904815607
2.567473217683356
2.56739999985655
2.567373455986387
2.5675128096308084
2.5675068343947385
2.567440325402751
2.5674809129502303
2.567523891517395
2.5674466217869063
2.5674738085605866
2.5674620057657878
2.5674289835236763
2.5675075221354136
2.5674327124966805
2.5674583833585505
2.5674317792579435
2.5673492446608495
2.567477161220808
2.5674456804288357
2.567322339556206
2.567439966722424
2.567366103044289
2.567408772632603
2.567428785655328
2.5674277698423027
2.567519376504637
2.5674123414781898
2.5674055703796776
2.567416503267857
2.5674324068035954
2.5674871562503983
2.5674476159083883
2.567444678552449
2.5673967021940247
2.5674155179082616
2.567429678630513
2.5674710723680683
2.5674975898151557
2.5674446343028285
2.5674486145283364
2.5675465402297974
2.5674596121385633
2.5674619578218647
2.567545207016705
2.5674005179771298
2.56745376411
2.567464238026234
2.567519631211551
2.5675051120099925
2.5674248551378276
2.5674528877991927
2.567515643645691
2.5674759514742886
2.567379143689674
2.5675008308654506
2.5674916070535314
2.5674598962978465
2.5673986412958048
2.5674891037606002
2.5675114075137713
2.5674357931897216
2.567422109892593
2.567478793458903
2.567445971846336
2.5674572013192396
2.5674081160567077
2.5674989431721635
2.567430310443502
2.56742029296964
2.567396525116973
2.5674386750125024
2.567489430457328
2.5674618671142997
2.567490750293946
2.56744890615679
2.5674973361151667
2.567527502048549
2.5674866277417827
2.5675377847915786
2.567498955440391
2.567421498928373
2.5674713426562765
2.567450976304926
2.5674282712915666
2.567487347906133
2.567491135389765
2.56742785091196
2.5675018304642827
2.5674188561049394
2.5674024439358165
2.56748218595761
2.5673902869287013
2.5675014765510955
2.567417631100618
2.56754049667072
2.5674076011989806
2.567397059486802
2.567389406417765
2.567451293063927
2.5673972093473116
2.567484747176745
2.567433321596294
2.5674534999170295
2.567397383893145
2.567425821270283
2.567397318372077
2.567396801069018
2.567451670723226
2.5674718491804405
2.5674200074224816
2.567473945322575
2.567454640257294
2.5674250828521954
2.56745797587419
2.567468111263637
2.567439378207517
2.5674065558971133
2.5674596628902013
2.5674496653050363
2.567433400648136
2.567416397429251
2.567431272600304
2.5675213447371066
2.5674791506796484
2.5674864357962583
2.5673858435986987
2.5674583570147
2.567463837514836
2.5674735943511746
2.567419111503639
2.5673884147764605
2.5674503007096354
2.5675034112529946
2.567454010026746
2.567478034174235
2.567453782841456
2.5675278100609926
2.567467768181342
2.567402166078989
2.567457057062337
2.567465020485512
2.5674819830518607
2.567472547720334
2.5674087482188552
2.567551004627105
2.5674603313575184
2.5675039371149158
2.5674495476519796
2.5673816985921927
2.5674373854299644
2.5674834510079463
2.5674406427429646
2.5674574778742962
2.567508862158796
2.5674676800035376
2.5674164171017737
2.567485254222813
2.567483107649162
2.5674347077026223
2.5674626286540883
2.567525333291012
2.5674427191853435
2.567480339996408
2.5674577656772715
2.567491783934219
2.567478411501312
2.5674541156395083
2.567474434168374
2.56746110523205
2.567513510614677
2.5674933894726366
2.5675110781832795
2.5674275168138
2.567523345502973
2.567508651668346
2.5675154299843763
2.5674489150634883
2.5674293056157786
2.5674876290770663
2.5674293382803737
2.567418136647678
2.567476842233341
2.567496363773764
2.567456901519525
2.567452923565933
2.5674292008310493
2.567456192885014
2.567448161502618
2.567531545049035
2.5674636078597866
2.567491117638387
2.56749369781238
2.567422569474272
2.56742548724271
2.5674827602868175
2.5673995342467033
2.567437169672454
2.56742705859823
2.567469201791029
2.5674584209873306
2.567432945207209
2.567451511083483
2.567457606503762
2.5674720234819532
2.567481360445478
2.5675209219220507
2.56746659025131
2.5674908440697255
2.5674356751302554
2.567466949242392
2.567433178111002
2.5674428456001577
2.5674507219891622
2.5674459783142303
2.56745381442613
2.567464298824331
2.5674293650237554
2.567420858660908
2.5673994649180756
2.567445612482957
2.5673916757260624
2.5674608206103575
2.567479797124218
2.567479847116003
2.567451745565761
2.5674519596080136
2.567486775909776
2.5674897789248163
2.56744559298857
2.56749163487233
2.5674757211889956
2.567454587563379
2.5674912278413338
2.5674203583039534
2.567456959641084
2.5674846819588324
2.5674415913118707
2.5674452026009194
2.567434864999591
2.5674855519213446
2.5674594881761177
2.5673930844189448
2.567496789517647
2.5674377332137146
2.5674409003839176
2.5674280955152895
2.5674681071737075
2.5674088715732664
2.5674651546180103
2.567480952201629
2.567448355560531
2.5674514935641253
2.567444887201052
2.5674275380828204
2.567402303045017
2.567458383821459
2.5674545316076216
2.5674867563711072
2.5674462841259147
2.567444667911409
2.567466320414803
2.5674437620532378
2.5674536849115306
2.5674624592113924
2.567448294100083
2.5674582178124075
2.567414497774266
2.567441129612369
2.5674269869009607
2.567499298202341
2.5674617435353686
2.5673860134619133
2.5674561668488227
2.5674666202036454
2.5674783367921883
2.567433316008611
2.5674682239484166
2.5674853177784107
2.5674571562364035
2.567450814826409
2.567463081661772
2.567488817682315
2.567480278728408
2.5674555930172085
2.5674807078518396
2.5674470578990354
2.5674628221977103
2.5673932906147487
2.5674449986489734
2.5674392017799126
2.567415421054742
2.5674356734611385
2.567479690795296
2.5674579157504724
2.567445596974875
2.5674711079136325
2.567431235241173
2.5674514288095334
2.567468748054287
2.5674844425761703
2.567470472180171
2.56741509258513
2.5674764398508843
2.567445232924313
2.5674374717423145
2.5674556289795314
2.567450122798706
2.5674277946390442
2.5674352869870547
2.5674092948210316
2.56744801285124
2.5674766466988372
2.5674512114675316
2.5674391977572175
2.567421666741515
2.567405508001666
2.56745909173388
2.567456383858031
2.5674855378837833
2.567398987512396
2.567478503272601
2.5674426569133835
2.567486423984607
2.567467429794619
2.567475092473977
2.5674449525139944
2.567425843428715
2.5674663180093504
2.567460854604834
2.567451926118911
2.567442242862429
2.5674913531269246
2.567449390924319
2.5674194220343503
2.567460084478605
2.5674633273941976
2.5674480507839412
2.567474615441102
2.5674661372495784
2.567450364811566
2.5674702094997257
2.567475792936709
2.567431991722659
2.567446868266059
2.56742264567342
2.567442286827362
2.567439083676284
2.5674368374504595
2.5674884234510094
2.5674461678522476
2.567452815562436
2.5674090651135515
2.5674838693454487
2.567476918376639
2.5674607444738555
2.56748172508089
2.5674532053459216
2.5674699337348534
2.567458424583331
2.5674573305884105
2.567451000922238
2.56744702114502
2.5674497372108465
2.5674565087613126
2.5674517480350034
2.567475867687824
2.5674849620470326
2.5674612574467925
2.5674440868128166
2.567458844515969
2.5674852311223413
2.567484306394846
2.567437218458736
2.567441035229074
2.5674534964599816
2.567464271631805
2.5674606180924253
2.5674322776791167
2.5674672643130245
2.567429241485616
2.567463104032249
2.567466929845666
2.567433806548823
2.567427144387187
2.567462949728703
2.5674417545366843
2.5674467744954663
2.5674467175726945
2.5674611742714806
2.567457592463999
2.5674502477648296
2.567444184204446
2.567446002583829
2.5674449826942887
2.5674561438275187
2.56745321855831
2.567442497360714
2.567445856799648
2.5674473429469202
2.56745742363638
2.567442664499662
2.5674544201137883
2.567461986111969
2.567430422317378
2.567438039719409
2.5674558674419297
2.567459499869003
2.567459094291671
2.5674428999168897
2.567446765049726
2.5674518600471314
2.5674544918174464
2.5674560805237894
2.567450842524066
2.567461696802496
2.567459074354502
2.567449258597554
2.5674466730071117
2.567454568963606
2.56745371887842
2.5674455863978896
2.5674530763979306
2.5674528247371415
2.5674551163372263
2.5674520510950103
