0.08698481943686465
0.06225169792661809
0.0510686442701453
0.04373946460659509
0.03913630878889631
0.036070208055144944
0.0332742494248791
0.030994825710666706
0.02882101897067671
0.027692250232196104
0.026362022558680847
0.025359105803451725
0.024378725074526653
0.023187156728644395
0.022631501036726367
0.021963251862455985
0.021052724575244243
0.02054045445716514
0.02013935895402644
0.019489427869418003
0.01897728210484394
0.018588685663828652
0.01810028964134338
0.017701031947200477
0.017399989101257105
0.017021246326016783
0.016814929685715883
0.016131711437691106
0.016233323592678765
0.01577604283206315
0.015437095526751002
0.015479537222976491
0.01497966914401835
0.014974392902638575
0.014691947892042723
0.014247914879870241
0.014127523047374402
0.013988787838303141
0.01375615206196118
0.013790361863835403
0.013425786343852183
0.013337356421366782
0.013281191841381587
0.012921507500319313
0.012810222045267654
0.012470915337107088
0.01241502903814543
0.01238125199102224
0.012364133987964356
0.01222504221643273
0.012130024714337884
0.011882497288709243
0.011801168430455566
0.011635784641039655
0.011387767109019032
0.011395563627199819
0.01138760852315717
0.011228282489882538
0.011175385556805436
0.011171290708900113
0.010864880592289579
0.010805459718531462
0.010706908186699452
0.010638320356522743
0.01054367986110887
0.010525600435773226
0.01041477814271166
0.010225661392033831
0.010307527619680547
0.01024607863849464
0.00990337326969969
0.010042759217822843
0.009936165424668887
0.009795839923623487
0.009673746390209653
0.009605057239449814
0.009673540175202363
0.009493629871324327
0.009529685062193581
0.009491245272016323
0.009321636606211253
0.009378251504405676
0.009214696757793916
0.009084009866851381
0.009184425079732321
0.009050061571843094
0.008954259894775602
0.008932555267217885
0.008874557668053508
0.008747020623966472
0.00888521843128743
0.008784054448121052
0.008677938788079233
0.00864655142658611
0.00858235820224149
0.00851650494397978
0.00850572057480504
0.008421102666298233
0.008336976048709595
0.008349837939488021
0.008303800010356415
0.008325838979836433
0.008231769798924203
0.00816038966376488
0.008170003514761055
0.007984037046384526
0.008050730698830437
0.008019615155627382
0.007822309107099794
0.007942275815868479
0.007825197141369738
0.007801356818207296
0.007865200190779027
0.007775310855817537
0.007748614724725134
0.007665749607464907
0.007633858593550777
0.007548568193395216
0.007568682366965609
0.007555462653218777
0.007488673834178561
0.0074002817307834735
0.007494777384686907
0.007463519341860605
0.007338516449680803
0.007288184008684422
0.007343275402026677
0.007301705021239241
0.007150934854417857
0.007133474425283981
0.007151990187396873
0.0071147928409544614
0.007090179726249959
0.007090190899060328
0.007010228370470836
0.006967857725933966
0.006942569709548539
0.006914266010728046
0.007002579473441655
0.006880530928551567
0.00688157075846562
0.006851794897119779
0.0067403744110291946
0.006807481804489875
0.006710462700560246
0.006719192827931006
0.006753491176740231
0.0067296127572382975
0.00665634934895065
0.006575965116620226
0.006554482969613762
0.006554418692494196
0.006586242520726762
0.006509907378563222
0.006493270778481169
0.006409335775319817
0.006435816076979033
0.006426729720826229
0.006373927876642587
0.006377903165936041
0.006348809724998371
0.006321756827476936
0.00631694721641654
0.006218540617739394
0.00628722697548636
0.006209411428314037
0.006165149261134485
0.006081027894370094
0.00616046251477182
0.006166361312400799
0.006054047563257674
0.0060484367559126475
0.006081987508035396
0.005994978603854548
0.006028602447432472
0.00604958910395925
0.00603519819341799
0.005996195324494277
0.006018366257047762
0.005870063778607686
0.006003293562856687
0.005930252793602192
0.0058452240069068245
0.005812983344995188
0.005777190754317839
0.0058644127898184635
0.005802244722992362
0.005796153277844869
0.005835729755852341
0.005682603818738081
0.005729886617099629
0.0056900869221412674
0.005739195077915902
0.005687423846613962
0.0056475083701801754
0.005627071307583916
0.00561443069459949
0.005564582546408947
0.005590410135732021
0.005559714691722186
0.005547064984890494
0.0055395091985567775
0.005502601547220178
0.005474867691242861
0.005479513785877831
0.005407363344552242
0.005435583035877826
0.005450651322248908
0.005376627931378589
0.005324225037670616
0.005430477530749918
0.005348114881970953
0.005373385390499246
0.0053140799343949965
0.005279026127260307
0.0052763622671875045
0.0053029339490196685
0.005304031106672671
0.00529970232242314
0.005229580191016972
0.005177598894767362
0.005200838661282909
0.005172617766203057
0.005174125306657908
0.0051580320204186155
0.005177227312695999
0.005121393024375788
0.00513847273720628
0.005130525796476786
0.005084699260458772
0.005041992926433509
0.005040867807843686
0.005070091528397298
0.005031840727822785
0.005092188963898264
0.005003046107411562
0.004984705545086632
0.005057522918387159
0.004973166357022058
0.004963623786114562
0.004960434144261082
0.00487544388274185
0.0048825635318139275
0.004868055544548815
0.004849197295207565
0.004901356633878156
0.00489453767946959
0.0048211305245744575
0.0048155039451417666
0.0048913386261608596
0.0048532159769885995
0.004818832510044869
0.0047953554099575005
0.004764528264788709
0.004724991471661112
0.004733849845511615
0.004697541583280035
0.004702801513105716
0.004717968650989935
0.004712967070150251
0.00469165196777921
0.004693561564569362
0.004676083964604396
0.004695177364625023
0.0046223672660881295
0.004585079929085055
0.004658634245192123
0.004624681733982513
0.004644299712589554
0.004545255479822855
0.00458303025518283
0.004528509093867937
0.004632857566262927
0.004511287020312229
0.004525579449680877
0.004473329896180681
0.00455897640940703
0.004442108473018056
0.004445525937580066
0.004415343572945798
0.004402550216615555
0.004462107776255368
0.004386989300222301
0.0043664724782101275
0.004385877953088573
0.004406499010592316
0.004342341049896339
0.004408637933352626
0.004354565420414354
0.004364370421388509
0.004323272999676109
0.00434903691889203
0.004341056213577632
0.0043209266162041226
0.004262338520264081
0.004261764241309676
0.004285526009500548
0.00428128913192053
0.0042713828188746744
0.004282114004021887
0.0042806235649652784
0.00417652638627069
0.00426427035996151
0.0041802298721880255
0.0042664872465697865
0.0041096185805712055
0.004200428739721862
0.004151782802160524
0.004171763681247036
0.004167920463831082
0.004113285286613092
0.004119797732128001
0.004125812983497143
0.0041557177204208495
0.004093211528954776
0.004065988347117869
0.00405881831723158
0.004086727276824881
0.00406465580834909
0.004072068842506129
0.004026731798693521
0.004073735084412908
0.004034933599762394
0.00401612036309282
0.003996216425241321
0.003951012860739635
0.004008969617406532
0.003932289035832898
0.004016065951286489
0.003955475396572863
0.0038815318384295607
0.003989000123438783
0.003949295725261157
0.003942866829706753
0.003963415208547441
0.003924546134669416
0.003915332064361273
0.003934227656959256
0.0039068154422300504
0.003894819024989785
0.0038823615271579557
0.0038809444581651485
0.003842721997424407
0.0038271889410514096
0.003839151011937524
0.003852004931683228
0.0038523177357554124
0.0038192275966243616
0.003762547422446878
0.0038317009728700063
0.0038118976661599487
0.003808921013879158
0.0037797607908225295
0.003757033788921056
0.0037808409671074997
0.003741712825779044
0.0037341923451619146
0.0036709165427102303
0.003719775380169347
0.003686498782394319
0.003687117196738414
0.0036913071994436634
0.003693940333738487
0.0036869128665909328
0.003657031902566103
0.0036169276256993585
0.003696493775576237
0.0036814034687480054
0.0036374600109341237
0.0036655029370633247
0.0036246804012796683
0.003618138680813448
0.0036105082934577157
0.0036043784879390525
0.0035597576550256567
0.003613500833675357
0.003577726514159307
0.003586954913018201
0.0035901937456637462
0.0035329170833353885
0.0035230078410467356
0.003553601889020702
0.0035132487730042514
0.003523084061336063
0.003547321323752613
0.003510781350595774
0.0034806706224304357
0.003513282676024579
0.0034856178880741176
0.0034629701359065257
0.003455723741966162
0.003479839135441459
0.003444198520696419
0.0034619713104805903
0.0034088960622845163
0.0034301601136380437
0.0034817054943544505
0.0034289232655238364
0.003388706698197926
0.003405389278854559
0.0034017098666016096
0.003392316136999239
0.0033837000483322656
0.0033299312003477323
0.0033848441282086487
0.0033773851808846555
0.0033468212849691007
0.003325774088918885
0.003373352039501783
0.0033365217510254595
0.003291957310383351
0.0033581576795407827
0.0033444654952562523
0.0033046010975517517
0.0032989306233242774
0.0032886380778363576
0.0033205003328326565
0.003250311094446783
0.0032452350784406194
0.00328557687543125
0.0032352866400956323
0.0032516592708517417
0.00326154525144349
0.0032496936275726433
0.0032299226517812476
0.0032119410859936474
0.003253580571672042
0.0032177506704729147
0.0032200938817255557
0.0031987309271619972
0.003180510071181316
0.0031952566002937575
0.0031921700818622885
0.0031450661031213684
0.00316738584752267
0.003148574947372164
0.0031752139962394456
0.0031263151034971034
0.0031247863694869905
0.00315247068603629
0.003126789646440606
0.0031097397560390233
0.003126389959914875
0.0030805997090629545
0.0030961845193821567
0.003086163399756363
0.0031085035057098836
0.003136072051174375
0.003098854095756798
0.0030842979297896348
0.0030687252832085348
0.00307609893618345
0.003040400210447914
0.0030366771572424654
0.003090626369657838
0.003059804744443254
0.0029858681264418136
0.0030276339593556393
0.003029216160135607
0.00301703243657888
0.003012931792689643
0.0029734474659329066
0.003014478206587783
0.002971330415863893
0.0029519697294486747
0.002968884040043909
0.0029967571155258025
0.002944677292315812
0.0029313900317629897
0.0029547386500385206
0.0029480015710239326
0.002934573474042457
0.002944452849234079
0.00296439506585341
0.002936333306861313
0.002932592143980129
0.0029299596555079238
0.0029233467944910804
0.002914366420898762
0.0028779939419497835
0.002892140085364655
0.0029349716362230675
0.0028745056139602796
0.00289293720463706
0.002892416156708543
0.0028432842632060635
0.0028800371547116534
0.002833795048650999
0.002866655025107908
0.0028400839337115232
0.0028408214139522612
0.002821340888144512
0.0028364826634439335
0.0028137338279033046
0.002815176036642344
0.0028030347383012793
0.0027923953847135046
0.002819181942669326
0.002787661369572802
0.0027545437992580624
0.0027605868223115663
0.0027807245255506187
0.002776536169891752
0.002746678008541614
0.0027664785971568823
0.0027459379172053
0.002733828556774158
0.0027310137245863944
0.0027401451406127196
0.0026910237550188724
0.0027680890414411565
0.002714806382355924
0.0026908014600297184
0.0027348383855169476
0.002708432136385116
0.0026956172850004395
0.0027167165438575468
0.0026638195516857028
0.002674159879063765
0.002655235936014461
0.002675609991751402
0.002640868844686316
0.00265598861793928
0.002654148792605503
0.0026421617785127058
0.0026475826606962133
0.0026316208029022402
0.002579862325255694
0.002590621124080068
0.0026579473198942013
0.002588828610316526
0.002604675064793761
0.00258239058620245
0.002588839426919659
0.002601486948105527
0.002582809622400194
0.002566006377578955
0.0025923237230545443
0.0025591889923640594
0.0025688040580782944
0.002550486442657085
0.0025668643657429475
0.0025168343890226226
0.002547751656300577
0.0025474030712277925
0.002552049404787371
0.0025015462754875164
0.0025527748824655996
0.002540495099579505
0.002499417256312066
0.0024867671489169152
0.0025163882455535606
0.002518485908619907
0.0025187775826548834
0.0025112530685966875
0.002494718710091102
0.0024521185687598136
0.0024903848872969677
0.0024637941916704534
0.0024549534020727845
0.0024376829744501036
0.0024463833552736012
0.0024382562389312626
0.002441719560095739
0.0024578064769865053
0.002427503214827427
0.0024388613211951933
0.002414406726504588
0.002466105307412291
0.002416378217543127
0.0024014939833847206
0.002401339635668378
0.002380337109269631
0.002406866803091268
0.002362216900735661
0.0023786625491062415
0.0024120922813470015
0.0024038449340166427
0.0023434684291393495
0.0023581331712611672
0.0023713668129590917
0.0023972271678944783
0.002345515736794753
0.002367162666634254
0.002331291409377949
0.0023527460631625756
0.0023347327723951456
0.002332848474101487
0.002317110336962229
0.0023055719846118996
0.0023053777667979107
0.002299224937119602
0.002290546731120419
0.002300909890668848
0.002305808196767599
0.0022920620188803457
0.0022559001156614686
0.0022984387270654685
0.002286845293730924
0.0022948708282851445
0.0022745179371263602
0.002257554222703184
0.0022484491310171576
0.0022556640526800605
0.002212268493454226
0.0022418913743721338
0.002245131426086839
0.0022409976117016045
0.002213750586481948
0.0022172615790157116
0.0021854563294135838
0.0022294429158105492
0.0022422934558176486
0.0021860566152694574
0.0022170715859933104
0.002175923070081996
0.002194293668329493
0.002190258822559839
0.0021816500422620023
0.0021799107937757432
0.002168161745947645
0.0021659338478438915
0.002144488318445701
0.0021667816891095372
0.0021544911281655755
0.0021515236077581843
0.0021628506885007
0.002137248743424167
0.0021441038212222925
0.0021523851234829918
0.0020954431313703684
0.002131171325534523
0.002123416759042842
0.0021235205002847536
0.0021080651950816025
0.002122852374670148
0.002105955434388077
0.002101739794517731
0.002099758371722247
0.0020774127022621922
0.002093510178820869
0.002070894179020276
0.0020710559799458567
0.0020593651034311396
0.0020663756196755883
0.002045744754140614
0.00204111393575806
0.0020449271094505955
0.0020662275358151985
0.002021728832146772
0.0020385045470641488
0.001997233748633163
0.0020097008678684855
0.002040452661483893
0.0020248742074301597
0.002008188381810595
0.0020174199128978865
0.002021061821654674
0.0020203266329991516
0.0020000609517150185
0.0019808468842280186
0.0019994340816200796
0.001987565876120389
0.0019672107426216786
0.001973420038177439
0.001972902064941459
0.0019325726866841453
0.001952175037724067
0.0019421068636006574
0.0019357124427220175
0.0019636625275652113
0.0019498000923967498
0.001933372789585313
0.0019208038282813302
0.0019198718348933908
0.0019138276284993974
0.0019064992273877398
0.0019158424382548112
0.0018938026820360168
0.001914485793242411
0.0019203235255365904
0.0018986649672065978
0.0018985087815291317
0.0018912928845499582
0.0018925853092236187
0.0018843086768461851
0.0018840146810882555
0.001861144775821557
0.0018667212678598086
0.0018837922042447628
0.0018443066948765575
0.0018187623400372742
0.001843152012234249
0.001834118712878912
0.0018418684659350583
0.0018333831888038144
0.0018163016848719775
0.0018341088892368657
0.0018191997617050548
0.0018281891909494594
0.0018198467009816132
0.001836769732801093
0.0018075916851962687
0.0018266460295361317
0.0017752128231280292
0.0017939785789517619
0.0017699227279397243
0.0017905927744420725
0.0017935153143298105
0.0018009395356738541
0.001774513795925453
0.001754119464620252
0.0017637072758790804
0.0017649194631545715
0.001767103818492555
0.0017606338957005133
0.00175738450609706
0.0017580348446948966
0.0017354268076804527
0.001731672101067835
0.0017202431373049638
0.0017325728378860428
0.001727125166637696
0.001708673993387722
0.0017259426076188305
0.001685869224504194
0.0016751953127379666
0.0016802464999276258
0.0016888129227695201
0.0016782925411370658
0.001674906632500414
0.001675243463487449
0.0016655325316045368
0.0016714268877400897
0.001673110093967634
0.0016422202090649596
0.0016726602840882291
0.001639954839676578
0.00164559834570209
0.001645723301390239
0.0016378635738677205
0.0016413074945973924
0.0016528572436252894
0.001635708805886023
0.0016207176314233607
0.0016046110416757186
0.0016255310884890843
0.00160955589057983
0.0016107105154790269
0.001621825266352208
0.0015985453581348224
0.0015951083426209635
0.0016052186735647093
0.0015833185564146518
0.0015675550138173676
0.0015783302475086598
0.0015958996839655457
0.0015643533581964223
0.0015597341498409705
0.001557434650631078
0.0015563899164304706
0.001560734782516385
0.0015410652040897764
0.0015413537218071608
0.0015178825626635322
0.001534279138583073
0.0015261273861582358
0.001526173676890842
0.0015085704120356277
0.0015222802689266875
0.0015226899587111548
0.001510076698963048
0.001506014550596945
0.0015026131091288135
0.0014972025733775566
0.0014924406352980967
0.0014836759970670596
0.0014933463447783192
0.0014823825339879623
0.0014764580289703018
0.0014713080227633096
0.0014632616592625233
0.0014532330633308895
0.0014609695912166441
0.0014527027381063596
0.0014540476578478998
0.0014284642492501916
0.0014463691518516683
0.0014359134954253444
0.001431718709119801
0.0014338461325893155
0.0014177769579310432
0.0014323511689664746
0.0014148016584355158
0.0014067497309337936
0.0014013991918210998
0.0013942334321737342
0.0014042504857173556
0.0013998472325903548
0.001381458707727502
0.0013821841782285908
0.001391837971787161
0.0013673443457334238
0.0013796536324956043
0.0013930636260464388
0.0013706794222093873
0.0013494446083363349
0.001354777421526932
0.0013708540486997017
0.0013436346791779357
0.001337253730720659
0.001329946728705857
0.0013434003283176032
0.0013306009935070589
0.0013429411437606872
0.0013124229903237056
0.0012969281075776132
0.0013009912002126464
0.0013038824268385726
0.0013284340492473374
0.0013017973250302952
0.0012953465444142988
0.0012903436043123179
0.001291412228912213
0.0013000315709659081
0.0012722751779574621
0.0012664724432632168
0.0012679126724858855
0.0012510927110175513
0.0012700453134073578
0.0012567110247273488
0.0012406911585143914
0.0012404120814451362
0.001215092563654151
0.001242535638187635
0.0012449457756039072
0.0012327067170211177
0.0012363918102544793
0.001214437957504086
0.0012192822130299699
0.0011938336488890205
0.0012030356156391777
0.0012026310605706449
0.0011963032601796473
0.001197257659760011
0.0011871965539927102
0.001176914841766208
0.0011773542738170663
0.001169828879779083
0.001169090508196292
0.001172869145933534
0.001178900014358659
0.0011439748090419277
0.001147914314550203
0.0011378519765756232
0.0011364280843729055
0.0011200759394206163
0.001121668234108809
0.0011266154162423128
0.0011260500318639303
0.0011355447994118456
0.0011148419972306475
0.0011121278535574817
0.0011207915345583283
0.001124854940958268
0.0011073935682845695
0.001095937429668588
0.0010837650455376878
0.0010695480091733591
0.0010728754426035721
0.0010748439012329128
0.0010649544638357577
0.0010555597290937237
0.001046601349855891
0.0010597035825925534
0.0010388662814597228
0.0010445569538668426
0.001044407446376457
0.0010348371468110857
0.0010117829209363373
0.00102701183083834
0.0010127914288593
0.0010065502583669116
0.0010054993931649043
0.000999540074446341
0.0009845007537360973
0.0009942262761261182
0.0010075630421660724
0.0009957100974597136
0.0009765185399375282
0.0009772126025990977
0.0009639742971543586
0.0009697994109343118
0.0009546266384899779
0.0009491295064937065
0.0009460066022525048
0.0009531426961479234
0.000928739912033005
0.0009379318821535343
0.0009273595881591842
0.0009189906029972246
0.0008993251267555479
0.0009098711601739313
0.0009074537647530737
0.0008935761946221
0.0008980004309214044
0.0008939467321380446
0.0008894448377637008
0.0008697146664471706
0.0008732904876694686
0.0008746948464976145
0.0008593971535027054
0.0008506365905832935
0.000860008366684982
0.00084490976801998
0.0008472228306586576
0.0008275173564337356
0.000837505279708079
0.0008323662194757143
0.0008251121697948115
0.0008147468722963524
0.0008051368744948793
0.0008186239362995138
0.0007975273434120438
0.0007897070400028662
0.0007916708128836814
0.0007726628348690466
0.0007770748009421147
0.0007717913230029647
0.0007580444797887742
0.0007563544231343846
0.000736664115756208
0.000744312869560469
0.000744565051627816
0.0007310512914056551
0.0007253262093938004
0.000722438064075146
0.0007170159049873818
0.0007066793286406087
0.0007029220243900932
0.0006991449516915626
0.0006873614719192593
0.0006746998171404903
0.0006689869847816569
0.0006766929056596471
0.0006592762141058611
0.0006497566612581001
0.0006542638496924325
0.0006470826572487985
0.0006382815274341339
0.0006294268465484585
0.0006235592303165642
0.0006162875387087188
0.0006158249520178749
0.0006006711434253977
0.0006024457886470423
0.00058759429788645
0.0005874831007727301
0.0005816399763159815
0.0005730260295416066
0.0005664943479024079
0.0005513126102828915
0.000538532389733733
0.0005395180040919896
0.0005284038048121694
0.0005279357762638905
0.0005127254052298845
0.0005057381316809007
0.0005037557542400394
0.0004908912436419397
0.00048163783422493857
0.00047025999277152476
0.00045928351057115914
0.00045767999278169464
0.00044635872855141706
0.0004341564609566921
0.00042962080509575425
0.00042177915415807503
0.00041510397470053355
0.00039580547675534353
0.0003863844928746605
0.0003783424715189712
0.0003667922995517889
0.00034959366682971193
0.00034243558005017536
0.00033183343964536365
0.0003169098103750171
0.00030633049694045857
0.0002928800103155807
0.0002787119918263702
0.0002653225033604227
0.000253277154427984
0.00023560823420929852
0.00021361571144630436
0.0002004272378611958
0.0001769558170814944
0.00015121777181963458
0.0001240260166880711
8.863255549656746e-05
3.767175027115943e-16
