0.020052787825144403
0.014380623529939516
0.011610326285528428
0.009983305430768223
0.009016823300703561
0.008160537292608546
0.007612574698517411
0.007113838022056967
0.006703063527158104
0.00635773361896137
0.006015595618091138
0.005727082769228368
0.0055037918271220445
0.0053778193463394075
0.005139768804542274
0.004949763955719854
0.004818143237149268
0.004691284839315192
0.004584242396196552
0.004480968265272242
0.0042995950383060665
0.004244233458098017
0.00413079754546344
0.0040482435596372966
0.003955526421855426
0.003919371325380715
0.003798598915104417
0.0037445837074819386
0.003677933479939773
0.003607441285015609
0.003542870201243686
0.0034798528989921423
0.003428359019862808
0.0034025814714996813
0.0033151420651478546
0.0032961729959421417
0.0032151267187713957
0.003159364573893946
0.0031621574869916996
0.0031060272889372785
0.0030439435179165923
0.0030072181138640483
0.0029914021817754005
0.002978856127914254
0.002964965998477231
0.0028856639481701324
0.002848452041690001
0.002827349433568279
0.002802687033579514
0.0027441945759771732
0.002743857684245443
0.002685359729317274
0.0026896033121449705
0.002676031229948591
0.002634484091777424
0.002602813340768054
0.00259256287534967
0.002520051477812934
0.0025526303083876684
0.0025030324092395343
0.002500924689118827
0.0024712990804495625
0.0024880905895852128
0.002441192743343356
0.002397399956966338
0.0023658183521713867
0.0023948361165844895
0.002351879004894804
0.0023545004011821993
0.0023080248772659813
0.002290548587871668
0.002300203769968577
0.0022573048911791716
0.002255134372419454
0.002236216981004056
0.002222792094762882
0.0021926888890899257
0.0021851071631541004
0.002172806185603321
0.0021888101134860142
0.0021857422301844584
0.002122902814382601
0.0021297370968916362
0.002131946675952415
0.002084936540121756
0.0020881559360837864
0.002028366896373139
0.0020315362513556702
0.0020465382626278787
0.0020334737229438632
0.0020230722336852694
0.00199243677127842
0.0019994265121308146
0.0019334241399875413
0.001954325484931479
0.0019490136914411195
0.001974844350947268
0.0019306371296441275
0.0019169169504864526
0.001906808594464432
0.00189570667893896
0.0018809934306353872
0.0018600853633297298
0.0018699751010366349
0.0018653046450027174
0.0018389844604126673
0.001853910316933303
0.0018415204157534138
0.0018238474637631596
0.0017977278503317697
0.0018061415462478473
0.0017779093678931166
0.0018002649117283395
0.0017879031051524408
0.0017679050822991683
0.001757539203122364
0.001753202626486168
0.0017332658419676095
0.0017480833320133097
0.0017061001082914237
0.001722047897633055
0.0017151492087186485
0.0017104169984773008
0.0017078338002336053
0.0016838965785410578
0.0016690130660858072
0.0016653877780143033
0.0016560324608564875
0.0016438135419126084
0.0016555241645357455
0.001629871379381258
0.0016246520861329169
0.0016139001072038484
0.0016029875542197213
0.0015977010172292113
0.0016003675512496597
0.001601558497429927
0.0016208502420184143
0.001595514213204387
0.0015931466001875142
0.0015811504373787685
0.0015747264260986473
0.0015782499782996695
0.0015416986579980135
0.0015545519049978277
0.0015469171447860725
0.0015322432160624674
0.0015329993515394362
0.001538459089928188
0.001518467721410753
0.0015180551337271064
0.001528395506204689
0.0015153659358244126
0.0014916397804998246
0.0014906149718152998
0.0014850333065707755
0.0014766732757862777
0.0014810070114501062
0.001449457427972388
0.0014659177800039403
0.0014512664053726255
0.0014501637072053914
0.0014544902487436183
0.00143433265705194
0.0014177351774664051
0.0014232853684722714
0.0014101496587885936
0.0014204368311158957
0.0014081691071405364
0.0013850369789682874
0.0014055140243165857
0.0013758966937544462
0.0013843838397559532
0.00139403643029435
0.0013800627186641235
0.0013768336552254304
0.0013700070309149925
0.0013753835199609916
0.0013911608610888274
0.001356308731479294
0.0013445938561017971
0.0013275402146752818
0.0013674437669222669
0.0013315353983984564
0.0013335546910790237
0.0013322558566908284
0.0013224151482559999
0.0013234495149438497
0.0013313827087584498
0.0013132356090503033
0.0013192408255523445
0.0013055823914579993
0.0012911460584097384
0.0012897387444158993
0.0012881914768780444
0.0013015978578287556
0.001270068254529647
0.0012711095349441169
0.0012872384186521978
0.0012750833045501694
0.0012672364951835909
0.0012686864460082774
0.0012523974179212067
0.0012715554971469093
0.0012487133894327433
0.0012493016093706505
0.0012519664039999231
0.0012510788883772635
0.0012414459356311883
0.0012256803354677996
0.0012343159074513516
0.0012309579910278563
0.001223894456306356
0.0012351842456067594
0.0012192542663799926
0.0012217596290477186
0.0012016701628165519
0.001198334181380511
0.001196367455692533
0.0012050577173325
0.001200244805476844
0.001187932628526458
0.0011975034451222164
0.0011805946105302707
0.0011749081985631333
0.001173145118375655
0.0011736519083108403
0.001177823662866862
0.0011647764498772988
0.0011757717546193997
0.0011597020187666647
0.0011629743404217112
0.0011519996133538704
0.0011409331799689562
0.0011432867524588854
0.001140055237704425
0.0011436336754345943
0.0011492428837823144
0.0011264033989096872
0.0011278305235323917
0.0011310176201362783
0.001115797211807777
0.0011306691809024917
0.0011173916936749416
0.001104680673480752
0.001121594497320108
0.0011249594131655949
0.0011243284575300763
0.0011027164709950885
0.00109347807037185
0.0010917151548942453
0.001099009861232025
0.0010974827086196366
0.001084850746620059
0.0010876081431420792
0.0010801447885142883
0.001079512131610729
0.0010725719600397064
0.0010701553818668163
0.0010708017272752232
0.0010641907630507068
0.001065448134424343
0.0010659584174418522
0.001063607506221418
0.0010627856996026019
0.0010390913316546736
0.0010573891709163294
0.0010420692975533735
0.0010324716027181307
0.0010410103141635242
0.0010400386317555388
0.0010368427064233227
0.001040047695905674
0.0010359497477268958
0.0010232906555264847
0.0010270535670798082
0.0010288406126543154
0.0010183122916517368
0.001016671425901697
0.0010148257903324805
0.0010261040506674012
0.0010147917278819012
0.0010165548162767344
0.0010108361437331124
0.001008311912581402
0.001016393283148394
0.0010062553688576954
0.0010029339227105502
0.0009960674171357162
0.0010013529940320065
0.0009887109778251024
0.0009976809612440264
0.0009900240264337007
0.0009759776622164889
0.00098207921590508
0.000981333468850436
0.0009739413713175985
0.000985263245967865
0.0009769812309913819
0.0009700915035233594
0.0009755527381845594
0.0009659279442764402
0.0009744339664750889
0.000958671899978946
0.0009644562604693105
0.000956756599567645
0.0009480996961823672
0.0009502497412288171
0.0009540164933268452
0.000955267858172044
0.0009515205625005888
0.0009460282389961264
0.0009418159765994724
0.0009504530139710136
0.0009352466993888341
0.0009299574682736359
0.0009325712556390956
0.000927612907744548
0.0009330556181703641
0.0009310998129317604
0.0009210151588689022
0.0009343286206192781
0.0009232560262452189
0.0009076635653983775
0.0009204278946249914
0.0009138481910089892
0.0009142379629297037
0.0009092456272824198
0.0009054830136429611
0.0008964211299198836
0.0009078491764597374
0.0009003946309769857
0.0008958454524021572
0.0009031674955338084
0.0009067133314155015
0.0008848756898483387
0.0008932992584339695
0.0008836669741454873
0.0008827857160649122
0.0008748957808840925
0.0008872828720345805
0.0008777475614191747
0.000884085264578045
0.0008741577890002113
0.0008742450138072189
0.000875830263990091
0.0008718798742150758
0.0008802269089603015
0.0008707160902754451
0.0008627721810529735
0.0008573733900014896
0.0008717466775621775
0.0008633072906101252
0.0008620834700144274
0.0008425274653803981
0.0008488570957468204
0.0008549926353428668
0.0008574845667842848
0.0008528109772586708
0.0008415404724039645
0.0008593046708313503
0.0008422352880492096
0.0008391227995101751
0.0008453007352475962
0.00083070424261773
0.0008512787362200419
0.0008330974100637508
0.0008388385154321878
0.0008315892678102673
0.0008328276854786383
0.0008302529553874953
0.0008245772016472233
0.0008281411024999586
0.0008280642847779003
0.0008202603246089579
0.0008134248334233032
0.0008222561565304982
0.0008293180296560472
0.0008050649873005798
0.000809314785922004
0.0008121135782433627
0.0008075962654043005
0.0008037142974600249
0.0007964202327443788
0.0008004581311423418
0.0007972998109256227
0.0008052075886916179
0.0007969836113610154
0.0007957734993475038
0.0008087604936611532
0.0007867507404282489
0.0007857178326737756
0.0007873200737572144
0.0007797494138408992
0.0007822300007733071
0.0007875091850407687
0.0007755949185787603
0.0007704592110284091
0.0007796725396053221
0.000792423607477071
0.0007794990572964702
0.0007770565807402958
0.0007578007133515896
0.0007744545680890461
0.0007623853243649064
0.0007781042194069458
0.0007666144576215396
0.000764581850492255
0.0007629760137750325
0.000761511713815948
0.0007675926716190933
0.0007526225866986649
0.0007661659091956208
0.0007501643420645782
0.0007586248350594384
0.0007567605185784776
0.0007635252794680843
0.000747116330264121
0.0007542125814424438
0.0007548097695840228
0.0007433055245272002
0.0007345262364640764
0.0007408122044276371
0.0007450246622523482
0.0007376969350939851
0.0007368607826166878
0.0007349672970537537
0.0007373283325492425
0.0007355664472727122
0.0007435533569303173
0.0007298594127951728
0.0007305464015680774
0.0007221070839520843
0.0007168615513563017
0.0007337148106084271
0.000720632285377299
0.0007201827488646625
0.000720718393566071
0.0007165244279599658
0.0007178525638631242
0.0007135597635476341
0.0007235169577725967
0.0007095114963136138
0.0007146468228026615
0.0007073673575408651
0.0007144860449822091
0.0007025703636417455
0.0007097081759368939
0.000701445594862408
0.0007096066289793718
0.0006990411016348276
0.0007026360747335461
0.0006936395398423154
0.000696139540009444
0.0006951793497974029
0.0007004867295180435
0.0007004964330939013
0.0006947843994109251
0.000688464121133291
0.0006913436685425987
0.0006831952339701202
0.0006854106900932583
0.0006852331487319122
0.0006738678032266681
0.0006833086974074178
0.0006838773606284193
0.0006833892227828592
0.0006827152224387537
0.0006836046689804227
0.000668536739417742
0.0006774630865939766
0.00066971382136536
0.0006682375813213465
0.0006730371724347811
0.0006669349149600296
0.000668087205088724
0.0006683421879877655
0.000667123678397752
0.0006685745134542932
0.0006699990485956328
0.0006570095992565595
0.0006628735733702863
0.0006513727035644129
0.000662264705709276
0.0006579997146239783
0.0006593615223535323
0.0006469033199041134
0.0006480865200399357
0.000645087597024537
0.0006512314271312278
0.000654261096173693
0.0006461033749705587
0.0006414816971185341
0.0006461726396854808
0.0006356410885041128
0.0006493157580765191
0.0006393731466813254
0.00064109488278396
0.0006403798127755191
0.0006387465710614759
0.0006288782279388774
0.0006391105553283269
0.0006332983438716627
0.0006314685982191441
0.0006228250743614947
0.0006273429515235837
0.0006206666508665022
0.0006280384512125122
0.0006266047225066853
0.0006205103318025467
0.0006258380091239635
0.0006143919098175555
0.000612340582936891
0.0006235296691568643
0.0006192096943776034
0.0006143073351911264
0.0006126529370121976
0.0006202826126792956
0.000610842714444543
0.0006055424354610558
0.0006120861291209864
0.0006046441944516253
0.0006056224481416939
0.000605264655627892
0.0006088124312461465
0.0006022626833538528
0.0006074345967156401
0.0006031217034451083
0.0006036448821975187
0.000606098054477773
0.0006006871549557811
0.0005931899078122588
0.000598906021243422
0.0005874876404235144
0.0005979740742095506
0.0005858911851608608
0.0005878592767223121
0.0005863630170477946
0.000589574196374812
0.0005816189287598872
0.0005833413982351758
0.0005865552494763541
0.0005857521694415626
0.0005839580679283685
0.000577556002863862
0.0005762500200901701
0.0005792160008090342
0.000579858282871888
0.000571511401910032
0.0005814627725843148
0.0005740766950228936
0.0005776840702891141
0.0005714797083370395
0.0005758754568855942
0.0005668747287931577
0.0005677710386109274
0.0005669330494521322
0.00057435618680987
0.0005604056946363322
0.0005637600475405618
0.0005652322513927734
0.0005600257158827817
0.0005601879384561216
0.0005551243028771442
0.0005605799376453773
0.000559253783812444
0.0005518041458221409
0.0005561435783852319
0.0005504936980101864
0.0005563176972174004
0.0005524411220788815
0.0005522639300587105
0.0005602535459334343
0.0005504488453880719
0.0005445382813032165
0.0005530707023557056
0.0005447789712116583
0.0005479721448288108
0.0005485465411001729
0.0005383870503455275
0.000546171170122275
0.000538460985997847
0.0005379028631845779
0.0005367047180484845
0.0005317517843735321
0.0005402721700808344
0.0005335323126980667
0.0005278797637690105
0.000528936137636389
0.0005278259049697121
0.0005321028955761282
0.0005314634419156521
0.0005253519327546508
0.0005248838425067835
0.0005268233372912007
0.0005267339195210837
0.0005153344943140534
0.0005254344194991211
0.0005232799632584528
0.0005217899888921556
0.0005141473926394873
0.0005146390187017332
0.0005219602769713591
0.0005178611258786533
0.0005118446858377992
0.0005097931461963925
0.0005122102465530615
0.0005128144797283665
0.0005087252686697841
0.000507265431919867
0.0005097936334109203
0.0005047557936708466
0.0005105710239101328
0.0005054318398688527
0.0005067619053438855
0.0004981023965688686
0.000501439546192283
0.0005065824130684194
0.000490730184111449
0.0004973969223320228
0.0004992696392577166
0.000499262497307055
0.0004964914617778086
0.0004970547385179716
0.0005016341198879155
0.00048617322289054636
0.0004892037210059722
0.0004934010524900822
0.0004899568226924674
0.0004853646400923349
0.0004917899007969518
0.00048570443391404423
0.00048513392711029983
0.00047823567204167603
0.0004836543799191386
0.0004768461084390481
0.0004870540480549597
0.0004821043672644406
0.0004770574106897822
0.000474125831755531
0.00047216309103479797
0.00047458669850489416
0.0004712567060007737
0.0004691849054843865
0.00047552988171326314
0.0004720744989614985
0.00047341132288314863
0.0004620343146032774
0.0004671325106640177
0.0004640440382550608
0.00046673098461904043
0.00046412827755272235
0.00046272086562761425
0.00046876081511972164
0.00046058072412210314
0.0004576587918581593
0.00046084521030448133
0.00045405431646781665
0.00046182099814561276
0.0004569251984502926
0.00045865182776609766
0.0004532593080909312
0.00045156204616612146
0.0004517677989713903
0.00045024273018608017
0.0004522331289830647
0.0004479235780268288
0.00044967345373444784
0.00044916148783591875
0.00044152345449577487
0.0004485927922546584
0.00044830494219810356
0.0004379398926127674
0.00043866097896212686
0.00044102993570868855
0.00044656725228540875
0.00043633453764825754
0.00043791712237766704
0.00043790578887386845
0.0004405590240292293
0.0004340494822139811
0.00043041796081625007
0.000433889895117596
0.0004352582399771362
0.0004324086757128428
0.0004320025985441642
0.00042764695797066835
0.00042845368358193403
0.0004284768165934056
0.00042088667059269377
0.00042285949775526646
0.00042800404218023094
0.00042461566179606016
0.000424195061041849
0.00042301750547015546
0.00042572768892533587
0.00041951718910152806
0.00041985443867239734
0.00041489165886739003
0.0004133855010322307
0.0004182183293190195
0.00041468502583085984
0.000411067656942564
0.00041215955739144365
0.00040776175138446883
0.0004136031355308451
0.00041551041363926413
0.00041173232951115983
0.00040957621512471425
0.0004062440134320601
0.0004037506715764727
0.00040095531976374065
0.00039891080056093367
0.00039939119206745577
0.0004047040224440269
0.0004013081528070436
0.0003978203612228334
0.00039526417802939184
0.0003969438273074814
0.0003905199057368126
0.00039355845939647
0.0003947218969516806
0.0003991271061400913
0.0003910165389523227
0.00039901756148612164
0.0003887045576924776
0.00039083078142618054
0.0003868498080075891
0.00038915035871354167
0.0003929486463659223
0.0003856141791090552
0.0003815813792330077
0.0003781386821063509
0.00038882671322247505
0.00038147563375417207
0.00037924506239594833
0.00037884516855471006
0.00037495036663299586
0.00037875326267054467
0.00037648982383933104
0.00037307895253039825
0.0003763064207237204
0.00037175296001918176
0.00037438492952780267
0.0003688796360757832
0.00036807142538511275
0.000375943143649481
0.0003696437162374663
0.0003694064463929472
0.0003704814377349472
0.0003660815521761358
0.0003642836427760925
0.00036557797016063755
0.0003609916293314685
0.0003649714789145586
0.00035972103727940723
0.00035714308059481986
0.00036375703749746887
0.0003599194117942468
0.0003567832910931566
0.0003546918632047995
0.00035732485603915185
0.0003572766693921022
0.00035204792787056865
0.00035648118480592264
0.0003501283688694423
0.0003548796959545761
0.0003503737813900458
0.00035410266065654945
0.00034869505561456785
0.0003449825301814888
0.0003476971456024619
0.0003452316381728861
0.0003442545958989099
0.00034599730723253755
0.0003352138911501203
0.00033874676240038426
0.00033916671952965934
0.00034314383940151056
0.0003384560607582958
0.0003358158859171455
0.00033465614242137885
0.0003324115558945979
0.00034064727549261995
0.00033010543424792394
0.00033434424558662323
0.00033000846268690833
0.0003288092960503158
0.00032928738481543206
0.00033002120788549577
0.0003249551006784331
0.0003285284692851945
0.00032418648358151296
0.0003238439032016093
0.0003252126620322231
0.0003224447455250065
0.00031940255810939403
0.0003159996066063056
0.00032233687639645275
0.00031822705918995456
0.0003189717820530598
0.0003153026685105276
0.0003125201080438408
0.00031848446435667774
0.0003132081710820873
0.0003126066316533034
0.0003109591529382172
0.00031038468365972164
0.00031084815908507044
0.0003089046043441004
0.00031062276442664035
0.00030716631080809795
0.00030341250679405385
0.0003009054888688245
0.0003047562221066022
0.00029813492259674133
0.00030091467941913407
0.0002997803507838519
0.00030014055560125593
0.00029763903824258606
0.0002971506507567431
0.0002963502372956779
0.0002930659773394845
0.00028979278072376074
0.00029211268060343236
0.00029392262773818664
0.00029026550040375787
0.0002912497775359206
0.00028458228024150537
0.00029203378362010633
0.00028967513967486513
0.0002872066644346862
0.00028589486856495024
0.00028316403754039617
0.00028434124818726194
0.0002792225734913216
0.00028025295089164677
0.00027761325510218445
0.0002789532831199303
0.000276133935622403
0.00027761364400936365
0.0002764416928546522
0.00027319669939748764
0.0002737506939081243
0.00027147595665336387
0.0002718893676203318
0.0002722371608010054
0.0002726801247311114
0.0002659931639430564
0.00026767417554325325
0.00026345058944077416
0.0002635778917645491
0.0002620609765245167
0.00026043263011681333
0.00026266589792072717
0.00026350645015865226
0.0002617587211135364
0.0002609715019676462
0.00025828782287551523
0.00025462047646474797
0.0002526631545278038
0.00025950590406214615
0.000251188626919033
0.00025441530546811773
0.00025325882708370477
0.00025237245938005613
0.0002504573154400165
0.0002475497751134983
0.00025173768011429673
0.00024615198145265326
0.0002463523416786125
0.0002447727490121989
0.000242826311862655
0.00024336034149416357
0.00023910549873115464
0.00024133661017133334
0.00023813645869462583
0.00023796014881590126
0.00023661843408992448
0.00023524998267183766
0.00023283374847423067
0.0002321164907712235
0.000231167757403667
0.00023008624440096887
0.0002278238150086169
0.0002288626049512079
0.0002289653853322101
0.00022849960676397487
0.0002247114471699327
0.00022133481023600663
0.0002218879499908664
0.00022265147658870625
0.00021754706301460705
0.00021893165316243975
0.00021961353961776615
0.0002174568211892811
0.0002128039671969842
0.00021294678739455132
0.00021326562608948413
0.00021293942028657222
0.00020904597937927217
0.00021124946764647482
0.0002068705794540264
0.00020888051666460706
0.00020452465688910903
0.00020439745820157313
0.00020386377059047498
0.0002016894172492253
0.00020101493459421675
0.00020009541427953902
0.00020131444620186153
0.00019891456851614748
0.0001969527412216451
0.00019378580401057942
0.00019218320314343774
0.00019237139140858262
0.00018937970395080766
0.00018907939888920371
0.0001914119759352123
0.00018776065308638473
0.00018714177747607212
0.00018355506680398117
0.00018298723950534586
0.00018447576498824752
0.0001810745866309411
0.0001805656999088315
0.00017857139529527588
0.00017863125355423198
0.00017615215674531383
0.00017398941792322843
0.00017365437861475348
0.00017356047917416526
0.00017056125064994295
0.0001691992346409706
0.00016892453439864465
0.00016597226483275253
0.00016640177927658415
0.00016303836185077713
0.0001638421590309921
0.00016128096532797131
0.00016083473861892692
0.00015791297348011834
0.0001573968233549983
0.000154599088407865
0.00015300587243225809
0.0001525953437071009
0.00015059260490484882
0.00014990286667235187
0.00014472455342487108
0.00014582125536587265
0.00014354324669594212
0.00014162968268138313
0.00014086233554509215
0.000138615469020484
0.00013853107835212517
0.00013518897436006006
0.0001348101552123088
0.00013565319189618033
0.00013355144359117067
0.0001304448983381859
0.00012912046774559013
0.00012708152469443026
0.000123957046153801
0.00012285105695897938
0.00012015125627943285
0.00012061855536633417
0.00011706023741303584
0.00011710154027776625
0.00011252888639367343
0.00011267972203517242
0.0001101995099654204
0.00010847645381457302
0.00010703459901267276
0.00010408092722213206
0.0001019866153996436
9.953735243579284e-05
9.666197957845812e-05
9.519487167091925e-05
9.336781986992105e-05
9.035543553406686e-05
8.736594760769675e-05
8.695365632822973e-05
8.492319159550949e-05
8.12665452304999e-05
7.808486919626606e-05
7.527476554750561e-05
7.319828951986365e-05
7.016439707052016e-05
6.712114115845844e-05
6.389563806446697e-05
6.0775953159067875e-05
5.769320477129919e-05
5.2985814367189076e-05
4.874551722364338e-05
4.487362975093657e-05
4.015182044664196e-05
3.4603160395695986e-05
2.8240992606135402e-05
2.017224047705939e-05
1.452865864093589e-16
