2.086551671044075
2.0836886052286325
2.0857084983411296
2.0871158199353954
2.0845124647771454
2.0841320955661677
2.0839369290435954
2.087177475106872
2.0851146805784286
2.085625239317089
2.085522191680428
2.0842843439599954
2.085350239594086
2.083934540856082
2.085329402996554
2.0839491537625423
2.0843211476282644
2.0840435679688323
2.0852842429835183
2.0853829588956936
2.0845579555126283
2.084704302230134
2.085181393464198
2.0843266334398924
2.0849201677669646
2.0857246355096235
2.0856149876742593
2.084821121680029
2.0848863605110166
2.084717640785073
2.085010813345975
2.0850946268134427
2.085153913502619
2.085181788396825
2.0848307844511997
2.085147498930601
2.0855645143763786
2.0848124295067088
2.0853219046202693
2.0855517459512485
2.084937128124503
2.0843960342046173
2.0854662809916213
2.0847618811621813
2.0844539080006323
2.0859148022644587
2.0851709194742187
2.084637148316226
2.084879089811827
2.085224211615482
2.0847331017146695
2.0852831994421654
2.0848681894850185
2.0849986257184927
2.0850135338131044
2.08482476866182
2.084714303610593
2.0849801322634054
2.085318193500945
2.0848758024533134
2.0849841187876232
2.085070126261438
2.0842908451180677
2.0850341102808536
2.0846215533327146
2.0844602126818557
2.0847825068405172
2.0844210802705967
2.0845134379785444
2.0847370286038234
2.085242511132291
2.084747684302268
2.0846101359533864
2.0848929260432105
2.084643338048806
2.0848535767432916
2.0849891821079027
2.085038858335737
2.084886525047441
2.0851365257162144
2.0851453929461075
2.084544823862349
2.0848165740925557
2.0849723742038986
2.0849209804720363
2.0846684178812414
2.0852221096688046
2.085203361568757
2.0849442816666186
2.0850052192914172
2.0850034688382086
2.0849959715388273
2.0845841293137424
2.084964112561744
2.084682161158602
2.0849630992873625
2.0846991193997173
2.0846742862665786
2.0848238179163703
2.084965868076522
2.084955445103062
2.085161876460016
2.08536238347106
2.0845538059662476
2.084755446965794
2.085180988810905
2.0845973441471384
2.0851333488764956
2.0847640059160404
2.0846884233972554
2.084830856567515
2.0852665747287538
2.0848989552929487
2.084999735328731
2.085019488123694
2.0852655376523477
2.0846329028022
2.085270686533882
2.0849281731402436
2.0849876732417374
2.0846356775540875
2.0850540595351736
2.0849255721811826
2.0850620093003913
2.0849160317226523
2.0849608650930858
2.0849244187061493
2.0851608715879286
2.08494326113212
2.084860689806955
2.084818400151099
2.0851587848040123
2.0851797702481196
2.0850955724686626
2.0851502282046765
2.08485444574554
2.0850522430907765
2.084758461474511
2.0850711095632772
2.0847058429936913
2.085108884650047
2.084915044909571
2.0845010432771356
2.0852346489812197
2.085200390816062
2.085018738781231
2.084963423839926
2.0850466634512617
2.084664998548543
2.085014395173138
2.085009563431383
2.0845294054752004
2.0848648588570615
2.085156717798242
2.0849406143138465
2.084790237124479
2.084921559545321
2.0848853233401314
2.0850283315468654
2.084760939549683
2.0850130828753497
2.0851334338325707
2.084769302997103
2.085009290607417
2.0847804467408317
2.0851331016057797
2.085050756233972
2.084917727207158
2.0853546935211926
2.084824705334118
2.0849099680157934
2.0848514794787945
2.084840870793493
2.0849772374285007
2.084868473428782
2.0848772818108317
2.0849047193986925
2.0851428286311706
2.084997816477618
2.08499681650797
2.0849580096651255
2.0850660825839524
2.0846571729488765
2.084761987849891
2.084708479051561
2.0848002356262265
2.0848200784865245
2.0848857271366006
2.084666723912814
2.0850120831172663
2.0849387164117217
2.0848254735337663
2.084883208045735
2.0848608976132588
2.084814020948415
2.084984063365384
2.084875927674911
2.0848586621141765
2.08491386313198
2.084893811980559
2.0848793699741495
2.0850082615746657
2.0849442030661565
2.0848802169101615
2.0849265856074752
2.0848636578994753
2.0849008498815196
2.0848085756537538
2.084990033604916
2.0849356628866187
2.084743081957301
2.0849557236989136
2.085146687149641
2.085257425135339
2.085056899105691
2.084913918534099
2.0852298683720787
2.084945197949585
2.0849106047087633
2.084873254187173
2.085035057214125
2.0848515364780864
2.0848626777919614
2.0846541992755565
2.084995690728935
2.0850326085764395
2.0848887518897166
2.0850070487049086
2.084970187186748
2.0847827524771865
2.085116790231125
2.0852278316430946
2.0850717354694797
2.0849337411831117
2.0849735002400847
2.0847245976243953
2.0850150659168643
2.0849865559888663
2.0848713362577915
2.085002735710574
2.084824423889119
2.0845820689527055
2.0850532844992973
2.084966098546005
2.0848923622503266
2.0850178397304124
2.0848389572193455
2.0850338413534493
2.085019522733005
2.0849497289869565
2.084649500894698
2.0850296692739874
2.084975696663017
2.0850309255367394
2.0850791965296382
2.0849242428920656
2.084901999033661
2.0849611869538034
2.0847355369280653
2.0848887154817843
2.084914662192554
2.0850525666190185
2.084765939935921
2.0847971020203757
2.0848925865429315
2.084850924318743
2.085008590211219
2.0851608176324006
2.084990380296396
2.0849697412343082
2.084917395727276
2.0848765018946978
2.084901429500487
2.085022953189603
2.0850782620521926
2.0849555826430226
2.0849122947437078
2.085070085092571
2.085133728628214
2.0848561380277104
2.085087192317236
2.0848080706697676
2.0851007820096004
2.084971072322036
2.085097019838611
2.084800632678231
2.0851070633337954
2.0847338560491275
2.0850180524463573
2.0848410448380514
2.085265251742079
2.0849575155458457
2.084930237456382
2.0849003065309417
2.085005335813313
2.0850240552046966
2.0851681786897385
2.0849208564366193
2.0848625076142153
2.0851278471894554
2.0849389895025823
2.0850404759985253
2.085031773827556
2.084951999477468
2.084971559313046
2.085030754861452
2.084837954378401
2.084951290681563
2.0848627393576518
2.0849475239899182
2.0848757284692123
2.0848160837310368
2.0850785417613475
2.085068520569046
2.084872610282259
2.0848473081160255
2.084922785350898
2.084762807246189
2.084879246642994
2.0848510008395027
2.0849173788225426
2.0849023378735323
2.085130419042796
2.084969487829677
2.0849490276773444
2.084970586927519
2.084972534407376
2.085069543491129
2.0850532781599926
2.0850138306035393
2.0850330505746424
2.084949468548992
2.085091454057837
2.084799294391076
2.0850193736639566
2.084888016009846
2.0849182989251296
2.0849726803511857
2.085049787623022
2.0848210553310915
2.08493473542698
2.08486538000409
2.0849290230037627
2.0850781130005407
2.084883581847994
2.084912541436025
2.0850271266605063
2.0848835242311616
2.0848758697342546
2.0846595551798526
2.0849521421260806
2.08487518261526
2.0849696672714546
2.08478890119145
2.0848637620910986
2.0849584902889737
2.08498558357469
2.0849882510582676
2.0850426884756263
2.0848768057374625
2.084991312448647
2.0849359764468844
2.0849670214292444
2.0849039465821018
2.084956534614388
2.0846892652229583
2.084979764684114
2.084740397694724
2.0848972452978187
2.0849651833532445
2.08488382849358
2.0850493789959437
2.0849659601827772
2.084940786184311
2.084846349409085
2.0849410298754423
2.0849105206811966
2.0849185421694116
2.085131610807916
2.0849409047968512
2.084884137474159
2.0850306188115297
2.085117130555337
2.0849738027406897
2.0846346112649985
2.085042039146924
2.085065072040492
2.084983278479147
2.084945174765933
2.0848201989163058
2.0847654031499165
2.0849225780076592
2.0850720360330772
2.0848791528482162
2.0849619798164136
2.0849192702919974
2.0850001006703387
2.084935098211127
2.0849118523761128
2.0849012719156184
2.0848595926837956
2.0850250402041843
2.084748452380485
2.0848567818536914
2.084912284149736
2.0847910704850525
2.0849925365314697
2.084946706552136
2.0848892086289275
2.084883967296337
2.085062154832425
2.0848435640067606
2.085105705702937
2.0849107562970595
2.084986473928339
2.08484854754288
2.084868534093935
2.0849067100219676
2.0849065697766282
2.0848934631789167
2.084768521535153
2.084904887551365
2.0848943581044104
2.084904158486393
2.0849738065513352
2.0847959390104114
2.0849020872201867
2.084849224099678
2.0850475642595585
2.0850360030033044
2.0849009967602736
2.0849626566443518
2.0850132757888624
2.085083046902235
2.0850055893868107
2.084856261582663
2.085004100581849
2.0849807629741326
2.084975623129486
2.084941150036604
2.0851554463726725
2.084809765471473
2.0850602954433684
2.0848954297114948
2.084970352919224
2.0848873076484944
2.0850023821319654
2.0848335562197455
2.085031983473148
2.0848616501515265
2.084967543750162
2.084944530945037
2.0850388315952832
2.0848140195535585
2.08489653517936
2.0851063155698
2.0850316598761913
2.084987600246618
2.0848299825467644
2.0848896400161716
2.084846086859897
2.0848711928809642
2.084828254263436
2.0849314559674723
2.0850294897866095
2.0848825930831607
2.0849393476465026
2.0850271246709795
2.085059447139363
2.084887528707508
2.084953356849395
2.0849065964080777
2.0849256965259015
2.0849240072682225
2.084814734353802
2.084963897738641
2.0849109235259253
2.0848629277674524
2.0850150526831794
2.0847343026970355
2.0850881232754253
2.084826461293406
2.0849142146777817
2.0848357726654716
2.0850009644180227
2.084984042029307
2.085041379244255
2.084811023531612
2.0848955688982316
2.085017438665686
2.0849858446320653
2.0850199939243845
2.084886953058916
2.085136855009987
2.084973932415317
2.0849029064173044
2.084953932207746
2.0848630239222157
2.0849336228024193
2.084980190565376
2.0848774660703415
2.0849991485233175
2.084939114499289
2.0850349047710246
2.0850589996001516
2.085018333220038
2.0847378221705557
2.0849769158162044
2.0848924040446017
2.084939197926555
2.0850306837209387
2.084899583912072
2.0850045742567795
2.0848971372423657
2.08491744658979
2.084852288029681
2.0849737103533443
2.0850895786044794
2.084826923942463
2.0848737671459325
2.085001225556523
2.085002879591542
2.085025104165434
2.0848201125118195
2.0849971406466596
2.0849942826786005
2.0849231503180397
2.084952169651353
2.0848729717595442
2.0850419381628105
2.08486223553281
2.084906028059859
2.0849593384137837
2.0849295149513596
2.084925128272734
2.0849946100777648
2.084963753254751
2.084852634843643
2.0851005205332824
2.084955022680516
2.0849338443454517
2.0848420930602094
2.0850278842293894
2.0849342241637716
2.084839793849481
2.0850069977703436
2.084912235545022
2.0849112247274353
2.084973933203807
2.0850999435890483
2.084760677460359
2.084951678056709
2.084905863931897
2.084947258370073
2.0849535593381336
2.085089520055134
2.0848968904078133
2.08489487474665
2.0849637354729587
2.085046306650175
2.084950526028531
2.085005924515217
2.0850199437499026
2.0849670625454584
2.0849583118731805
2.0848025467741187
2.0848747519292172
2.0848965662163974
2.0848545933060008
2.085039636626153
2.0849498624490974
2.0849831299764645
2.085037574067404
2.085001940691092
2.0848827681766284
2.084999449601503
2.085030594021345
2.08498247901301
2.084937076839275
2.0849353321613515
2.084978028504501
2.084978039764441
2.084869269366499
2.0848793980497375
2.0849455260796477
2.084905870862063
2.0848282111901804
2.084864639562224
2.0848976089193947
2.084869484569233
2.084989145033613
2.085042499360728
2.0848093714291887
2.0848751355672044
2.084985108488627
2.0848170965703163
2.084898361930382
2.0849066280579547
2.0850064420381527
2.0849246855398227
2.0849902781699643
2.0850437385958815
2.0849982936570477
2.0848574231278993
2.084867305025745
2.0850056020246126
2.0850236793549852
2.0848979540655708
2.084953442200619
2.084977897607604
2.0849268863880566
2.0848644737994015
2.0849532973523206
2.084940983901572
2.0850904114638094
2.0848633132662804
2.084965632134346
2.084886995826825
2.085024855916045
2.084914608357541
2.084996347794999
2.0848982121710633
2.0848661905325523
2.0848593646293354
2.0849119416632274
2.08488778443044
2.084909371075647
2.0849454204027986
2.0849720135907055
2.0849283633691846
2.084988200296952
2.08494722195724
2.084969348212092
2.08488192521954
2.084927244913318
2.0849850600971696
2.0849706797520735
2.0849146587007317
2.084944389232069
2.084928876715834
2.0849597168439273
2.08491492799435
2.08499813400477
2.085031694194089
2.0849296385748075
2.0848558945009152
2.0849565194107273
2.0848825041120254
2.084913101345245
2.084821926700328
2.085011274257967
2.0849925077406195
2.084979936721719
2.0848965824581573
2.085074421581844
2.0848701579685316
2.084985572682413
2.084914582290348
2.0848052941849864
2.0849099398860336
2.084952966590352
2.084903440427924
2.084940722866604
2.0849850751648185
2.084957207453589
2.084855948281544
2.0850150063646264
2.084830495591267
2.0849719579331034
2.0850789219976944
2.084943823312188
2.0850244025744686
2.08502618218223
2.084886764865313
2.0849299676763016
2.0849986740807513
2.084976603987658
2.084929920960125
2.0849034199164014
2.0849609374098126
2.0849663097965103
2.0848702278327447
2.0849488340033235
2.0849897478870014
2.0849693372731752
2.084871933994328
2.0850208376232544
2.0848594816556814
2.0849737115947695
2.084944367814674
2.0849487689984008
2.0848694467659095
2.0849772678199123
2.0848536905924084
2.08492467028886
2.084927644269841
2.0849576418210107
2.0849193250109432
2.084981527167542
2.0849163256875825
2.0849102444114904
2.0849061235787145
2.084965228087007
2.085031289791611
2.08500722105149
2.0849998963465524
2.0848670913305667
2.084871558172461
2.085051320148131
2.0849684455427138
2.084913867722361
2.0848661652000047
2.0849314626709123
2.0849641454692813
2.0849229680333887
2.0849005910754697
2.0849292982953993
2.084964918776837
2.0849672845022327
2.08496887223744
2.085008186674335
2.084969143582016
2.08498134072001
2.0848630529691246
2.084945541575126
2.084897234427886
2.0848226805966172
2.0848818816378984
2.084921820032688
2.0849253297238093
2.0849834471919415
2.0849672255874365
2.0849860643357583
2.084975752983288
2.085073940489658
2.0849809164411517
2.0849363800442102
2.0849519198561848
2.0849773548231942
2.084981430133844
2.0849835699217425
2.0849314087548434
2.0850149465274797
2.085023764735305
2.0849175465903897
2.0850083897019926
2.084936014522444
2.08496815605887
2.084950099002131
2.08495167975678
2.084911131673091
2.08495565896372
2.0849098733976703
2.0849129708960263
2.084896544850931
2.0849511910428706
2.084931667492232
2.0850231211870573
2.0849077655390054
2.0849845258596975
2.0849361384048186
2.084982512011046
2.084846518686003
2.0849116537598626
2.084879626290537
2.084982280178374
2.0849363592871577
2.084906319973413
2.084949811328112
2.08495093552043
2.085008456264431
2.084936265526676
2.084980644358224
2.084859910947194
2.084924632534713
2.0849331427168414
2.0849325237425758
2.0849759213309285
2.0848924365668706
2.0848771413282243
2.0849592578487104
2.084951675490791
2.084954177163459
2.0849958770713872
2.0849056841710074
2.084892529631453
2.0849380255497523
2.084934402308587
2.084904802589277
2.0849847304392553
2.0850244780016487
2.0849441827478414
2.0848881385049243
2.084945635430131
2.0848944662466526
2.084935218636924
2.084886886991616
2.085017020904427
2.0849128444568805
2.0849617663628965
2.0849187731675256
2.084994000391926
2.0849400202514294
2.085002153699591
2.0849056602931535
2.084931469047435
2.084938226956904
2.084945499672848
2.084922395956929
2.084912219197169
2.084963385514084
2.0849788946228727
2.0849644976333823
2.084916259221827
2.084981293525553
2.084884027805071
2.0849989517053245
2.0849004783244354
2.0849379347522174
2.084897591155365
2.084880535364722
2.084981189635398
2.084971082624643
2.084974539050707
2.0849293966796525
2.0849502662128434
2.08495117524518
2.08496831082176
2.084952893677476
2.084992987020804
2.084971766002963
2.0849986874886506
2.084937027184429
2.08496506739546
2.0849268465993047
2.0848615057845965
2.0849944911091924
2.084945795093581
2.084996809642612
2.0849619540425746
2.084885288086495
2.084980990260345
2.0849346992364564
2.0849272984819045
2.0850091061918206
2.08497510210611
2.085007180219832
2.0849307568911217
2.0850007888585087
2.0850101109562416
2.0849010854042387
2.0849727293963056
2.0849630193434177
2.0849864932180324
2.0849533531347864
2.085021142632266
2.084950757280717
2.085001171769293
2.084979189599375
2.084999661148232
2.084925580741238
2.0849905827882798
2.0849530297969445
2.084911824836664
2.084971903717996
2.0849655575593133
2.0849262765682863
2.084998251328379
2.084909442947212
2.08495942752994
2.084947873309293
2.0849712793996256
2.084946363737611
2.0850053244461995
2.0849353889422333
2.084930387825035
2.084979048599788
2.08495997444676
2.084953319339528
2.0849748901592844
2.084943146927564
2.0849762848864692
2.0849548823253428
2.0849460357273086
2.084959973904066
2.0849764517384917
2.0849760459256546
2.0849052124742937
2.0849531047074827
2.0849273482482222
2.0849565888734096
2.084908310663158
2.084943177176314
2.084995818375259
2.0849376628781564
2.084929737269394
2.08491688569178
2.084922193146083
2.0849479249327953
2.084972552554421
2.084975523153852
2.0849522147092974
2.084977820534553
2.0849630965524777
2.0849379150429144
2.0849936186513003
2.084929053091842
2.08493564180591
2.0849414025091484
2.085003202193567
2.0849233978216435
2.084956046208535
2.0849820161066925
2.0849455189345636
2.084955412805553
2.084935346521209
2.0849238249574706
2.084913179030765
2.0849611784521485
2.0849213661327863
2.0849458800066327
2.0848965222070373
2.0849570929997294
2.0849251412446095
2.084910270353454
2.084949260441055
2.0849850846179114
2.084944526180175
2.084946576297577
2.0849697278477075
2.084947139142536
2.084942584044685
2.0849540813485983
2.0849851765711676
2.0849483531649002
2.084948794237297
2.084961420997552
2.0849515467684308
2.084947527373447
2.084972390627332
2.0849603482259416
2.0849471063381295
2.0849520060779927
2.0849593991569058
2.084948236630637
2.084965855474258
2.084976590570694
2.084938456028358
2.084936164729289
2.0849511368033538
2.08493801970992
2.084953538311835
2.0849325443136464
2.084940901704004
2.0849576854771223
2.0849556039822925
2.0849742410436423
2.0849496272339483
2.084929263261182
2.084953552490666
2.0849066214604943
2.084941987678717
2.08494120911035
2.0849478101591132
2.084965023703781
2.08494729110105
2.084941620837204
2.0849655581673505
2.0849531746510928
2.08496774584453
2.0849597335184162
2.084950399336556
2.084981993421935
2.084952146313905
2.084958117821945
2.0849434789792185
2.0849328039962196
2.084938871023248
2.084946902404946
2.0849398945184356
2.0849402540344077
2.0849470589058225
2.084957494233138
2.0849491443226973
2.0849396714816852
2.084947742736711
2.084936130230286
2.084948940046368
2.084948105609752
2.0849460472971035
2.084937793790113
2.0849537403836567
2.0849624275793106
2.08495136946265
2.0849500324152883
2.084954281985392
2.0849488573941923
2.0849461417243105
2.084943971816587
2.084946194364427
