0.6589169027438939
0.659731025756203
0.6603923804056698
0.6596555750895117
0.6594847158398477
0.6598444509299732
0.6598456512033254
0.6597464857492792
0.6596889014079135
0.6598174897936933
0.6596158528654364
0.6595869125852422
0.6598517885254379
0.6594318055449438
0.6596238607787646
0.6599239879242179
0.6595778947718484
0.6592902704372663
0.6598895754797564
0.6596691871110081
0.6598666228491611
0.6596682448581811
0.6597691212366656
0.6595290627167226
0.6597187639578388
0.6596061285545655
0.659696129127283
0.6597422556479149
0.6598634287970784
0.6594979155967415
0.6596890241399684
0.6598173776488118
0.6598737290158136
0.6597219544440598
0.659850479501788
0.6596384601692572
0.6597577802023823
0.6598540466865376
0.6595933324998462
0.6597098584272626
0.6596318261858944
0.6596809119013293
0.6595370087879242
0.6596594501543561
0.6597576729004053
0.6597086969890301
0.6596846635677646
0.6598335741689214
0.6597167098543472
0.6597975687094533
0.6597118554093863
0.6596708175087422
0.659686864298422
0.6597119393160996
0.6597123234890329
0.6597028430451886
0.6596322105204925
0.6596059732061772
0.6597189416327188
0.6597057290046074
0.6597087323468148
0.6597688064098384
0.6596910328964737
0.6594983622521889
0.6597616634004536
0.6595963077420447
0.6595604580827007
0.6596539840382274
0.6597839698991473
0.6596777580604691
0.6596700108015527
0.659725604960011
0.6597836475688243
0.6597176796907966
0.6597827713147569
0.6596760143348449
0.6597772431350254
0.6596498630884355
0.6596972922677238
0.6597619030916148
0.6596680410996693
0.6598415015911543
0.6597326200354596
0.6596143394182303
0.6597624413588273
0.6596811563034413
0.6597086478293303
0.6598051105042859
0.6596798760484845
0.6597915064208438
0.6595241453148898
0.6598655869771004
0.6596483321741176
0.6597112172101225
0.6597443973520826
0.659760193815402
0.6597881119495705
0.6597302964382665
0.6596792448550038
0.6596413243824718
0.6597319448179182
0.6596505976069972
0.6596789563519633
0.6597483476108097
0.6596680232711677
0.6596869517755903
0.6596459155910703
0.6597118281129766
0.6596854329504708
0.659711233156719
0.6596949996703309
0.6597870672176985
0.6596068519528461
0.6597358680095022
0.6597274930622008
0.6596392320247463
0.6597807889336462
0.6597110388470255
0.6596830969343828
0.6596983101694034
0.6597615681376683
0.659722611438436
0.6597801920324181
0.6595948614824847
0.6596539696956987
0.65963611518724
0.659707490341393
0.659761898714153
0.6596663616424466
0.6596238699251677
0.6597407255959875
0.6596131174270335
0.6597242548440921
0.6596749145799172
0.6597166174054482
0.659704749753694
0.6596921812165203
0.6596977314096029
0.6596870950873297
0.6597546631271173
0.6597745521238172
0.6596974932190512
0.6596610104053406
0.659708688458466
0.6596945969127188
0.6596503359839709
0.6596281519604081
0.6597466834178068
0.6598186749323921
0.6597507827214449
0.6596642117705446
0.6596884141131877
0.6597175097453748
0.6597189396341621
0.6596874462350246
0.6597617947172555
0.6597047680333399
0.6596740144269384
0.6596601673260197
0.659750410853756
0.6596997556223502
0.6596978534141882
0.6596971173709869
0.6597311083762404
0.6596868235845779
0.6597114640126837
0.659732041634584
0.6596784560361512
0.6596622465030779
0.6596906067782
0.6597556536740594
0.6596762457613253
0.6597453719437919
0.6596547454202013
0.6597032037967032
0.6596773896146666
0.659657437149046
0.6596410571785831
0.6596654116292284
0.6596953658565448
0.6597411762636418
0.6596615931999217
0.6596541078568599
0.6597207704348351
0.6596755706866108
0.6597297851434196
0.6596457331103197
0.6596748565445875
0.6596495013975988
0.6596847309475526
0.6597295830787325
0.6597098635439206
0.6597272840799484
0.6596231295758909
0.6597114271329378
0.6597362009277862
0.6596447345429306
0.6597844468211711
0.6597414050783146
0.6596798537070023
0.6597291569684146
0.6597010012861382
0.6596998356172693
0.6597113551666293
0.6597156455715363
0.6596941230898153
0.6596946731258277
0.6596663431792349
0.6596763883826808
0.6597328046507722
0.6596528163561317
0.6598033755807546
0.6596923683852136
0.6597204928256845
0.6596978229004488
0.6596808293153648
0.6596949865471072
0.6597312453797259
0.6597134208599981
0.6596792334320926
0.6596807422136015
0.6597031376457768
0.6597186260334771
0.6596412374819298
0.6596284623558935
0.6597230882262874
0.6596816273560253
0.6597116250254567
0.6596643930189757
0.6597106694136475
0.6596486523651515
0.6596832275913789
0.6597185250888661
0.659740359680441
0.6597067177861492
0.6596347103811822
0.6596578917573104
0.659698782458296
0.6597515084303299
0.6597333327136816
0.6596871813436926
0.6597374852611992
0.659681127481712
0.6597085439155812
0.6596865959106138
0.6596821527021693
0.6597289019214937
0.6597081925578666
0.6597595637920356
0.6596852467526881
0.6596763391278128
0.6596971377612616
0.6596687441535976
0.6597553424869373
0.6597371970057502
0.6597343165059838
0.6596542455954363
0.6596940197038584
0.659642861491805
0.6596899420347208
0.6596985357803351
0.6596676847624471
0.659706760260249
0.6597118142741805
0.6597075397066464
0.6597045941243589
0.6597280235346282
0.6597176962182735
0.6596715367332333
0.6596916066634496
0.65974499224522
0.6596987454393016
0.6596864479303255
0.6597606217795821
0.6597221318819911
0.6597322389928002
0.6597002084587864
0.6597218675621287
0.6597783162477106
0.6596845904543005
0.6597278796540084
0.6597235123814688
0.6596765441797916
0.6597593247796942
0.6596672562860463
0.6597267819763867
0.6597006191315803
0.6596961911493112
0.6596617686154337
0.6596486509959519
0.6596756273457987
0.659668754791426
0.6596692776172164
0.6596174685145326
0.6597029361690689
0.6596115175493851
0.6596563031838714
0.6597444654008597
0.6597147290267203
0.6596906688508025
0.6597002232988747
0.6597423308075133
0.6597225951932424
0.659654597323418
0.6597049243421554
0.6597495661631824
0.6596373515920886
0.659668330624799
0.6597006816321542
0.6596803211584845
0.6597199180730987
0.6596865250465206
0.65969552380226
0.6597168638793666
0.6596608781111163
0.6596631157569942
0.659684448603624
0.6596837225064108
0.6596789143703674
0.6596853286301759
0.6596913732093511
0.6597613374348555
0.6596838148923987
0.6596660832393035
0.6596702905963485
0.6596846751325407
0.6597250494896661
0.6597255887963437
0.65968486725248
0.6596816452825318
0.659712056949866
0.6596593112340957
0.6596628584019154
0.6597125264831718
0.6596393821846769
0.6597253151246357
0.6596758249361752
0.6596505700067463
0.6597125731853495
0.6596961570266922
0.6597114477556246
0.6597095747941637
0.6596883995555215
0.659721334932009
0.6597279937235476
0.6597269218473607
0.6597000843489336
0.6596754935037057
0.6597199597089627
0.6597058885328553
0.6597270819965615
0.6597325566074446
0.6597181239810396
0.6597116827407811
0.6597071555904429
0.6597447856471452
0.6597043830467796
0.6597318376177064
0.659658744837829
0.6596742528936145
0.659722226224945
0.659722055793571
0.6597152938092209
0.6596971023698123
0.6596941258857765
0.6596867043795558
0.6596662939147081
0.6596962648644094
0.6596780682540317
0.6596727095232598
0.6597261213551816
0.6596958863216456
0.6596948750536572
0.6596806968873566
0.6596610325838442
0.6596507715862872
0.6597388146421133
0.659704866042293
0.6596768301819024
0.6597070865375088
0.6597087575103628
0.6596630048132053
0.6596689570813957
0.6597221150687937
0.659697124708642
0.6596969632168495
0.6597128960385353
0.6597000275302229
0.6596939154953294
0.6597120185606501
0.6596683275186906
0.6597029481768288
0.6597337630227498
0.6596778090382746
0.6597304706079322
0.6597383275621328
0.6597063558731745
0.6596844359836348
0.6597300492696552
0.659683338269259
0.6597188171246393
0.6597106480928856
0.659694415406328
0.6597361316654675
0.6597187629392174
0.6597106909123911
0.6596824337127997
0.6596863123761346
0.6597077637605097
0.6597226054267036
0.6597308185695321
0.6597102141807578
0.6596958676658026
0.6596907844674974
0.6596848303915028
0.6597141765840792
0.6597290432400602
0.6596602431700705
0.6596865064226739
0.6597117084033068
0.6596836764642661
0.6597375652327998
0.6597094731070196
0.6597080461758119
0.659693836999375
0.6597025988513847
0.6596905782352884
0.6596897485194109
0.6597166652496548
0.6597358157043867
0.6597093809421136
0.6597482891675529
0.6597354211077476
0.6597338405461973
0.659732287242415
0.6597177054537829
0.6597122128117112
0.6597372452293404
0.6596792460805299
0.6596785087550401
0.6597162069123909
0.6597187021433436
0.6597038160482395
0.6596672556694135
0.6596664724961216
0.6597070671250421
0.6597115616160595
0.6596691286418747
0.6597306799851683
0.6597249752478299
0.6596856419688413
0.6596824781723746
0.6596942887300978
0.6596838249711927
0.6596735275794499
0.6596839071384824
0.6596815528773871
0.659698317106296
0.6596695009485597
0.6597314870197596
0.6596614836928173
0.6597050911488401
0.6596976242754911
0.6596823251250308
0.659716600984031
0.6596903762185072
0.6597313027993409
0.6597200859614433
0.6597215081482037
0.6597056362592753
0.6597093305449296
0.6597161915393354
0.6597051862318213
0.6597171730482447
0.659734809858433
0.659667300613599
0.6597127829412675
0.6596904521795629
0.6597318752090552
0.6596998578815882
0.6597177339800896
0.6596816720417824
0.6596960755652556
0.6597002858931339
0.6596803826524807
0.659717732073172
0.6596750391317403
0.6597139976328077
0.659698600162589
0.6597178505185236
0.6597429107679372
0.659710100381542
0.659694676806377
0.6597035040676985
0.6597415238166465
0.6597272680824333
0.6597151693890572
0.6596582630124396
0.6597385499982434
0.6597319131755023
0.6597028586396282
0.6596678899267161
0.6597180165934949
0.6597130001599456
0.6597095558433982
0.6596757610973376
0.6597151131142421
0.6597022376389398
0.6597046822326672
0.6596946670118125
0.6596754310312987
0.6597033678944116
0.6597022129259753
0.6597150934581586
0.6597023789318017
0.6597158807933127
0.6597313728706856
0.659683362655643
0.6597071327003384
0.6596951807039753
0.6597233340515988
0.6597084102071098
0.6597170990086751
0.6596991619023553
0.6597060401784587
0.6596568374595314
0.6597128327683506
0.6596941719705182
0.6596985426081056
0.6596956307718067
0.6596986401195566
0.6597211359066489
0.6596908969095432
0.659694996762091
0.6597164819478121
0.6596737653872009
0.6596886062535575
0.6596737477133565
0.6597043411761704
0.659696774216481
0.6596905328843728
0.6596871671564504
0.6597185638373215
0.6596940715871288
0.6596890291534737
0.6596883617750202
0.6597087421312892
0.659707203035003
0.6597106833570471
0.6596990740344781
0.6597063319584539
0.6597270626796561
0.6596874429564805
0.6597150458983089
0.6597016693963385
0.6597051932204419
0.6597009003256371
0.6597369579043946
0.659757308723245
0.6596915458545777
0.6596785747325384
0.6597203147640556
0.6596942026627763
0.6597211811864798
0.6597138680078191
0.6596997862167225
0.6597347072225546
0.6597140757590525
0.6597296020657842
0.6596949038735658
0.6597200242987312
0.6597023427318828
0.6596977691175763
0.6597159520369162
0.659707952348131
0.6596600309554825
0.659704318705456
0.6597048436093981
0.6596795582119014
0.6597219232819916
0.6596581302268448
0.6597005456519018
0.659710638868566
0.6597047465071596
0.659694592240032
0.6596972054150925
0.6596892979569311
0.6596672288564649
0.6596995981301861
0.6596698437996842
0.6597131587469047
0.6597244233372201
0.6597212708255188
0.6597294002201933
0.6596920323917552
0.659714721245814
0.65968466520549
0.659691569776638
0.6597220459924243
0.6597179124008836
0.6597072783253165
0.6597016241445512
0.6597337923909339
0.6596967872689556
0.6596906504073909
0.6597070615677819
0.6596967027052181
0.6597087998896853
0.6597190363233558
0.6597302826422113
0.6596827177598541
0.6597095937433635
0.659691728780959
0.6597007834148686
0.6596897415452235
0.6597037850644568
0.6597025590823877
0.6597186911755539
0.6597165441752383
0.6596978778482302
0.6596815842578171
0.6597158275574235
0.6597042733675443
0.659676575960927
0.659697484056111
0.6596951423202658
0.6597223622718862
0.6596926520361032
0.6597390994921091
0.6597024789519557
0.6596876056133496
0.6596829101510447
0.6597128864931445
0.6597206869392871
0.6596952585645415
0.659705130934083
0.6597019293900276
0.65970345010289
0.6597154403606099
0.6597045068467374
0.6596844235140368
0.659723732244386
0.6597015247646705
0.6597099025923621
0.6596631380342504
0.6596936396196219
0.6597104240962003
0.6597106773275857
0.6596979354595459
0.659716097674523
0.6596960684016024
0.6597072180675475
0.6596980865637952
0.6597390292857689
0.6596957228983317
0.6597043034829627
0.6597094309312636
0.6597129638523398
0.6597048502948996
0.6597015883969882
0.6597284372114175
0.6597001498996029
0.659703122991063
0.6596856534458665
0.6597037065662865
0.6597029329094355
0.6596978964481041
0.6597327251115822
0.6596944242682399
0.6596970621370674
0.659702439149644
0.659701686270623
0.6597085411623688
0.6596991624205821
0.6597066761612477
0.6596885547187359
0.6597010064294563
0.6596919055708894
0.6597024064192069
0.6597166180815454
0.6597018875175186
0.6597059181641989
0.6597049965406424
0.6596909618219581
0.6597042749651655
0.6597069257033344
0.6596993320179956
0.6597026585654541
0.6596865776145924
0.65971993745146
0.6597136217590932
0.6597168897773702
0.6596861740253991
0.6597136895869444
0.6597046638676403
0.6596926887574189
0.6597143126795123
0.6597015196434373
0.6596882419484126
0.659708354980678
0.6597159879724876
0.6597182998410017
0.659705876678187
0.6596890031948599
0.6597078210107737
0.659683278542219
0.6597077556396843
0.6597115446148082
0.6597022216984535
0.6597285599588808
0.6596900630341966
0.6597092751523392
0.65970419104907
0.6596886246864212
0.6597113553831194
0.6597148217196526
0.6597257990321768
0.6597058485571099
0.6597056575321716
0.6597132153675962
0.6597068618445538
0.659710030351602
0.659699832889019
0.6596946409987108
0.6596805703608292
0.6596767481522426
0.6597099920577087
0.6596864323434647
0.659708853179554
0.6597092268453171
0.6596759343086355
0.6596783234869452
0.6596959270240783
0.6596909366527228
0.6596989786690853
0.6597134618363701
0.6596946330648532
0.6597006337107051
0.659709110672585
0.6597018055449493
0.6597079849536822
0.6597035410411836
0.6596979671087625
0.6597068520798249
0.6596801094023004
0.6597022350923567
0.6597046369451517
0.6596885292278133
0.6596802576061289
0.6597029526236189
0.659706313196503
0.6597032995859167
0.6597238141070181
0.6597143126736225
0.6596951950448822
0.6596965820303704
0.6597113999426741
0.659689089566168
0.6597028303508078
0.6596965503558228
0.6596801933599964
0.6597270406691529
0.6597115585558853
0.6596789582263336
0.6597133852779671
0.659686331287754
0.6596995217013019
0.6596883263780143
0.6596922996016443
0.6596959368242954
0.6597162946268651
0.6596992433874509
0.6596849748309364
0.6597016282828173
0.6597007817436495
0.6596975393610143
0.6596918956764596
0.6596901054556825
0.6596895906639481
0.659702077908305
0.6597001951887953
0.6597038994132854
0.6596959659902605
0.659712163017643
0.6597038617165767
0.6596937533150876
0.6597038604091111
0.6597139801548575
0.659719060308545
0.6597018762966503
0.6597142224577457
0.6596835798722723
0.6596884206999123
0.6597037996320343
0.6597158401323294
0.6596915547171066
0.6596993022125147
0.6597045643084127
0.6596936600246202
0.6596842696759164
0.6597014695274527
0.659713691602665
0.6596909355168253
0.6596925679270508
0.6597320746154725
0.6597120784610757
0.6596907223356797
0.6596977087520715
0.6596886571002183
0.6597078276689019
0.6597111638998683
0.6596919179980553
0.6596894014218423
0.6596873211715952
0.659704656161442
0.6597090313799293
0.6597089005309159
0.6596974364255195
0.6597202008005988
0.6596793369340468
0.6597062504626046
0.6596974571094892
0.6597176750903374
0.6597110223760942
0.6596992555545448
0.6596992558177334
0.6597060772670238
0.659691803412573
0.6597060266552552
0.6597002160536528
0.6596905152517872
0.6596969963591395
0.659713846845228
0.6597085301862593
0.659708364701004
0.6597076895935219
0.6597056879494144
0.6597048262725898
0.6597090973581302
0.6596972427517096
0.6596963386582952
0.6596921856543102
0.6596867749429537
0.6596916719738516
0.6597009817701572
0.6597014996740359
0.6596962816810553
0.6596892406803385
0.659716103885953
0.6596963523247937
0.6596953564470128
0.6596958913015377
0.6597040943624798
0.6597020814920104
0.6596916969022523
0.6596862991774819
0.6596999777375249
0.6597044393718255
0.6596877790626655
0.6597010049931569
0.6597008078839587
0.6596971222343959
0.6596965719465905
0.6596960201710225
0.6597133441228605
0.6596985426116712
0.6597065085366113
0.6597046583894441
0.6596939327795043
0.6597047040339697
0.6597127584848738
0.6597008027653436
0.6597147867810337
0.6596973698108959
0.6597006414741107
0.6597100809245087
0.6597097041764768
0.6597099800325396
0.659710619391818
0.659707179609174
0.6596961118896598
0.6596914619256175
0.6597146285735143
0.6596990054363496
0.6597020471063496
0.6596974139753078
0.6596948103416453
0.6596867949701279
0.6597009241595552
0.659701735478439
0.6596935343308029
0.6596996292388518
0.659703675435055
0.6596992348683394
0.6597002976599693
0.6597052024531367
0.6596966444289969
0.659702013993663
0.6597028226327059
0.6597044857103567
0.6596973024527663
0.6596855739946599
0.6597115287840046
0.6597064612655494
0.6596969572956773
0.6597034423917086
0.6597049862352865
0.6597178890240349
0.6597133363415288
0.6596913134391199
0.6597072500619272
0.6597107444740817
0.6597085634467196
0.6597038155285052
0.6596942735247813
0.6597044804761943
0.6597105226881356
0.6597003813913785
0.6596961172887146
0.6597080332573562
0.6596967818433896
0.6596986206339586
0.6596948208634792
0.6597055865749019
0.6596998021666983
0.659706008118914
0.6597004577427407
0.6597050855438366
0.6596997599141423
0.6596987397737409
0.6597091601700936
0.6596986750067153
0.6597085546154156
0.6597020650208496
0.6597063959553175
0.6596943874151723
0.659694028883356
0.659697502507914
0.6597016271094499
0.6596964707584346
0.6597011598509298
0.6596940953913054
0.659705603029596
0.6597020420926328
0.6597103813044936
0.6596969004569283
0.6596997911255257
0.6597050324420948
0.6597113337814948
0.6596988688159421
0.6597001305779562
0.6597010143406021
0.6597095353851391
0.6596955721647698
0.6597032153380732
0.6596974548517712
0.6596980124641852
0.6596990321160049
0.6597047671580305
0.6596998788236129
0.6597015764315001
0.6597027693264175
0.6597011226079208
0.6597054066371288
0.6597019052580918
0.6597041644531593
0.6596932271044387
0.6596993014657992
0.6597017732005376
0.6597082433388616
0.659693632467897
0.6597099617039074
0.6597006242847953
0.6596980962137969
0.6596954931230663
0.6597024934910205
0.6596992925525715
0.6596980042399139
0.65970167818047
0.6596988782809047
0.6597011989731544
0.6597010581463645
0.6597004997749224
0.6597037884296014
0.6596995388089056
0.6596966791478726
0.6597021540728758
0.6597004993162773
0.6597036755183617
0.6597024602653714
0.6597003234598721
0.6597028042442704
0.6597032665528163
0.6597036718735179
0.6597023012314276
0.6597008349664059
0.6597031452216434
0.6597017648498762
0.6597004959693903
0.6597021636945717
