0.6144266411248792
0.6134155074363344
0.6135548863221485
0.6150578593397688
0.6131821756270533
0.6133168926157959
0.6131841404747849
0.6130583992758167
0.6136948203687552
0.6133082971828824
0.6137228680254149
0.6127698611469429
0.612906678742352
0.6124768801828976
0.613065426325083
0.6130514008463341
0.6132371225675659
0.6133516267037337
0.6131335495766802
0.6131172573749308
0.6130337479713236
0.6133503637699801
0.6130354329816311
0.6129614554168994
0.6132862825394391
0.6131144646849009
0.6128153537790219
0.6130816369935823
0.6131369248836885
0.6132108622586252
0.6128919079663611
0.6130717610614551
0.6134968673431495
0.6133908476779132
0.6132167337648647
0.6132059421437832
0.6132889087743261
0.6131093493680286
0.6130270131094069
0.6131911035416218
0.613391928865999
0.6132461440436534
0.613104631783009
0.6130501711877552
0.6129656425400511
0.6130260780303778
0.6129993473038299
0.6129110494126063
0.6132259871409007
0.6131830423157462
0.613146420244956
0.6132639510238818
0.6129749101940468
0.6128828026645631
0.613121587966777
0.6133986759211951
0.6129811632800938
0.6130133248323667
0.613069567257946
0.613065943027587
0.6132109564230307
0.6133464321511763
0.6130525840945217
0.6131854877893426
0.6130643850014323
0.61306052186214
0.613249098556223
0.6131986583384008
0.613167567126419
0.6129658494913823
0.6131630705207332
0.6131474881460757
0.6128832162798413
0.6132464588923247
0.6132024546155973
0.6130696539702142
0.6131295547824397
0.6133342601040719
0.6130962880959946
0.6131776447991909
0.6132010101209455
0.6129032064765015
0.6131933990187673
0.6129821415161814
0.6132611950992997
0.61319468437564
0.6131060312801324
0.613143263412922
0.6131145224262167
0.6129419286079153
0.6129862818295027
0.6131216338153165
0.6131854937925676
0.6129848983224396
0.6129177385539344
0.6132308684880156
0.6129979977361031
0.6130356984570691
0.6130579675239769
0.6131778074259939
0.613207523959862
0.6132255997692283
0.613050702509385
0.6131045663643454
0.6131802375151773
0.6131410499165635
0.6133581912856605
0.6133149734569253
0.6132040103127049
0.6133437947252258
0.6131483052641911
0.6131084580666635
0.6132975970695186
0.6130532556877935
0.6130546140218236
0.6129830361129887
0.6132449512829791
0.6131539632874513
0.6131567603957473
0.6131978286006866
0.6133276207939794
0.6132152919038415
0.6130605062019581
0.6131385826471498
0.6130756743565973
0.6131598910578108
0.6130471508118306
0.6132526456959408
0.613197145016049
0.6131561359534157
0.6132651655153881
0.613254805796939
0.6131725003804177
0.6132048490101194
0.613185596542193
0.613220003056826
0.6129633703273049
0.6131928566257111
0.613346349661653
0.613138930896622
0.6129103798358327
0.6132233606236616
0.6130861431418431
0.6132225859114726
0.6130442793728756
0.6133204462392858
0.6129870820826008
0.613088159756579
0.6130234130409025
0.6132167465965489
0.6131724117866866
0.6132908611759543
0.612984232131734
0.6132430088869733
0.6133122583393303
0.6129670289259239
0.6131374184499868
0.6131935698870068
0.6131427649656689
0.6131498571658134
0.6131359164620515
0.6129860349054964
0.6132502326584018
0.6129632555654438
0.6130680587720374
0.6131144417855902
0.613209253109739
0.6131117970227362
0.6131566627952676
0.6131253740173682
0.6130905064933869
0.6131261099753
0.6130388830203611
0.6130709393930452
0.6131503560646414
0.6130997612856588
0.6130925490641529
0.6131826054618741
0.613126632123595
0.6131907817613967
0.6131303821936072
0.6132116877004358
0.6130791664504928
0.6130318043753076
0.6131800542569994
0.6131915369740556
0.61320465307786
0.6131392030733954
0.6132291759814027
0.6131056462885541
0.6131170219751974
0.6131600537046347
0.6130781545495659
0.6131531240643989
0.6130656980372142
0.6131010493598217
0.6131067277091246
0.6130567039395953
0.612966050458067
0.6130429934013588
0.6132512394032054
0.6132261139702715
0.61324002862978
0.6132166038143471
0.6131431025721068
0.6131279264622228
0.6131393510506107
0.6132068158186484
0.6131322963057817
0.6130629536656601
0.6131237274521706
0.6131118792684781
0.6130393128504062
0.6131428505787713
0.6130417809186972
0.6131958243279935
0.6131391219728385
0.6131080599265032
0.6130521933843284
0.6131589009244232
0.6130235381680211
0.6131446851793947
0.613241818890526
0.6132921123515876
0.613052879748305
0.6131592759629073
0.6132537945782971
0.6132370262514207
0.613075101573393
0.6130698988622091
0.6132215245986758
0.6132500253771194
0.6131224009316127
0.6131295223136182
0.6130958739645658
0.6130657011257207
0.6131391877961364
0.6130946746817856
0.613104238583583
0.6130741455521598
0.6131369443291226
0.6132263381033337
0.6131331451984486
0.6131325116412468
0.6131853776224012
0.6132085444754186
0.6131301283105538
0.6130091412864777
0.6131279526931197
0.6131515199131558
0.6130914296455258
0.613181279596056
0.6131532987443566
0.6131236053347066
0.6130868543522052
0.612975566924756
0.6131238735693436
0.6132267787180032
0.6131539180593508
0.6131428033683166
0.6131082738507868
0.613233092304405
0.6131745210057705
0.6131227378135116
0.6131119573517199
0.6129874268925747
0.6132496361324408
0.6130797391502665
0.6131055975653198
0.6130738523099158
0.6131516227725958
0.6131390936956194
0.6131423910395375
0.613087905827673
0.6130994989477233
0.6130966272688196
0.6130909687630719
0.6131364183153117
0.6131560806355008
0.613256222693236
0.6131451618680939
0.613163715191727
0.6130966434460167
0.6132264429629688
0.6131520849405059
0.6132781054018582
0.6131321247492595
0.6130579579427519
0.6132559485238951
0.6130870274319589
0.6131642576942595
0.6132036508582153
0.6130448275793047
0.613109876451741
0.6131176688584268
0.6130311111122022
0.6131274923017925
0.6131666681191096
0.6130830857976247
0.6131635296242641
0.6131938480695489
0.6130872069366068
0.6131963830583697
0.6132082454959669
0.6132026975053119
0.6130909171960109
0.6131472042581899
0.6131239639026875
0.6131789382723543
0.6130475341323499
0.6132473364476492
0.613221507078904
0.6131324469543415
0.6131844517689857
0.6130987526934738
0.61309174892679
0.6131321274150061
0.6131589590667877
0.6131001276441129
0.6130707709109583
0.6132399413960553
0.6131161745723676
0.6130864713580791
0.6131800655157623
0.6131797153389569
0.6131960390445669
0.6131206059824366
0.6132163987435338
0.6131656505748034
0.6131427470455831
0.6131193224832763
0.6131880942803849
0.613152251888937
0.6131415519223916
0.6130910503838857
0.613169713039404
0.6131619952576306
0.6131798037655163
0.6131739956700841
0.6131629135807081
0.6130985057205859
0.6130891255575236
0.6131415875942413
0.6131349813132502
0.6132337319849703
0.6130803673800589
0.6130867265091391
0.6131010043944443
0.6131322094122063
0.613154754696137
0.6130800158754147
0.6131680966599834
0.6131194730023241
0.6130746378140383
0.6131085287371753
0.6131569242242263
0.6130996323781543
0.6131316057343953
0.6130706391073439
0.6131131933311239
0.61313175527307
0.6131337550904289
0.6130286215815994
0.6131105631466712
0.6131363127696335
0.6130739126391469
0.6131652337998372
0.6131149419860962
0.6132084107360591
0.613186171950153
0.6131587547362544
0.6130900849398707
0.6130787081111831
0.6131300719174158
0.6131105862545199
0.6131752910149604
0.6131430997676842
0.6131794959960591
0.6131392899708218
0.6130911211328764
0.6131239841692212
0.6130799713533561
0.6131240481608528
0.6131345419741435
0.6131765120813205
0.6131359473894276
0.6131628089154845
0.6132306014688361
0.613101341942623
0.6130512343495392
0.6131214436765656
0.6131226710984415
0.6131122325353514
0.6130826751433227
0.6131090991621512
0.6131462914218648
0.6131209431045543
0.6131725400360851
0.6130748701029773
0.6130936823093254
0.6131256681109012
0.6131351072957257
0.6130525477325844
0.6131086926648374
0.6131087510052209
0.6131151341107303
0.6132097938219588
0.6132057724256414
0.6131920514941941
0.6131266156660499
0.6131382752014948
0.6131342284915803
0.6131224088709922
0.6131052932173557
0.6131419437987797
0.6132146502817256
0.6131807513481603
0.6131150659070181
0.6131585107927396
0.613181796697685
0.6131896343701965
0.6130915476768758
0.6131725243997157
0.6131585656712856
0.6130954273261141
0.6131292232371527
0.6131337131320322
0.6131944554956492
0.6131244706172961
0.613193181993266
0.6130635280909035
0.6131180352962661
0.6131502125245587
0.6130943801339189
0.6130775440866961
0.6131591755227078
0.6131137245780962
0.6131098412630362
0.6130571995530859
0.6130553035293586
0.6130793010830945
0.6131527890024976
0.6131625789740808
0.6131621404338489
0.6131149797174591
0.6130772870008597
0.6131724842525937
0.6130912448697895
0.6130756018751383
0.6131572834410808
0.6131246023326563
0.613234837886589
0.6130868740000859
0.6131923769945092
0.6131741884040212
0.6131885160873105
0.6131478932816176
0.6130783454366779
0.6131799046249331
0.6131592970644497
0.6130078788585386
0.6131295523446987
0.6131429791986452
0.6131151654132349
0.6130994386226783
0.6131662780041526
0.6131481281034942
0.613140853316287
0.6131665306584265
0.6131386803209036
0.6131544823601949
0.6131799930299953
0.6131285603944366
0.6130773344508137
0.6130652661731125
0.6131002229416561
0.6131665409306531
0.6131289013440663
0.6130851028588276
0.613167814255168
0.6131012273383254
0.6131497443511813
0.613179201865647
0.6131202879062064
0.6130616865212851
0.6131452722826058
0.6131840436783114
0.6130867357091345
0.6131475313908737
0.6130781853619741
0.6132232136117838
0.6131175974588041
0.6131136438794054
0.6131270225326446
0.6131198143815674
0.6131305827907017
0.6131019322034197
0.613139981019073
0.6131068042405045
0.6131951157786099
0.6131607440239827
0.6131895785235889
0.6131703887966757
0.6130989959554279
0.6131362145043935
0.6132005443479837
0.6132320608198847
0.6131611659812699
0.6131338315855762
0.613124070986325
0.6131481354347312
0.6131306911983462
0.6131251166831208
0.6131329025019336
0.6131309611881853
0.6131481893226745
0.613078269307607
0.6131789952928206
0.6131520689131662
0.6132005552513068
0.6131134965152436
0.6131675022053326
0.6131672264115997
0.6131451879778506
0.6132057603192004
0.6131440300442292
0.613129901190232
0.613179542281041
0.6131511568790953
0.6130833555283931
0.6131504930323614
0.6131104945870494
0.6131459630504172
0.6131377517850709
0.6131565397884624
0.6131262847096441
0.6131261997726419
0.6131081237815315
0.6131670353271533
0.6130985010205487
0.6131589651745816
0.6131106035518133
0.6130436405488087
0.613117569842429
0.6131148633888888
0.6130915573515413
0.6131479309461926
0.6131198635249809
0.6131825392036099
0.613104400374762
0.6131439474759526
0.6131548124877948
0.6131661318772688
0.6131309474936425
0.6131832448852905
0.6130758319101082
0.6131498414203493
0.6131773649237499
0.6131060053660765
0.6131280340399997
0.6131067073415477
0.6131014460494963
0.6131460976025399
0.6131521784425318
0.6131396407022616
0.6131364625804788
0.6131052503543984
0.6131444795945178
0.6131589242395713
0.6131285873955336
0.6131211586529516
0.6131073466043183
0.613125428702285
0.6131453252204205
0.6131478965659211
0.6131016090564869
0.6131826496453204
0.6131034892462903
0.6130683592028248
0.6131919036274088
0.6131917873631392
0.6131454156376202
0.6131150021035063
0.6131553033305048
0.613094604419115
0.6131346565275211
0.6131597401618234
0.6131567364980426
0.6131311895793626
0.6130988192029666
0.6131767542331904
0.6131372947220116
0.6131063855877479
0.6131725944258226
0.6131165382903752
0.6131455913082
0.6131236613761125
0.6131005954399472
0.6131038431259592
0.6130937515694472
0.6131387058808044
0.6131397778126945
0.6131273565041442
0.6131679117002704
0.6131366786662428
0.6131561245060869
0.6131512584694417
0.6131304424724038
0.6131199808186422
0.6131474337215507
0.6131252561417043
0.6131914126808687
0.6131267929892766
0.6131312208554094
0.6130872394511835
0.6131641825576459
0.613179346030994
0.6131439649598762
0.6131484590063389
0.6131256430757847
0.6130521066245574
0.6131530993653168
0.6131119017679423
0.6131194218573158
0.6131208632000549
0.6131375672482616
0.6131634520714772
0.6130817405058578
0.6130847180983982
0.6131187277828717
0.6131459065493357
0.6131410467351612
0.6131571124873844
0.613089203391663
0.6131755764500612
0.6131113432784542
0.6131144377029927
0.6131452245174432
0.6130964164975853
0.6130892269116981
0.613112499508231
0.6130619990523647
0.6131445876068919
0.6131198433035022
0.6131303551717515
0.6131421254867006
0.6131058283020093
0.6131508121604667
0.6131506651334778
0.6131546156292396
0.6130974236557686
0.6131387526534714
0.6130631480327521
0.6131509128442143
0.6131486212679743
0.6131574217167864
0.6131103035364244
0.6131496559988349
0.6131103508892328
0.6131326671630478
0.6131547776840607
0.6131340928672762
0.6131580537135433
0.6131202477848863
0.6131306174152164
0.6131263414344974
0.6131932467620947
0.6131089345944735
0.6131360988606063
0.6131629241757663
0.6131109008184723
0.6131945150281339
0.6131215061258399
0.6132010028115804
0.6131135908928791
0.6131228338763056
0.6131311719541657
0.6131489600468494
0.6131058862964386
0.6131456861972276
0.6131291339571124
0.6131305222199762
0.613086158561861
0.6131858765186865
0.6131463413266532
0.6131261181213636
0.6131275819015355
0.613130186926386
0.6131241255409946
0.613190261601145
0.6131685561168159
0.6131553747779988
0.61314359525843
0.6131569946871838
0.613121166852801
0.6131108365421404
0.6131390467781784
0.6131279080824262
0.6130980688314245
0.6131440098482153
0.6131037316262916
0.6131102109677397
0.6131338041124419
0.6131173559871728
0.6131435359259189
0.6130806281747435
0.6130925649948246
0.613136545716783
0.6131326307263385
0.613127248545707
0.6131375062478712
0.613159532982447
0.6131014872682606
0.6131118171516973
0.6131285873215486
0.6131329427715535
0.6131357919639825
0.6131435609133531
0.6131384185896133
0.6131425986910733
0.6130891798946941
0.6131390622277609
0.6131531027879629
0.6131411710072967
0.6131261755398657
0.6130733024898518
0.6131437936954549
0.6130958431623287
0.6131506729698898
0.6131284371330886
0.6131319104154241
0.613174902331483
0.6131150958850676
0.6131527304207941
0.6131204062807742
0.6131590475042443
0.6131206759066327
0.6131616607461604
0.6131231292170237
0.613117234202505
0.6131534758107182
0.6131319388617472
0.6131179918908076
0.6131147782871728
0.6131181783364449
0.6131243652948891
0.6131007111812794
0.613154012842916
0.6131285547185047
0.6131206832798662
0.6131324764201368
0.6131184542661423
0.613143633215429
0.6131371546904427
0.6131748910970513
0.6131413113950114
0.6131675933505311
0.6131786833887856
0.6131459444043267
0.613164991404729
0.6131336665077759
0.6131388541788593
0.6131485148855378
0.6131286008346226
0.6131422845169282
0.6131131444456485
0.6130954638277571
0.6131158069089514
0.6131260863223679
0.6131620530972983
0.613139395068607
0.6131237938920654
0.6131228060396291
0.6130859365150074
0.6131117354697271
0.613178992702963
0.613126826020119
0.6131352671231158
0.6131271459726744
0.6131380227418194
0.6130853254421127
0.6131420991154817
0.6131277394860205
0.613142141118456
0.6131418932776523
0.6131285943363646
0.6131556249529653
0.6131580076222832
0.6131675351814246
0.6130967437999247
0.6131067919199062
0.6131637118715023
0.6131488817898411
0.6131409851730854
0.6131345333270035
0.6131390342751647
0.6131391330465839
0.6131233090655642
0.6131534901265174
0.6131527143412668
0.6131271414335806
0.6130922241915537
0.6131462266733827
0.6131297651764035
0.6131423886955825
0.6131257501020602
0.613151307619886
0.6131272288499773
0.6131380495643453
0.6131509060585595
0.6131668993364834
0.6131393916625125
0.6131460535296014
0.6131101486899646
0.6131460818961872
0.6131114317902868
0.6131430214974644
0.6131444844485349
0.6131120789592164
0.6131443181347024
0.613118789102464
0.6131602334496378
0.6130975368617329
0.6131142728782897
0.6131328640557038
0.6131101615861129
0.6131530321734101
0.6131400559423554
0.6131642185004119
0.6131404460755996
0.6131386195245042
0.6131358664676276
0.6131094905682208
0.6131539592425609
0.6131475986942644
0.6131306431272562
0.6131395500460054
0.6131157707622836
0.6131559561229156
0.6131297167587196
0.6131425006534215
0.6131083759030799
0.613122418390114
0.6131235206181556
0.6131609370709693
0.6131431715690308
0.6131407772962295
0.6131647521512685
0.6131350339076723
0.6131488182776699
0.6131269687832369
0.6131264489362163
0.6131035821139236
0.613145354723029
0.6131620787369547
0.6131188802200521
0.6131109055802393
0.6131380722384817
0.6131383666768292
0.6131477557574184
0.613136130831864
0.6131291088227037
0.6131336425780947
0.6131216478972108
0.6131347610029468
0.6131509382632329
0.6131296897429881
0.6131037905469707
0.6131466120697621
0.6131131623810604
0.6131359486232371
0.6131264016668317
0.6131458180137082
0.6131240363166424
0.6131363988507328
0.6131243610902145
0.6131160581605568
0.6131423731618101
0.6131131265603489
0.6131262265014982
0.613132376763227
0.6131364818313684
0.6131260150854213
0.6131232474921695
0.6131265547866587
0.6131318847348777
0.6131470261710817
0.6131301983643656
0.6131341996590018
0.613130946553553
0.6131269736372955
0.6131267160513518
0.6131359220327769
0.6131273260953296
0.6131357175810033
0.6131230015459578
0.6131201219760306
0.6131590359841411
0.6131436862371602
0.6131186445585285
0.6131369493021153
0.6131250031732156
0.6131246580374218
0.6131322490603368
0.6131282956415335
0.6131168444508901
0.613139105642346
0.6131334408112068
0.6131638958289474
0.6131367553403123
0.6131303087340432
0.6131243091030154
0.6131431709652861
0.613129337730955
0.6131384692971015
0.6131017412743212
0.6131165485811807
0.6131454957371885
0.6131213885650952
0.6131439938543164
0.6131234553319279
0.6131466745406088
0.6131176229422889
0.6131400108700119
0.6131422912771819
0.6131231344570948
0.6131500944345742
0.6131301243624186
0.6131199161034625
0.6131484507465964
0.6131417846102996
0.6131268794667947
0.6131413077160123
0.6131357869885474
0.6131161490771241
0.6131380556612807
0.613131981444174
0.6131231488356211
0.6131199147946642
0.6131399398965969
0.6131334027665576
0.6131444502835544
0.6131099664246527
0.6131339901434653
0.613145648220635
0.6131369519260816
0.6131307938064435
0.6131268893941834
0.6131410306128128
0.6131232960130018
0.6131392536387383
0.6131386973167329
0.6131393571253416
0.613149868448096
0.6131350875826516
0.6131177810907937
0.6131333316454276
0.6131371350715916
0.6131275449227482
0.6131248648973907
0.6131309636515488
0.6131386194505963
0.61314195562148
0.6131215788323483
0.6131382820823519
0.6131327451835529
0.6131278104766456
0.6131336085538706
0.6131321317385326
0.6131296144584552
0.6131276212422225
0.6131342175405474
0.6131434744606993
0.6131270707204576
0.6131402783840535
0.6131271217362004
0.6131197419613466
0.6131389376202987
0.6131379127418678
0.6131409676644162
0.6131271582031055
0.6131323733009645
0.6131252119242835
0.6131385664793965
0.6131390565544043
0.6131342289853376
0.6131264893165931
0.6131353733473163
0.6131360766517344
0.6131356947338652
0.6131384079425342
0.6131288687375113
0.6131344469126098
0.6131388554171497
0.61313597428654
0.6131322297131712
0.6131314206681726
0.6131352918424575
0.6131333229510608
0.6131335872956181
