0.0629681378591378
0.04387202520930842
0.0368903210205825
0.03131774895127382
0.0280944273004411
0.025489468963604916
0.023861235647147434
0.022018072936007733
0.02088639138948961
0.019727816527989
0.018856703993168123
0.017809943962587848
0.01727655089831854
0.016644083895720318
0.016020689168175586
0.01562724509989983
0.015079994827327735
0.014692197242605768
0.01428259496863527
0.013971134807421142
0.013578543491094854
0.013096252644758511
0.012872317025857631
0.012632983823011644
0.012427893114437892
0.012116196328924743
0.01184743485632529
0.011940258621608073
0.011644857129927952
0.011241540598466543
0.011176756937251231
0.010708095514941254
0.010745256992388036
0.01040429954742686
0.010368154617913676
0.01016434301930438
0.01004877993804727
0.009897345535951249
0.009931488381598973
0.0098200721690828
0.009579289154831557
0.00945825275229137
0.009359219091154523
0.00928148274319994
0.009174849400918422
0.00895248119673007
0.008971155477371198
0.00883699411218107
0.008738817791011351
0.008654666895152121
0.008548470491612854
0.008581015639985623
0.008364787328277496
0.008296390022131029
0.008252555272982643
0.008166060704277325
0.008070901615461094
0.00804299751061354
0.007861437118145187
0.00789790442256734
0.007802957325772481
0.007686601786795008
0.007599587978832155
0.007578392396623324
0.007533588267809004
0.007488642742117033
0.007404990495980511
0.007342151563630484
0.007260995988958618
0.007210920507288025
0.007157154671745613
0.007137963911382374
0.007085742837631992
0.0069256933835522404
0.0070799463776361005
0.006888413878309162
0.0068327372965803395
0.006846736784361258
0.00681569691866043
0.006738032287525576
0.006607564645952718
0.006714181340392668
0.006498469771316473
0.006519288617109289
0.006576994209347791
0.006498472130532692
0.00638947062549228
0.006393334076109708
0.00635580403375217
0.006323204397930822
0.006302613669768676
0.0062428569526832445
0.006232764296503968
0.0062153410225319694
0.006145161834255247
0.0060433767624479455
0.006010551061723313
0.0059649472946767534
0.005977876161992444
0.005973546353386306
0.005927376355846654
0.005866331468227977
0.005810334996157064
0.005761163067700187
0.005769249070668425
0.0057828538285278185
0.005677463874993472
0.005669526166457479
0.00563865652742662
0.005604901843121007
0.0056212314743210945
0.0056203941504226656
0.005599603885539552
0.005562860706166455
0.005558784894457356
0.005478133771925568
0.005475509251037965
0.005401649092883252
0.005320255372676545
0.005417431547447454
0.005336451794229558
0.005259745788782064
0.005342160244505564
0.005242484195618044
0.005297503033567703
0.005171666592133981
0.0052087183253105365
0.005190558019859119
0.005164071753319952
0.005085169255552682
0.005149277772465038
0.005094867465536523
0.005103478269089414
0.005033798158442868
0.005027862280479839
0.00499717065652046
0.004957129777029849
0.004955344375882548
0.004911271322254595
0.004924189067586582
0.00490183706718533
0.004869211031606658
0.004858933733773277
0.0047997124563163955
0.004811133762636695
0.004789066835034851
0.004793790885368397
0.004706567686197281
0.004776812179437461
0.004712277461782184
0.004753012156155434
0.0046845997533262644
0.004701971729911326
0.0046499484716472994
0.004631063440668643
0.004631305254375363
0.004583269370560304
0.004572540882085324
0.004580730324737403
0.004570706258806265
0.004503699174287741
0.00447159290302955
0.004453611096759632
0.004492321338908089
0.004422274101012669
0.004413860565623626
0.004398843725533315
0.00439718930713819
0.004398546197385318
0.004389133200933076
0.004394218091785228
0.004343999217926854
0.004350546458099702
0.004369429510847047
0.004327838505971648
0.00427515665346756
0.0043268516175554465
0.004206671459217243
0.004262887951337583
0.004233907203950344
0.004262910375673518
0.004214725988210152
0.00416761836046682
0.004142417253014689
0.004147706977214593
0.004147666320330398
0.004161310505318149
0.004143057846638101
0.004128564645294824
0.0040757626700613945
0.004087920364239975
0.004057219232351292
0.00404121541288086
0.00407626620121674
0.00403462356352361
0.0040119841926582744
0.00396287675302473
0.004015851330298629
0.00395083977113412
0.003973171394923381
0.003968081689261605
0.0038982029373352913
0.003979334226550637
0.003943872769081317
0.003906936053552413
0.003904991666006076
0.0038862735374009614
0.0038459780282012112
0.003889119590795079
0.0038564426769860938
0.0038328125952128422
0.0038356707941548753
0.0038344594196849614
0.0037889308484858448
0.003774560044895441
0.0037916470657886553
0.0037448135151806035
0.003788014186951125
0.0037422601218914946
0.0037392512114118696
0.0037052246006064856
0.0037645046816752034
0.0037054585288110835
0.0036798995811539027
0.00365337451039764
0.0037186807705879427
0.0036844730093395324
0.0036557713992371853
0.0036306431190664583
0.0036196111598538467
0.0036253008525310012
0.0036023662751369107
0.003613566694871216
0.0035662088831402705
0.0035865204849618174
0.003524765220391839
0.0035801340575607713
0.003529144147521718
0.0034922082066819898
0.003515330410316997
0.0034595504029280924
0.003494157821220247
0.003468030931273448
0.003530891746980542
0.0034787814932591777
0.003495919048894006
0.0034530568456616908
0.0034597075271068996
0.0034509633095595195
0.0034252342253541733
0.0034329839891955208
0.003384820029007406
0.0033877782847705575
0.003376124706621181
0.0034204785612079623
0.003402646492208998
0.003338846480008632
0.0033422441042785514
0.0033525762574213675
0.003282920722689512
0.0033900045418380135
0.003396050135914652
0.0032970201587030922
0.0033135061271883383
0.0032810609412367844
0.0032674803814172508
0.003269034642674811
0.003259722017485524
0.0032592882471315816
0.003283791985908598
0.0033075901384605
0.0032543010639229995
0.0032238954871658372
0.0032368878618168873
0.0032098238379240957
0.0031909455831976036
0.0031786144397106374
0.0032038678440981343
0.003197720817104225
0.0031706200105609387
0.003154866001217695
0.0031557636356563342
0.003149648953248752
0.0031500164987683177
0.0031244868816269335
0.0031595665007413676
0.0031382760913930565
0.003121995704269578
0.0031019353151000356
0.0030907081383898007
0.0031305621847537235
0.0030776508445163274
0.0030903047463391037
0.0030580398014242163
0.003055140999782444
0.003075936783470557
0.0030869917896841053
0.003047593366847926
0.003056722265470467
0.0030189445573727378
0.0030296125920910052
0.0030208636281902615
0.0030207601872174424
0.0029804435227354827
0.003014071730109964
0.0029863573118953973
0.002941762678936828
0.0029837891657239694
0.0029575068866373034
0.0029762817618949706
0.002960864582489678
0.0029259171863183103
0.002940103037146264
0.0029259438415688553
0.0029493549547235866
0.0029245134501040266
0.0028964869484119737
0.002896233816628124
0.0028925887847030007
0.0028867252266443987
0.002901429046231517
0.002890359907228193
0.0029022338907473285
0.0028435971125064124
0.0028602450984204575
0.0028615344375884015
0.002848063330327578
0.0028301005325718615
0.0027974488376065285
0.002797422946332228
0.0028120563683754745
0.002829379588939024
0.002813308047502939
0.0027932820483000938
0.0027917984132908853
0.002798313922047341
0.0027620406183176717
0.0027852189812442394
0.0027810498508684714
0.0027446925650591873
0.0026960001160646133
0.00276386659642186
0.0027373803633225172
0.00274898171315288
0.002754457033307658
0.0027678980963385023
0.002700439417748666
0.0027287339829825995
0.0027256745654019605
0.00272303900946068
0.0026986837209866887
0.002667666354002455
0.0027025868503581566
0.002669842393747465
0.002636142738456478
0.0026735056408612656
0.0026471637906178356
0.002646775224106256
0.0026620409041335624
0.002665274470292748
0.002656660639200989
0.0026259568715390545
0.0026348041979575893
0.0026169243748049276
0.002615020709836993
0.002616322147779775
0.002610981217638552
0.002638832421633694
0.0026320944358121266
0.0025976227246634924
0.002588109470788049
0.0025805241673972764
0.002552001028291406
0.002572045783188434
0.002590216190300894
0.002542614923748047
0.002521919457755031
0.0025803297512438234
0.002587467836144187
0.0025166533738165435
0.002539740161322723
0.0025288080113084594
0.002529506437271833
0.002531834969582857
0.002533249987607728
0.002492082280244312
0.0025107907547292693
0.0025061868102810407
0.002468437053088945
0.0024600107086716664
0.002462007595815665
0.002486511116428041
0.002458479827510675
0.0024751274030603383
0.0024592002854007555
0.002444514653139382
0.002417027123508985
0.0024323240497067834
0.0024150448304143496
0.002450458843939749
0.002407131003728206
0.0024459918747494376
0.0024171165271286
0.0024002063000866584
0.002411346689080209
0.0024173435573712305
0.0024170429688344206
0.0023719029248050983
0.0023706033817645837
0.0023634346521962855
0.0024053896256643857
0.0023931510427817188
0.002375857615323999
0.002355472227505746
0.0023354887401287236
0.002357220415217231
0.0023706042387853996
0.002337112332110073
0.002354008637270274
0.002327448378339475
0.002313633290598528
0.0023126231718631086
0.002334987568849735
0.0022977356020347653
0.0023348243399433266
0.0023003234791313027
0.0023045008015627993
0.0022785233573634424
0.0022916066340178012
0.0022780047628322402
0.0022600736578436797
0.00228721947857124
0.002250744218660994
0.002253775322892885
0.002278512930367884
0.0022015341053051936
0.0022594732672544496
0.002249596241117621
0.002242973282015748
0.0022649925880853564
0.0022331306096000916
0.002194271181800633
0.0022504000933528346
0.0022079235583404495
0.0022297946172015687
0.0022153490793106055
0.0021851890922322636
0.002196172790901533
0.0021805603431252186
0.0022258691704393346
0.00217070808779565
0.002181554223410307
0.0021822183479509273
0.002194705599054112
0.00215984958083749
0.0021568506570996543
0.002162317301148797
0.002177413782797273
0.0021388563453092918
0.0021575190180589767
0.0021066509795096534
0.0021447028689253315
0.0021136651674806047
0.0021263145798286506
0.002136050604128641
0.002123928999927263
0.0020909626350190803
0.002114267007453816
0.0021305170207063253
0.002104126420264076
0.002071432412361929
0.002088598622848829
0.0020879672323907993
0.0020765497817211184
0.002090809951268974
0.0020952992295040877
0.002080384754126184
0.002099523293301217
0.0020690956265455992
0.0020547458039068428
0.0020621769581015085
0.002054751895774396
0.002044908125664799
0.002044035329601403
0.002030589156730513
0.0020382452856573747
0.0020353946847952976
0.0020351980880663804
0.002015234707895992
0.002030644204565482
0.002012747370910991
0.0020131334338419522
0.0020013761798982448
0.0020148006966584624
0.0020073023333863453
0.0020077682719167487
0.0020093174740561533
0.0020032233339377335
0.0019681121735955582
0.0019880975683151695
0.0019741150849491088
0.0019828510886951306
0.001965579841339651
0.00197251328363725
0.001941585408821175
0.0019693121494401317
0.001962101486912349
0.0019335554249783756
0.001953572347840425
0.0019397107479376626
0.001953265083238784
0.00193770721310799
0.0019347071573316019
0.001911148154112471
0.0019363819625204687
0.0019105007547063609
0.0019276037546938846
0.0019122027412368046
0.0019266494398746965
0.001884438625973261
0.0018911097371273745
0.0019129496692919092
0.0018921075380416725
0.0018890355595367796
0.0018969451558961204
0.0018862038565798103
0.0018502058980350705
0.001883766769850754
0.001844964286297288
0.001869736982189917
0.0018563879496357816
0.0018553769574574668
0.001856356622035478
0.00184815912932631
0.001851728944338034
0.0018403645248906656
0.0018575957889659293
0.0018380259113842884
0.0018320644260341541
0.001837016096066139
0.0018578464691025056
0.0018276171556697411
0.0018214470190540118
0.0017974502402750897
0.0017861765848330299
0.0017911127512070942
0.0017967410433836729
0.00179898152675942
0.0018181705137575827
0.0017934786781814284
0.0017943265488382133
0.0017745576622980757
0.0018161869565469476
0.001810340128145863
0.0017752264413824204
0.0017800459675250046
0.0017566567032328568
0.0017676094839173151
0.001760919437915588
0.0017568014712952245
0.0017625040190586121
0.0017481063472020854
0.00175389200513535
0.0017403464329872069
0.0017510802166286052
0.001735795476218887
0.001719736773244794
0.001722290652943892
0.0017185167315443015
0.0017397399378422298
0.0016915761111875151
0.0017267078235801549
0.0017121322052374385
0.001691702666885243
0.0017188870128281302
0.0017028019625239773
0.0016941025161745277
0.001721619374998126
0.0016844168546313427
0.0016837354310704942
0.00169167921917925
0.001688541622151128
0.0016769344070415781
0.00167452450985047
0.001672505391454964
0.0016835758485077444
0.0016594785959182855
0.0016811840472590524
0.0016427022542383058
0.0016598509598789864
0.0016262859792847142
0.001667538665643224
0.0016532205117361697
0.0016536449872033947
0.0016368047623974047
0.0016560521005027386
0.0016270843536354744
0.0016343256363450052
0.0015944548903255745
0.0016071717375441559
0.0016107797654380338
0.0015987745868808786
0.0015909542903173775
0.0016057599604765303
0.0016092615246681955
0.0016155083718893898
0.0016044601641308149
0.0015786672375548538
0.0015996150858859069
0.001587288188071927
0.00158209673028312
0.0015766497097834571
0.0015736610002110912
0.0015801849238558992
0.0015737023562674235
0.0015585365327603186
0.0015815840110504123
0.0015751165896056827
0.0015448154927730647
0.0015631668198772058
0.0015544454074681582
0.001540383192413399
0.0015257257200763587
0.0015393417768892318
0.0015358777688088236
0.0015426623732982352
0.0015182131638882266
0.0015192767228047479
0.0015033801140560304
0.0015276149263696152
0.0015218682451862424
0.0015021499601561912
0.0015018736342266065
0.0015080587046430274
0.0015134657963910433
0.0014857443691074076
0.001482615060938791
0.0014879195044667007
0.0014997870255293816
0.0014927633230850167
0.001506426831983156
0.0014866245024347667
0.0014752483922591045
0.0014765015613532606
0.0014607215236002741
0.0014686025503520387
0.0014526832617014177
0.001464666012332173
0.0014526479501505128
0.0014458370961241646
0.0014434164618140444
0.0014500424945879298
0.001446259061190412
0.0014591307511601186
0.0014488369202142793
0.0014339560167127483
0.0014288805366373268
0.0014144773278408288
0.0014252983427118853
0.0014311563333169182
0.0014018205086149332
0.0014194855015768138
0.00140797886593889
0.001438404312782865
0.0014272984957392
0.0014048610739129394
0.0014118710544287977
0.0014129685014075046
0.0013883784307775636
0.0014011061873987676
0.001403496170261116
0.0013839665903236582
0.0013862496551119302
0.0013842734036962883
0.001376401222157038
0.0013704566876445031
0.0013869255886435658
0.0013732059614869766
0.0013603444478746873
0.001367401693508982
0.001352963512686636
0.0013534495903727822
0.0013569686708842104
0.0013703008666420898
0.0013460021879954844
0.0013371524505019425
0.001322351978501901
0.0013480852901765876
0.001338955377190852
0.0013313568777264277
0.0013239157592047056
0.0013221542123992148
0.0013193176249371103
0.001301351621299339
0.0012976594046050526
0.0013171278375192473
0.001310921005680386
0.0013163579309173
0.0013077881281607748
0.0012872206107490034
0.0013000265214199004
0.0013044882565974832
0.0013071010585787954
0.0012773208865499567
0.001264076001290874
0.0012900415503754228
0.0012997627680485682
0.0012747335895897617
0.0012732464514177983
0.0012673670956426224
0.0012605905938287594
0.0012850776574932217
0.0012543410595803218
0.0012496914364734043
0.0012413322843789316
0.001243711788383534
0.0012509944302838483
0.0012184576645400049
0.0012466937382707
0.0012227915506806126
0.0012322877796393122
0.0012237196728198112
0.0012443219927677916
0.0012312752668795725
0.0012111158561843873
0.0012058678350000177
0.0012085691618786381
0.0012211433072060389
0.0012205029549779026
0.001200345500755005
0.0011990325186376854
0.0012113000883050347
0.0011974155159830506
0.0011877480668356754
0.0011856821900182364
0.0011846248868213087
0.0011814807161953768
0.0011767347671381133
0.001181176829229609
0.0011703561002211693
0.0011723552231936404
0.0011784984462005382
0.0011660452667375796
0.0011732364126901449
0.0011629650969787798
0.0011433109583093221
0.0011393126003368494
0.001152394472432439
0.0011538753246739806
0.0011497147780072637
0.001134399172180876
0.0011463832185182594
0.001137432721317845
0.001135977248254354
0.0011304930311075356
0.0011240283723883647
0.0011283315158668976
0.001120100336483362
0.0011242903664743422
0.0011268766823649614
0.001103649669421007
0.0011042665086965187
0.0011005778058481475
0.0011022453292933688
0.0011067165090752583
0.001097797854939231
0.0011104765596396003
0.0010898116810106617
0.0010912426336779216
0.0010754755494900858
0.0010905986638204805
0.0010666861603460028
0.001080868349835075
0.0010788238676740782
0.001074022573608201
0.0010621246594026627
0.001050980001484336
0.001060418498337817
0.0010533572723735972
0.001051328039812556
0.0010558476974887163
0.0010425644073902027
0.0010358088639001758
0.001042252956897413
0.0010326866043010052
0.0010407638319706932
0.0010307581024299696
0.0010160652389046801
0.0010235961246630864
0.0010115144103543293
0.0010222920939827699
0.001024952370790941
0.0010196733866606085
0.001005812950331055
0.001014502636554137
0.000984093945246996
0.000997815334604357
0.0009902328531391253
0.0009938546252904153
0.0009864512452335051
0.0009974508336216216
0.0009836030983885894
0.0009808334803092205
0.000982612687067351
0.0009820739000433786
0.0009661746001815647
0.0009743036683396307
0.0009586588734505238
0.0009685034610090612
0.0009640336660752689
0.0009611578569903519
0.0009572299642572568
0.0009445628494839045
0.0009384781864844705
0.0009417923413620068
0.000956436710695883
0.0009440380794872054
0.0009388393782682478
0.0009363481423426538
0.0009308492835178558
0.0009193202307003937
0.0009328462754889616
0.0009158294758963597
0.0009110006890165041
0.000913686575490481
0.0009042833399381616
0.0009046597667997995
0.0009002553711719598
0.0008920839705053749
0.0009028017636971812
0.0008876398054822986
0.0008971695834192317
0.0008888532789886402
0.0008907090401250486
0.0008810928808260169
0.000875091028031697
0.0008788379034607357
0.0008835771929140205
0.000867730204588307
0.000867271695797979
0.0008639895117186432
0.0008528239925301974
0.000872568172936174
0.0008544422473456332
0.0008483887580477025
0.0008429342184239753
0.000855513396749159
0.0008423137568112515
0.0008315933054879868
0.0008319308328533829
0.0008278729445168555
0.0008202223076248319
0.0008306772239484678
0.0008269112894637378
0.0008127977941118282
0.0008105485096638588
0.0007995786196447966
0.0008067920131336375
0.0007978470661114713
0.000805807238817786
0.00080490672586017
0.0007966757538759516
0.0007853826146985405
0.0007898074383556888
0.0007753936312275443
0.0007803744342037806
0.0007740442230807827
0.0007851107799629063
0.0007720545110981193
0.000770102557443753
0.000769421370711582
0.0007568202102609318
0.0007596018841219392
0.0007441075325289136
0.0007522867346328021
0.0007395893235682867
0.0007472935017587011
0.0007380340534100285
0.0007167902480792928
0.0007296098211922436
0.0007264022565186902
0.0007232937956713185
0.0007155224976501009
0.0007052950903749891
0.0007145017954315952
0.0007083008737603623
0.0007087341077292337
0.0007143480125208385
0.0007061914102096116
0.0006963857007534524
0.0006974051105968748
0.0007007221628661751
0.0006935660887723266
0.0006803656137806261
0.0006765898965912687
0.0006772282471160504
0.0006714821211230743
0.0006719598373904585
0.0006599224669489069
0.0006665545935665795
0.000660648553565326
0.0006470608119358265
0.0006536333021595713
0.0006456506220972385
0.0006452058285881369
0.0006437142283335272
0.0006365018027428763
0.000628149145403258
0.0006265527969794328
0.0006269037364431092
0.0006157820974171013
0.0006158928580598988
0.000608866498713364
0.0005984403320342416
0.000604102642226221
0.0006092765182388305
0.000590260509421046
0.0005943911111719413
0.0005853818256134709
0.0005885323453096344
0.000581784998419828
0.0005729077360910661
0.0005690484297216878
0.0005736467588574847
0.000571405370640384
0.0005614176915329627
0.0005532553737797257
0.000549228507209298
0.0005583106865613988
0.0005373406566590926
0.0005429843366904404
0.0005377533529803302
0.0005336006478299227
0.0005317883439937088
0.0005200780060234547
0.0005188241349463004
0.0005127374871115542
0.000508518470243773
0.0005075958671036958
0.0005001404818740593
0.0004956232261919988
0.0004979382620298807
0.0004859117549833011
0.00048824480702007537
0.0004737455183675305
0.0004757813722212042
0.0004729733876222409
0.0004599029921250702
0.0004561468717614544
0.0004608330150520374
0.00045170247952960163
0.0004442947525125872
0.0004429959039036249
0.0004316010546320117
0.00043161200991545935
0.0004244711147799826
0.0004256122417182348
0.00040877258427668656
0.00040889093934695604
0.00040812921773729604
0.0004000215457541029
0.0003915862377112309
0.0003888554092578569
0.0003850911150295046
0.00038317025033428727
0.000371024876183903
0.000367315750567404
0.0003602196806010414
0.00035238309999202313
0.00034922800347713854
0.0003444869699603362
0.00033970895176789207
0.00032699656061704543
0.0003271881630315283
0.0003164878194423631
0.00031120000896810726
0.00030754005335939473
0.0002986371954239514
0.0002892206647978676
0.0002831242034179543
0.0002734966024733871
0.0002663462416447485
0.00025992618055716113
0.0002506792951723956
0.0002422345466214669
0.0002348084418514357
0.00022716002762731343
0.0002156207246334488
0.00020814111510830338
0.00019809674462047504
0.00019140742524587502
0.00017755667114134643
0.00016479735069322704
0.00015547246388753578
0.00014182683561012965
0.00012493008381980625
0.0001098111487287408
8.92211954867826e-05
6.367979552742861e-05
1.1875235271770404e-16
