0.1200759472413486
0.08430052954589962
0.06884118546505011
0.059682978929142226
0.053779920998252864
0.04937131042818625
0.04511787294383381
0.04234063466383453
0.03938082846579294
0.03766173319555088
0.03592932225072503
0.03435188112717462
0.03312388711380617
0.031919596322499875
0.03082308676424362
0.029616678541984864
0.028778312700205984
0.027742777025974268
0.02717339060809974
0.027013755077815737
0.026079181375302345
0.025077606374968087
0.02494574068028049
0.024073594515279798
0.023562596536937996
0.02346428662394345
0.02269577957105076
0.02269924332993932
0.021896834228163742
0.02132413949887528
0.021268838373359585
0.020567530931135496
0.02055554781932974
0.020178367637455938
0.019993455022533125
0.01966581178792439
0.019503800810156468
0.019161028536132992
0.018826253303388815
0.018849640486643053
0.018489102453487845
0.01832564754596641
0.018052136622223564
0.01758966050119461
0.017621042536524585
0.017289292267805227
0.01690597322833412
0.01689101690849831
0.016727306959183678
0.016677583808114835
0.01636532858773643
0.016239024493882696
0.016127694689781133
0.016033316271490905
0.015854595087287236
0.015597906896796944
0.015427019682927782
0.015303508331362728
0.015290196064553887
0.014886132393459194
0.014781052034288495
0.014827259333000387
0.014650139300120657
0.014411524272744365
0.01426049539798317
0.014175599564359912
0.014216581943102075
0.014154996484421478
0.013979851965503458
0.013983630971496571
0.013779033393002972
0.013610891128090812
0.013586500755256583
0.013378731842861548
0.01324576281074934
0.013193899606740075
0.013039725339518343
0.013150078546048476
0.013019619748634156
0.012780584555698601
0.012951925730307966
0.012594344791444376
0.012635948343814978
0.012582366877712194
0.012566035098829082
0.01238112771804263
0.012326582924447398
0.012305489851965763
0.012102365323040772
0.012086304342602383
0.011903760857771124
0.012019541319547312
0.011858444335320097
0.011550894191065532
0.01178061623410379
0.011744191330754505
0.01143738134908208
0.011448401919114398
0.011222653253635974
0.011328818791156523
0.011328321103211978
0.011220499618013262
0.011034553914552095
0.011164948148207877
0.011260870123344062
0.011121753567744596
0.010873816435651803
0.010827448410281805
0.010942892522600325
0.01085711574690369
0.010762571564425227
0.010700920829555427
0.010761773428094826
0.01058916596733708
0.010523822676708731
0.010344032090484432
0.010375983577967787
0.010281221632838221
0.010315637247344602
0.010189587553702275
0.010250958002022756
0.010190872223207767
0.010137948455055917
0.010122500579932268
0.01007814319522021
0.009970218303951216
0.009943538582237529
0.009981943392615048
0.009883545494143551
0.009864591797762681
0.009845746815958909
0.0098190030431932
0.00971304553666813
0.00969327189447848
0.009526704042172464
0.009668033213198946
0.00942354736398289
0.009462846246888408
0.009387642485073991
0.009422945791440636
0.009407693318137414
0.009313627168695982
0.009270292853037241
0.009352128532379538
0.009090914437544272
0.00911556712938595
0.009062205162150876
0.009056782690463474
0.008967933713126866
0.009015892431197412
0.009015358745395606
0.008949532931942984
0.00890017624499402
0.008871341921654386
0.008869439736914328
0.008802540731606936
0.008844536637993708
0.008697524665892905
0.00879059377792792
0.00866979079654824
0.008611938426534205
0.008598015800283692
0.00865683056622674
0.008523060232092821
0.008424894590305066
0.008485947773074943
0.008448192042975736
0.008415782540369931
0.00848352129706931
0.008417453452119304
0.008330435673372215
0.008310002668126768
0.00830605496830719
0.008275180718186077
0.008202524063405764
0.008158480580028458
0.008250233583658102
0.008142695067770317
0.008014900595493977
0.008111558204654387
0.008132886721328236
0.008032614402446023
0.00802246149167246
0.008004245862018604
0.008040815174169732
0.00792568520463874
0.007911919035793743
0.007884865490184472
0.007866252012207984
0.007868082377347764
0.007881526660974842
0.007832549032727582
0.007809044810895676
0.007729394269012593
0.007700125424087205
0.007656211377049892
0.00755745245450174
0.0075791304044077095
0.007558818060364598
0.007543791072568745
0.007638795992408381
0.0075306367879529965
0.007495475731830564
0.007515204300019043
0.007467068874667684
0.007401187156952808
0.007423427166450569
0.007443008179631928
0.007362117484564299
0.007297826098758523
0.007290594033635547
0.0073117251329825345
0.007262906451124148
0.007234114609874747
0.007203769916098265
0.007182194957549894
0.00713398902092065
0.007158538763438682
0.007003514943447399
0.007162774627330283
0.007108263979125669
0.007053125475554453
0.0070608525540499425
0.007004043022092501
0.007068376837470625
0.007032520582506399
0.006998269421962701
0.006982462067820899
0.006997559218614421
0.006954475100981315
0.006900299569134323
0.006931511383660446
0.0069408677194699574
0.00684543914948117
0.006807475609430245
0.006797246460232991
0.006801534146460693
0.006827580692775524
0.006708719943049151
0.006792319492268131
0.0066271401585812
0.006806915993157541
0.006675385272422714
0.006612361462483253
0.006599949789332786
0.006609938954334556
0.006658763680834277
0.006593529363582466
0.006678416971966003
0.006591547830297921
0.00649953520684028
0.006549835723508387
0.00657315478601163
0.006473421735264582
0.006457350983007277
0.006497291500027324
0.006419057508588889
0.006506319241398285
0.006366851878800421
0.006438039966274681
0.006409191846796311
0.0062921303896883935
0.0062620042408776345
0.006278237068334325
0.006263590355794775
0.006287130012301072
0.0063159564719996435
0.006294301242956769
0.006249895551877362
0.00619314605381051
0.006250665593751271
0.006167249489962551
0.006174278208383996
0.0060968105650005934
0.006150894383555128
0.006150458806543806
0.00614521375404878
0.006142721990763309
0.005998053083279179
0.006105640560382473
0.0060791715021786515
0.006088613627396321
0.006049063690774328
0.006014014374303298
0.0060032713251781675
0.006016058792028017
0.005970798829954283
0.005953333545836946
0.005887921734850137
0.00598480948700898
0.005967592080689804
0.005871541950682819
0.005937943983431748
0.005825270846025954
0.0057979355616401464
0.005830000262085561
0.005857926420034444
0.0057475185373349925
0.005815484296721314
0.005750949573937253
0.00579844674557522
0.005855714581552046
0.00580291512386318
0.0056821092683597245
0.005721582004004717
0.005683253679079244
0.005646570518547975
0.005658563730735801
0.00560671879595349
0.005711981333217028
0.005667412882029751
0.005627910975082487
0.005542564191068682
0.005610570991416877
0.005717251467364516
0.005584988067517389
0.0056230317811451075
0.0055853836900825946
0.0055686739067591804
0.005550002916254391
0.0054612047020876015
0.005474990461378228
0.0054950793966204205
0.005525528662669068
0.005448845165689256
0.005536512635121988
0.005391293147769961
0.00537530151532505
0.00543582307537969
0.005512399672942418
0.005374070503806601
0.005415910990428167
0.005358369002500884
0.005363304246225135
0.00535551236694618
0.005281647544632322
0.005234850965119097
0.005313014598193691
0.005309584658345389
0.005251402848028524
0.005249268990403936
0.005335918585004842
0.005262132705323721
0.005228663306266368
0.005254001156062341
0.005249341787997743
0.005220245456500388
0.005177799931800579
0.0051531552856572994
0.005193206789038244
0.005169244607355872
0.00511524178540161
0.005158908812184803
0.005140416674024932
0.005120463464326922
0.0050773112920689265
0.005108097930052548
0.005094649530308087
0.005046538009110226
0.005029832858553352
0.0050472651778709805
0.0050476834823457925
0.0050712744225952545
0.004992773397708508
0.004950253645424639
0.004961460723331907
0.004994992420406255
0.0050109045797057895
0.004966614877594343
0.004975097078180025
0.0049107466789445695
0.0049343017913003615
0.0049280220300997775
0.004870006416854068
0.004911447487713176
0.0049102955638090804
0.00486878490789407
0.0049031642107942855
0.004840674177317367
0.0048548968494476295
0.0047783435002059435
0.004868329754994697
0.004844917654217943
0.0047908853336372055
0.004766251107042975
0.004817704666476792
0.0048212570534420665
0.0048096192174060205
0.004761815732373558
0.004800005669073116
0.004796214180313389
0.004774937019725682
0.004744585554320557
0.004650723316459726
0.0047295145471652955
0.004599818400430409
0.004633590912511619
0.00469157127390515
0.004639724287905482
0.004633165453945042
0.004665633313743937
0.004698359001840582
0.004655317330794167
0.004625958304790857
0.004617592981807875
0.004549876043221274
0.004522860253205102
0.004543392621698291
0.004610259049393489
0.004498437823241571
0.004501619642847621
0.004572056623589576
0.0045265351085549315
0.004545554600586152
0.00457609423727585
0.004491871582005489
0.004528183207057075
0.004503717326822187
0.004472126951628192
0.004443718980293421
0.004509972304239191
0.004426337137819518
0.004469875387192167
0.004449106219464094
0.004354942017688404
0.004342327145796013
0.0043059207016104585
0.004373961875081946
0.00437270372447815
0.004378119695621159
0.004354469586159901
0.004370816451650097
0.004360919800538018
0.004343516282863326
0.004342264054635084
0.004312564468608856
0.0042984028291843095
0.004324275935713993
0.004299110736872256
0.004282745946128154
0.004273491927352785
0.004266568803263123
0.004266506292412642
0.004232254703065646
0.00427754529553929
0.004224523359046867
0.00425191480772224
0.004224014512237856
0.0041979254969973945
0.0041711218060497945
0.00416715651735789
0.00417195402014139
0.004180443469843513
0.0041475084190981445
0.004119058339917744
0.004140268314685658
0.004167757892968779
0.004104747514878358
0.004105092218253356
0.004124034002670811
0.004070419266024407
0.004047705031771062
0.004059331797602006
0.004074806353366492
0.004073191194147234
0.004103406262151063
0.004014743730406671
0.004034166639622611
0.004048987333591189
0.004060481675914848
0.004021844711813028
0.004008517123795019
0.0039277143259455844
0.00400103156669084
0.004003825852961407
0.0039730626404157615
0.003967379818049102
0.0040201199693528636
0.003941528121210838
0.003912861241732082
0.003879924218340013
0.003921456097233275
0.003940402407542111
0.003955929397934389
0.0038728486702088363
0.003891609461062019
0.0039051071734536548
0.003877165397420077
0.0039060701507771965
0.0038919673064788302
0.0038997900334253066
0.003873474510788109
0.003825812753927364
0.0038538840226480927
0.003848892037794605
0.003770603940215343
0.0037567126701505936
0.0038036646109817713
0.003737552952549355
0.003805866034340309
0.003751828872522287
0.00381525740872966
0.003796097119939978
0.0037823427165197803
0.003700066379175551
0.003739823607540175
0.0037685677151252563
0.003721988285922169
0.0037362664132464967
0.003734839521898499
0.003678822814562513
0.0037053794378330467
0.0036721179332734784
0.0036505656719544575
0.0037403296160179464
0.0036564298767982097
0.0036693268638811464
0.0036667354062229446
0.003651741534484337
0.003617347594234576
0.00361640576101682
0.0035998125004502854
0.003628772258202355
0.0035783921642538103
0.0036271943507677207
0.0035995486130262285
0.0036072519199368707
0.0035988744561222087
0.0036159423393167214
0.00357274667973182
0.0035927958914734846
0.0035395302543980585
0.0035967803713185084
0.003541231147676466
0.0035028247379733277
0.0034924804658737684
0.0034750431779271103
0.003472820273653266
0.0034799825816952523
0.003471012418641126
0.0035164608329584144
0.0035207906985835957
0.0034789028511904236
0.0034680013605130626
0.0034415231853275143
0.0034853076481970607
0.0034498912284497522
0.0034385039076437313
0.0034161912561968644
0.003441494458555109
0.003423055830791426
0.0033641186884806186
0.0033828485402644555
0.003411362670052699
0.0034106654412615887
0.003418079011079992
0.0034013301228023657
0.0033662945191530727
0.0033658095961398705
0.0033681246385054565
0.0033806373822589534
0.0033636888225046253
0.0033029130099282693
0.0033514783895749515
0.003339223658501866
0.0033200556641651206
0.003313726532116418
0.003270298756507874
0.003307224104258492
0.003285590410127543
0.003270715836544677
0.003294623556863857
0.0032972404957850457
0.0032552070759085173
0.0033145961901484065
0.0032509427015763237
0.003305823856341316
0.0032412111325981277
0.0032247852674369684
0.003174462918500832
0.003206539015798956
0.0032026392099767753
0.0032127601437659165
0.00318742414644752
0.0032239961416391104
0.0031600052167834094
0.0031666167233709306
0.0031532511956961643
0.0031527187219160665
0.003177112453943491
0.0031406279736152197
0.0031029384332204786
0.0031089949333633197
0.0031548692108543147
0.003133797823854307
0.003128973658371434
0.003133831972065293
0.0031285364076288286
0.0030796952370479324
0.003089381235346658
0.0031006283683231305
0.003107596021568907
0.0031076177949199784
0.0030499798976859824
0.003086440619867434
0.003033445321637661
0.0030492400628310086
0.003043262111281212
0.0030343519407836916
0.0030497280910986237
0.003013947237101199
0.0030032262483586846
0.0030400693081194803
0.0030012736166459457
0.002987531497631326
0.002981058704553487
0.0030072022487978582
0.0029860474388730086
0.00297247802150041
0.002978004396018501
0.0029821015795854443
0.0029588533141107947
0.0029264646922663408
0.0029697673045098807
0.0029425116854568797
0.0029291931013186103
0.0029778703331434626
0.002926708735808293
0.0029080385060248673
0.0029270918263628125
0.0029292641008269987
0.0029207033578663236
0.002870500574794135
0.0028495361739578166
0.0028718627727315356
0.002850694918686959
0.002851413012052277
0.00281687056946704
0.0028671869021947814
0.002824976234847427
0.002847686572744209
0.002841578276179303
0.0028639272368886476
0.002821751847424249
0.002803490659270303
0.0028033815337855606
0.002794921767599856
0.0028093156878388095
0.002769921578211999
0.002786975677564393
0.002792115284845933
0.002771134926296185
0.0027307039148432534
0.002738024160250923
0.0027329260739578577
0.002732978494653806
0.0027704845012924274
0.0027284229101523696
0.00275313997626177
0.002737352017071735
0.0027145969043966788
0.002701725142574178
0.00272989929404526
0.0027266537699310606
0.002669963469585359
0.0027037903878058566
0.002663745365429317
0.002714337883322902
0.0026582605025308372
0.002656238605078129
0.0026388735282758297
0.0026217387610210758
0.0026427572970987774
0.0026158351676158764
0.0026028017855905103
0.0026233217622278824
0.002609897770265016
0.002616047144048324
0.0025945141486748255
0.0026050168412232472
0.0025955546945476463
0.0025963725716098163
0.002571407630891638
0.002566633956322642
0.0025581864546305585
0.002580301409412574
0.0025575743848121417
0.002596086774386218
0.00253964647803577
0.0025588178404188826
0.00254242403081132
0.0025423236563975843
0.0025512636479240957
0.002552769855480785
0.002540031329112142
0.0025167084705574683
0.002512438679014289
0.0025217363655599
0.002478356019245259
0.002507904849364747
0.0024828881006654434
0.002464839458422071
0.0024831695962367647
0.00245032915497402
0.0024291348350212356
0.0024328911884988706
0.002427016352161748
0.0024428577058947377
0.0024162446549583385
0.002473300978683146
0.0024276216614933124
0.0023925527685602892
0.0024199520801277677
0.0023935260264493336
0.0023776744323805495
0.0024101134156458144
0.0023667947917977946
0.0024039429175493976
0.0023908829049151315
0.0023623831609003512
0.002341716983176007
0.0023929958496529923
0.0023566588482693547
0.002355162257387986
0.0023270109807108446
0.0023218347458730322
0.0023220777597142187
0.002338872202867203
0.002334763173859865
0.0023062586710359784
0.002302782502285505
0.00232531707150466
0.0022892268590464816
0.0023016199119229004
0.002264067977889214
0.0022737676052390246
0.0022739988735613497
0.0022471382022248086
0.0022411725875684995
0.002229822022763817
0.0022436976426169863
0.0022501311320505457
0.0022402001941450927
0.0022424552684339343
0.0022255202017890984
0.002207202170754011
0.002201259985548965
0.002196751931923398
0.002205667345490995
0.0022079701144314266
0.0022127728952000057
0.002153219862854676
0.002169297170111558
0.0021441061582295477
0.002165187809094255
0.0021442269630714775
0.0021490464254391773
0.0021365331294364753
0.0021313900920840265
0.00213699839426313
0.002105328584433909
0.002115070892834291
0.0020901013324908326
0.002128530203898319
0.0021063828547288753
0.0021058277532107444
0.0020843492504487027
0.002101339598804568
0.002075557438074662
0.0021031279876251533
0.0020426405221655123
0.0020811724567969606
0.002061679813935724
0.0020810425235215477
0.002054421339536519
0.002030218582813101
0.0020324896811036173
0.0020225074982479787
0.0020202552035395167
0.002012561888979992
0.001982914515623014
0.001989332937346333
0.001987251367320541
0.0020136636011087333
0.0019810497887827604
0.0019745525597508517
0.001983254722618679
0.00194781815967456
0.0019776978652638623
0.001949585992738484
0.0019448078637068333
0.0019439739941180493
0.0019370146576035668
0.0019364816942106084
0.0019405853472922283
0.0018998197129867004
0.0019020943590549121
0.0018831581866809448
0.0018944596571899887
0.001887149899092268
0.001908933619656052
0.0018741222080125334
0.0018806847730719843
0.0018713654434651282
0.001874030989479496
0.0018856925576990584
0.0018679797986008355
0.0018419575427864616
0.0018321788069417502
0.0018531258476498288
0.0018154624414310296
0.0018152122481204002
0.00179588304310885
0.0018061464356687014
0.0017930018285176876
0.0018152623727741087
0.0017927200467804944
0.0018136716845812415
0.001798268770093042
0.0017764495196351282
0.0017654828651037077
0.001764000851454669
0.0017752159814802518
0.0017422630909292086
0.0017492093166577374
0.0017313612761179116
0.0017415711422304504
0.0017361782102548347
0.0017180913457167939
0.0017311662418586632
0.001712284333639603
0.001727187937946114
0.001710473708056566
0.0017037830699568421
0.0017077256322943163
0.0017000748957449708
0.0016771808942246285
0.0016655197952567516
0.0016660770034972248
0.0016245638656759201
0.001627924600105793
0.0016473398956761533
0.0016598470519152747
0.0016439978226154633
0.001639863987541859
0.0016196969047280472
0.0016023775794235858
0.00159648005206794
0.0016123834990954095
0.001607190572991695
0.00159049245446925
0.0015981471499414348
0.0015628728709999786
0.001566720677657409
0.0015731671375958458
0.0015410486167808178
0.001550716853147996
0.0015360634507817369
0.0015402422925357624
0.0015453881142446842
0.001534464398839788
0.0015370106410723078
0.0015165604750620317
0.00151296964358923
0.0014933294209856052
0.001494246357333785
0.001484071434109147
0.001465811148041211
0.0014833810142162905
0.0014685242874488817
0.001436332263603106
0.0014794689680603886
0.0014562688411211173
0.0014507715457101483
0.0014158193145223064
0.0014263071412212406
0.0014048646070770952
0.0014267396484268491
0.001415932278878171
0.001388879507156501
0.001397389082596397
0.0013859654280149983
0.001391507298334769
0.0013814083183012619
0.00136168411823234
0.0013463047632320132
0.0013756399097383466
0.0013507242594880458
0.0013413024782998673
0.0013323755720258009
0.0013339476746192227
0.0013119321896811358
0.0013145533728268993
0.0013205146464822677
0.0012950793422149241
0.00129600075692211
0.0013001283204467444
0.0012741202636868867
0.0012696286714599832
0.0012633637569914
0.001261265259413382
0.0012356947090944852
0.0012442504201772985
0.0012411043925098998
0.0012406922057899552
0.001224112558436927
0.0012312512057879247
0.0012019707022959823
0.0011968888228828993
0.001191864307280437
0.0011896037760310873
0.0011751656699087597
0.0011693978795664023
0.001168173043855339
0.0011684379635661666
0.0011603686203149179
0.0011417799173594626
0.0011385450829986354
0.0011207512796720216
0.0011278250777959325
0.0011086904067253282
0.0011094001957091834
0.0010942351890813238
0.0010902610862419107
0.001077656534317429
0.0010741150255139072
0.0010495057194737092
0.0010527817113152708
0.001056399257759762
0.0010378189719353749
0.0010346892424403743
0.0010156943973797202
0.0010203900584436505
0.001015090325186858
0.0009982493227964912
0.0009869869255443944
0.0009761444284020524
0.0009778868968763133
0.0009692893087528368
0.0009621049891202803
0.0009475155304953758
0.0009424715530297253
0.0009320756022929262
0.0009314359767658085
0.0009098771000899053
0.0008957745122490385
0.0008964078476207121
0.0008868767448234646
0.0008726871715153323
0.0008663806556010499
0.000868030155915301
0.000851303745402466
0.0008462990148153606
0.0008275299953967217
0.0008258066175633015
0.0008081872748332851
0.0008032525709768802
0.0007942333942163556
0.0007890555036069057
0.0007701745421869659
0.0007481755084757395
0.0007497746465916858
0.0007496702179686148
0.0007343770723759694
0.0007185927719628153
0.0007044869001530042
0.0006936151647798432
0.0006926185659503163
0.000683145058989649
0.0006553200734041022
0.0006627994186794583
0.0006385302678893062
0.000626843735125986
0.0006110512707805513
0.0006153830011689696
0.0005980316584527831
0.0005852359735044508
0.0005676974990100694
0.0005565936670328155
0.0005418255777241191
0.0005340501967058478
0.000514396641633779
0.0005025544380983485
0.0004867407174772543
0.00045991951969621243
0.00045253782865022746
0.0004380100741132256
0.0004162689318339423
0.0003987654953654356
0.00038176311417515145
0.000366672632218444
0.00033701890036194496
0.00031846477601589344
0.0002962060390311765
0.0002714772789362533
0.00023923602834599565
0.00020948087882055532
0.00016986237880111922
0.00012002866705519438
1.5859488303506578e-16
