1.5622673612957694
1.5633451022223717
1.5630197715620966
1.5630702409699533
1.5631477588723297
1.5631736033788033
1.5631664964717464
1.5634249041091146
1.5635451270535061
1.5632067775663987
1.5632901434589623
1.5632923525768923
1.5632769314177937
1.5631997481989834
1.5632574968534376
1.563227078337291
1.5630981984473125
1.5632547652646491
1.5632705632292716
1.563334460178556
1.5632368787490654
1.563293893214994
1.5632726185273849
1.5631611323769203
1.5632470580280837
1.5631313302404712
1.5632445555937011
1.5632112279935315
1.5630655257793011
1.5631067800060956
1.5632116152999675
1.56323049444974
1.5632167897508402
1.5632397060073024
1.5632856969893958
1.563240719124641
1.5632527634049134
1.563255551265072
1.563183372502831
1.5631439067659854
1.56318690943031
1.5632679045170754
1.5632480426578745
1.563265372262444
1.5632405297168364
1.5632844239325956
1.563125811074868
1.563208462178222
1.5632301207455626
1.563207190542109
1.5632623924479914
1.5633189576974962
1.563304402020801
1.5631634704610238
1.5632194389463836
1.5631925208288775
1.5632104819365897
1.563281217385341
1.5631701917702692
1.5632560320734858
1.563174180977056
1.5631995825495135
1.563281124647034
1.5632841990929283
1.5631890350432045
1.5631638221300768
1.5632744139023675
1.5632757185898976
1.5632706766859195
1.563195919737334
1.5631640868958157
1.5631669629096476
1.563275708856092
1.5632097545098183
1.563251380224822
1.5631828937251835
1.563197820382542
1.5632498015797955
1.563202005940767
1.563227201353418
1.5631887225315964
1.563225963581823
1.563192232955921
1.563206731365609
1.5632162618348397
1.5632393425128586
1.563270166754455
1.5632546962219236
1.5632094863683197
1.5632507889935308
1.5631899364945536
1.5632378110115548
1.5632045618575905
1.5631872975987529
1.5632692499510843
1.563232520987217
1.5631539230166087
1.5632154933777507
1.5631902204060528
1.5632081033640968
1.5631828688666403
1.5632610510237792
1.5632500674046503
1.5632876839507341
1.5632652592000018
1.5632102734615234
1.5632279917840168
1.5631902009367515
1.5632473118704608
1.563201818072345
1.563225955546913
1.5633190306279114
1.5632302389514363
1.5632344511707705
1.5632481221168724
1.5632162055036296
1.5632745064769589
1.5632728784783976
1.5632263813429998
1.5632358235184274
1.5631832152245195
1.5632039764796732
1.5631825468496223
1.5632268661404134
1.5632151834804457
1.5632120218642556
1.5632262916804818
1.5632414324066675
1.563244196819832
1.5632464906326164
1.5632030423266996
1.5631927015067624
1.5632409401759213
1.5631691869226085
1.5632232932220316
1.5632380443416642
1.5632256435625946
1.5632884108033156
1.5631971513591676
1.5632291181085256
1.5632085690834177
1.5632095330967408
1.5632230812941605
1.5632156250023095
1.56322999254642
1.563197152441038
1.5632027651313745
1.5631930957129498
1.5632347616373885
1.5632402846970812
1.563238227608268
1.563224740267638
1.5632152262602952
1.5632441797465193
1.5631949531359282
1.5632394938685763
1.5632380584698875
1.5632666806663296
1.5632287953920345
1.5631899940163243
1.563252719373093
1.5632453859033406
1.5632455749685428
1.5632495567779827
1.5632241544829755
1.563179770605685
1.5632339546344831
1.5632333615831453
1.5631988081467936
1.5632636791952834
1.563238237016034
1.563196584324904
1.563213917846129
1.5632044992179523
1.5632119928252781
1.5631967577816765
1.5632125928715053
1.5632342529417196
1.5632150240798768
1.5632362490850829
1.5632111208702737
1.563255166386004
1.563201476226658
1.5631995052664487
1.5632360791124562
1.5632176538417546
1.563247695451649
1.563252216118131
1.5632637548907398
1.563199464954612
1.5632018019850815
1.563216631855171
1.5631844448959458
1.5632178631756866
1.5632197247881032
1.5632001164206226
1.5632176151755726
1.5632375835722956
1.5631966681178433
1.5631938316730138
1.5632296085626898
1.5632233731230598
1.5632108331514898
1.563201218348442
1.5632100692370416
1.563249182091389
1.5632569387741728
1.5632401291979856
1.5632437521986302
1.5632225043593089
1.5632381446693213
1.5632580248367367
1.5632034371683532
1.5632455528384692
1.5632376577002143
1.5632127973088263
1.5632200060448547
1.563220104750911
1.5632136539039367
1.5632045692096108
1.563225062926918
1.563261906998888
1.5632372874627258
1.5631960491820729
1.5632183855794153
1.5632435963754368
1.5632388929858163
1.5632159728485042
1.5632536995342354
1.5632579874923354
1.5632228330980296
1.5632099200523022
1.5632347568116054
1.563228028908604
1.5632086933992964
1.563232699937944
1.5632258041377634
1.563253665302219
1.563213240284396
1.5631913885799196
1.5632120299705463
1.563179535158408
1.5632325844564723
1.5632007571627082
1.5632129080403963
1.5632092433119185
1.5632252814280851
1.5632140867273452
1.5632246045045852
1.5632092533708655
1.5632250843299436
1.5632194522114387
1.5632427237435036
1.5632339630458993
1.5632384722559265
1.5632417150120865
1.5632361149230303
1.5632331156577213
1.5632438843197072
1.5632133428157673
1.5632423600034526
1.5632131836210237
1.5632225005837805
1.5631908290871244
1.5632024800092792
1.5632515214968117
1.5632185454643444
1.563203517754848
1.5632151880379832
1.5632119394217165
1.5632369843532161
1.5632237744744237
1.5632083698006307
1.563249164798684
1.5632231794700648
1.5632260422137751
1.5631856169289358
1.563206572215845
1.5632439624209462
1.5632315602578106
1.5632173442346637
1.56325425080684
1.5632204080060768
1.5632273811544808
1.56322987616235
1.5632217053620137
1.5632079861806605
1.563250018893162
1.5632029683450792
1.5632271609379342
1.5632357762650175
1.5632451187937797
1.5632239569256658
1.5632278069265353
1.5632380628323201
1.5632337387252078
1.56320557527988
1.5632309574386833
1.5632328140550236
1.563225904603068
1.5632258276109074
1.5632161552012132
1.5632482893396298
1.5632433070379745
1.563225495121148
1.563223949793705
1.5632290580965507
1.5632276998932524
1.5632257647028691
1.5632512203134898
1.563271514958342
1.5632543473478961
1.5632131833041971
1.5632201635855836
1.563198366980611
1.5632363664918456
1.563255032515176
1.5632253965346548
1.5631939778759483
1.5632161940592715
1.5632203798618296
1.5632141398803694
1.5632054663367856
1.5632046146251626
1.563232752089794
1.5632023797948233
1.563195282500299
1.5632192985339566
1.5632387868385555
1.5632260955544481
1.5632180124320578
1.563224494313228
1.563229205578812
1.5632150663538822
1.5632124055582413
1.5632256036438181
1.5632086878486062
1.5632126256846643
1.5632360703031254
1.563233723933358
1.5632435785444279
1.5632293504203396
1.5632177513272756
1.5631970956941705
1.5632392682984757
1.563224617889002
1.5632303062806465
1.5632264564712628
1.563207085176916
1.5632254965113839
1.5632115655708982
1.56324715979112
1.5631980408093555
1.5632253963269653
1.5632094490542219
1.563213531759354
1.5632182091588516
1.5632319727019335
1.5632113047380858
1.563207040277971
1.5632322000937267
1.5632202762592835
1.563241148865737
1.5632095263782242
1.56322962777065
1.5632248952367858
1.5632342043912577
1.563230922373746
1.5632579670203461
1.5632097865904753
1.563222823282439
1.5632093703152083
1.563230016502686
1.563232603771282
1.5632356597579988
1.5632061667297763
1.5632466285103013
1.5632438219365752
1.563237699037536
1.5632332823025794
1.563181761811842
1.5632434674139575
1.5632266894117721
1.5632244821223003
1.5632222587789375
1.5632337331932085
1.5632118876176144
1.5632216649015442
1.5632251971838418
1.5632223086557735
1.5632404911032354
1.5632378220453607
1.5632231683431943
1.5632158830397607
1.5632196108565268
1.563212724127153
1.5632419956515484
1.5632303479794099
1.563232450712776
1.5632181067063002
1.5632022705877782
1.5632214071038042
1.5632179879476251
1.5632505848215652
1.5632262832497024
1.5632212866442057
1.5632161871692012
1.5631973420111553
1.5632212175812357
1.5632567579739511
1.563225797681454
1.563232284626129
1.5632044923671204
1.5632247926653664
1.563216199535537
1.5632275061245668
1.5632285485063722
1.5632235104427339
1.5632229312139418
1.563204295030323
1.5632299600916195
1.5632236946046316
1.5632241853641076
1.563197122639255
1.5632224948589806
1.5631850967582686
1.5632179506039308
1.5632262853690864
1.563235881893842
1.563212096413753
1.5632277199952085
1.563233474400187
1.563223312628219
1.5632106001455508
1.5632457676438387
1.563253916347703
1.5632285406710715
1.5632300138682582
1.5632222018779993
1.563216624227267
1.563202718231834
1.563208242202108
1.5632161872214794
1.5632179777246151
1.5632180710460375
1.5632336401305456
1.5632068751338015
1.563217863374764
1.563241542970473
1.5632138689997148
1.563233279275874
1.5632068472111824
1.563219354500183
1.5632251023196202
1.5632050218179583
1.5632317067892054
1.5632358569782565
1.563245182368101
1.563218067905699
1.5632250781356702
1.5632317696017173
1.5632221498401604
1.5632215386442168
1.5632313357673924
1.5632135561411387
1.5632136983623524
1.5632215499656583
1.5632198261002748
1.5632365822939216
1.5632492519323133
1.5632252298397655
1.5632080463982831
1.5632313479705275
1.5632010608352638
1.5632137466613134
1.5632247389773013
1.5632211582057804
1.5632523643415777
1.5632208564234618
1.5632099797482875
1.5632362876078079
1.5632460492320623
1.5632254895001907
1.5632209715544791
1.5632248692340247
1.5632335402773638
1.5632213529824341
1.5632367956673192
1.5632384367259495
1.5632301988022814
1.5632250423114782
1.5632400138836746
1.5632172161683848
1.563224243716587
1.5632178537188368
1.5632097064189054
1.5632029397741092
1.5632154539199983
1.5632171234684884
1.563214134143437
1.5632173862112504
1.5632377640293962
1.563229345202236
1.5632352610435516
1.5632417024937308
1.563225719153701
1.563232750646034
1.5632277184340129
1.563225127219282
1.5632154028484464
1.5632374739835782
1.5632289777254365
1.5632239494801081
1.5632333230319206
1.5632184953591564
1.5632398446381506
1.563231099465895
1.563237849772849
1.5632056021693592
1.563224013463084
1.5632247104237587
1.5632367119639063
1.5632380891132553
1.563212838624385
1.5632174489015611
1.5632262922616156
1.563213520053661
1.5632279731277243
1.5632334209156993
1.5632092559210982
1.5632245444557993
1.56319907778832
1.5632328685090848
1.5632170891503954
1.5632243934870031
1.5632325693823268
1.5632176985275226
1.5632210732817509
1.5632256879481017
1.5632074819499266
1.5632326248097923
1.5632425631816855
1.5632272652751482
1.5632209592901116
1.5632195657910328
1.5632203992596923
1.5632255956100394
1.5632399476452725
1.5632208765258042
1.5632240495522345
1.5632302553355202
1.5632381881545843
1.5632236472444947
1.5632279454432243
1.5632116991293685
1.5632287127411153
1.5632376447323244
1.563224735482208
1.563215621071436
1.5632135339017506
1.5632180669501603
1.5632257625817005
1.5632229023749364
1.563234361896155
1.5632224051300732
1.563218827183528
1.5632188015183646
1.5632345617749692
1.5632165211687863
1.563219145377934
1.5632031208321366
1.563204609252111
1.5632275562960907
1.5632312583902952
1.5632346242471358
1.5632263216438285
1.563220900818316
1.5632281092247762
1.5632338588113708
1.5632234653338724
1.5632126901714656
1.563231232250826
1.563234465922722
1.563230832882829
1.5632128915294758
1.5632267880898663
1.5632218184846933
1.563236810706944
1.5632529598535796
1.5632090841184618
1.5632184311274824
1.563231417335166
1.563231309137236
1.5632308602832579
1.5632349811690835
1.5632056229872604
1.5632196030932268
1.563233730165889
1.5632189290080678
1.5632120017883733
1.5632129216387798
1.5632169881881124
1.5632249322444054
1.5632211051645848
1.5632342131298733
1.563235364901177
1.563226295568599
1.5632093371299154
1.5632180906313087
1.5632336669241855
1.5632169571242491
1.5632205817893958
1.5632324480116797
1.563220464653583
1.5632110299357955
1.5632316971926143
1.563222452128119
1.5632058222024914
1.5632155774065544
1.5632318903853177
1.5632113680601964
1.5632191358135008
1.563224245934157
1.563211782863858
1.5632150674550565
1.563222956823843
1.5632277442976206
1.563223718827968
1.5632192887473135
1.5632231941731038
1.5632402457982346
1.563221815123966
1.5632193056290726
1.5632237163424407
1.5632177042608764
1.5632434008549272
1.5632163611041854
1.5632268538317549
1.5632215529572304
1.5632235634536358
1.5632188380057384
1.5632249204369824
1.5632179966986275
1.5632368353863402
1.5632386386230845
1.5632371765302928
1.563223735277758
1.5632288366760603
1.5632298788116514
1.5632293245545312
1.5632316346680484
1.5632244041441679
1.563221524837162
1.5632334266308539
1.5632322750642267
1.563222589325559
1.5632300671224884
1.5632137059041007
1.5632263613587425
1.563235154526581
1.5632424341212423
1.5632162963927942
1.5632309739384231
1.5632284303740216
1.5632288056523826
1.5632218932347317
1.5632174001762893
1.563219550167955
1.563220023005456
1.5632308154991406
1.5632358494148422
1.5632266941144872
1.5632211820880892
1.563222421109108
1.5632330311408449
1.5632324898596006
1.5632136383687474
1.5632168721317272
1.563214700962431
1.563213989015522
1.5632110883028985
1.5632269955843314
1.5632129613180643
1.5632326541705406
1.5632140372404757
1.5632281793213465
1.5632360199194486
1.563221945801686
1.5632307222419177
1.5632169018530107
1.5632269495887852
1.563219514848442
1.5632268450819786
1.5632255555665608
1.5632198358474063
1.563229681341079
1.5632200389195097
1.5632255580654093
1.5632202173494032
1.5632178076599295
1.5632242835194807
1.5632333413265154
1.5632113390293694
1.5632271398791473
1.5632352509590983
1.5632256648141385
1.5632140557165481
1.563235388674314
1.5632178874344909
1.5632380615503785
1.5632181391158457
1.5632237504887956
1.563237163707851
1.5632256205565114
1.5632280463771324
1.5632275924397216
1.5632160903103398
1.5632346817865739
1.5632298089472352
1.5632279082911713
1.5632296770532474
1.5632214733702454
1.5632250752640278
1.5632403756590927
1.5632287049605635
1.5632164090926453
1.5632196880472016
1.5632264297567777
1.563229238906949
1.563226857972895
1.5632187381783278
1.5632300440988613
1.5632207908063782
1.5632332662026
1.5632167739614895
1.5632149414102137
1.5632344605035857
1.563225842568633
1.563222166196322
1.563221899907039
1.5632268431510639
1.5632264647192833
1.5632172955147643
1.563237706047225
1.5632278986525714
1.563224060820747
1.5632247534965416
1.563231075531716
1.5632273362166424
1.5632059079858343
1.5632119898563555
1.5632344216402374
1.5632293585947412
1.5632266588837054
1.5632349912955814
1.5632187546342742
1.5632112740419315
1.563231562062394
1.5632319864839324
1.5632304754623165
1.5632261687248585
1.5632108268017046
1.5632301061201288
1.5632273481778267
1.5632182709601985
1.5632222277476153
1.5632269957132527
1.563223633209449
1.5632250410056865
1.5632186929390408
1.5632285324653379
1.5632287864022125
1.563227320315847
1.5632235422179848
1.5632141141478852
1.5632278637168242
1.5632244796785866
1.5632206583996195
1.5632249960378544
1.563224727564257
1.5632173825165272
1.5632288325023926
1.5632267796910742
1.5632229966281384
1.5632187462513887
1.563225888144861
1.5632264687315427
1.5632244543729188
1.5632240380979823
1.5632216586570507
1.5632264066915749
1.5632240918116194
1.5632142565718417
1.5632335124049677
1.5632249300154264
1.56321485848731
1.5632354582211656
1.5632222204651
1.5632302276459018
1.5632269374005086
1.5632334169421902
1.5632286047775956
1.563227895170943
1.5632247086739002
1.5632243360916929
1.5632258411320938
1.5632241387205075
1.5632316848645313
1.5632269435524349
1.5632131162523222
1.5632211547791175
1.5632261128203617
1.563235461144976
1.5632284075187652
1.563216262072168
1.5632200770807134
1.5632210279335634
1.5632277294351702
1.5632263471146024
1.5632247058908963
1.5632174526603726
1.56322875435979
1.5632250632524178
1.563222064338066
1.5632246540344883
1.5632227599144934
1.5632227898541926
1.5632167838600286
1.5632171304228146
1.5632281592690018
1.5632253225217576
1.5632188218224494
1.5632283396471731
1.5632206976347853
1.5632250983742737
1.5632316476095631
1.56321905603947
1.5632223477155636
1.5632289444012526
1.5632249610011308
1.5632162435634938
1.5632208494621773
1.5632301756461526
1.563229681842077
1.563217972149789
1.5632351216168583
1.5632281623970203
1.5632226636112911
1.5632154809044507
1.5632228580031948
1.5632194385029115
1.5632218185769426
1.5632296436969373
1.563226798396195
1.563216405681909
1.5632268681029549
1.5632206429267947
1.5632294799289885
1.5632264425013171
1.563233909317447
1.5632289678194204
1.5632254001223491
1.563228682043057
1.5632245030638166
1.5632207630104709
1.5632212156185443
1.5632206318612385
1.5632244015966434
1.5632296469678961
1.5632185843998436
1.5632250274323736
1.5632215288356872
1.563227602712016
1.5632223377440513
1.5632188403766136
1.5632236066302416
1.5632243756595787
1.5632206888448967
1.5632226941652219
1.563217969612774
1.5632256773270714
1.5632344215499787
1.563228772967096
1.563221022227606
1.5632268712442612
1.5632233439517982
1.5632224553875986
1.5632129289397871
1.5632289055404447
1.5632257587729925
1.5632300377009622
1.5632295133408545
1.5632245095074202
1.5632262684820932
1.563226898766864
1.5632253202486905
1.5632254228264564
1.5632294647337743
1.5632184459899197
1.5632224927688412
1.5632197445328764
1.5632201889405872
1.563230776828394
1.5632220818049352
1.563225664411077
1.5632243143793638
1.5632208322839727
1.5632220404447954
1.56321700820171
1.5632221068488197
1.563225662436001
1.563224224562285
1.563217385676878
1.5632238216777317
1.563228839909218
1.5632281883744918
1.563222794312772
1.5632265161929835
1.5632240042767376
1.563221689212494
1.5632213221974414
1.5632282837355291
1.5632242184844887
1.563220772712567
1.5632210209153579
1.563222284682301
1.5632218119037633
1.5632229596075045
1.5632253541739942
1.5632262975758615
1.563222746697932
1.5632282789918726
1.5632221406637548
1.5632256822651152
1.563222201857367
1.5632323614564803
1.563224596966161
1.5632236636771144
1.5632233328775187
1.5632302483952094
1.563226798326654
1.563224791555905
1.5632281379504274
1.5632237554073773
1.563222275331261
1.5632231994628325
1.5632240268165103
1.5632202237864796
1.5632198835195268
1.5632284325319374
1.5632232448114347
1.5632228407800606
1.5632245471521042
1.5632155797812746
1.563223435386357
1.5632318095583149
1.5632227019139966
1.5632234738650055
1.563221515456555
1.5632281237109389
1.5632258940484778
1.5632262095850795
1.563225998926649
1.5632242029721395
1.5632214227644385
1.5632256419220971
1.5632269316885046
1.563225382706979
1.5632249865551417
1.5632260252519077
1.563228440199219
1.5632197332147757
1.5632254773714584
1.5632224354745574
1.5632235226216942
1.563224093270324
1.5632248804124567
1.5632249336343542
1.56322612941534
1.5632229706934133
1.5632230377640552
1.563223567285699
1.5632249354212573
1.5632225309162493
1.5632252033832428
1.5632261332314894
1.5632267803190079
1.5632229852285808
1.5632243521592013
1.563223565114773
1.5632264087404826
1.5632257394361087
1.5632248743896853
1.5632250191968347
1.563223325655503
1.563223745864788
1.5632241180194746
1.5632235358889877
1.5632243628384423
1.5632243839452609
