0.053867612704844595
0.03756200731328864
0.030882931832413505
0.026843927013231062
0.02395061017787203
0.021862022702380943
0.02034733037094922
0.018953404118348036
0.01800990777463305
0.016816805420159092
0.01618532808307846
0.015490725718376808
0.014771823452425933
0.014303078148590439
0.013822880647201094
0.013116402568242
0.012985388136148647
0.01237536551711464
0.011979963900405833
0.01185271606511893
0.011556056272642846
0.011382050574420191
0.010878832285777526
0.0108905995953657
0.010644353044491689
0.010453900780362811
0.010234177602795613
0.009960377606499978
0.009643395335077513
0.0096499746488548
0.009585409758611411
0.009331883323920246
0.009162414897219034
0.00922055595364568
0.008928950614989042
0.00871307904143766
0.008624351222640369
0.008556769633827697
0.008385559030833102
0.008259195730600908
0.008136370676098884
0.008114198555473028
0.008013650831424923
0.007905855002424298
0.007852217190882405
0.007738666732890496
0.007618992328379384
0.007589153369753556
0.007563975682599566
0.007376277893841124
0.00728643775694623
0.007251970501505959
0.007132552389312608
0.006969666757249664
0.007035026767279283
0.006996286874657483
0.006962947046864916
0.006787615277890898
0.0068567059326427255
0.006748217864578188
0.006660126170313068
0.00659334289781112
0.006515787893744236
0.006505182879151247
0.006448657136894929
0.006372037663883782
0.006299404404327695
0.006336158951744588
0.006260960336461878
0.0061085825699538
0.006128317640493983
0.00611202911257133
0.006034699224628184
0.00596748751982386
0.006013409906449086
0.005964565121603282
0.005919019978099728
0.005799717587998613
0.005805943084370406
0.0057619678757204395
0.0057499192929022025
0.005707661044145436
0.0056623426173910705
0.005627348071674959
0.005633947651872494
0.005497611606716019
0.005514277007175597
0.005469301354915619
0.005376481821291757
0.005391080120243514
0.005416082955602179
0.005314059665394382
0.005274458462048685
0.005292968285242794
0.00523945767734201
0.005205007601709792
0.00513505351272725
0.0051226387367929406
0.005125182147103788
0.0051292637894433425
0.005003384071533057
0.005088355352084254
0.005007902632825696
0.004976920392191019
0.004938030309958582
0.004917401560254489
0.004873302710038147
0.004907694675671268
0.004850344084679414
0.0048242432062189766
0.004815867511132016
0.0047430760575464725
0.004761260723588445
0.0047340237062478245
0.004691856792874064
0.004665240930301033
0.004628901464505008
0.004620328439106805
0.004653423507056639
0.0046007534256535575
0.004572347927929873
0.004536832181347094
0.004584868060109251
0.00449796766721857
0.0044811864499771
0.0044860246257924915
0.0044808048367555855
0.004511972013758198
0.004380255566782948
0.004420412595020689
0.004383096814748224
0.004368963131192761
0.004362786025818979
0.004342315481587912
0.004350042239396387
0.004290559743099811
0.004279600698261681
0.004256845090580131
0.00421615976733604
0.004147964077632468
0.004202886909274241
0.004173441235560457
0.004127426114824583
0.004120409493428021
0.004154907183747626
0.004046334183394139
0.004096720849470333
0.0040673205915684905
0.004012791389915763
0.004011951159465095
0.003975635484199592
0.003964951980788687
0.003943155996556605
0.003978119134826961
0.003985315064011639
0.003957506438526205
0.003949849343624124
0.003911345363453694
0.003844777444644976
0.003880569256410427
0.0038861332640833476
0.003892541965714306
0.003931513130704307
0.0038559820319732834
0.003806743034158435
0.0038121838340271514
0.003823568320418296
0.0037570358546563406
0.003751594300156756
0.003757740515817961
0.0037362133606609806
0.0037046770800779156
0.0036758180008590676
0.003707809236558858
0.003709445054063597
0.0036834450656627613
0.0036362447821640448
0.0036405076382614184
0.003681097573335511
0.003645453015210415
0.0035854420630968484
0.003569482589161067
0.0035872169673593027
0.003549986278868165
0.0035166312878903063
0.003547593322980876
0.003515278353970932
0.003528281809043529
0.0035284483968008613
0.00352794571452471
0.003514220504227795
0.0034435365189584926
0.0034463150416584633
0.0034692561088785954
0.003472324204003872
0.003417585077007076
0.003468961176437982
0.003374524657529864
0.0034040005035903854
0.003352489181065927
0.003364304082536868
0.003366783538822324
0.0033383717799146755
0.0033508029173802347
0.0033726417937128294
0.0033233463614342237
0.0033008018494803328
0.0033124632813409834
0.0032900147195483944
0.003248749013943527
0.003257604051844312
0.003255997206439326
0.00325013607459083
0.0032769425011501684
0.003235304473333735
0.003269021646993797
0.0032110536020776596
0.0032089098782755
0.003199235805417303
0.003216545297173005
0.0031880825720740553
0.0031600378381017344
0.0031788408108234826
0.003117307963284648
0.003080331218286313
0.003186571071682599
0.003124497499220673
0.003130022703952181
0.0031305553956318833
0.0030959734809459074
0.0031013263067660338
0.0031051467506064833
0.0031188364627270974
0.0030945247907091166
0.003051239290467305
0.0030328983370298285
0.003056460622225138
0.003022872093101295
0.003020149377223662
0.0030001677306111334
0.0030172378655302628
0.002995944372635274
0.0030113488459749954
0.0029964925700413387
0.002980499908389104
0.0029605117230108984
0.0029748783912395393
0.0029656582620269773
0.002915621149358615
0.002941336274779309
0.0029431091171709285
0.0029249698186263598
0.0029354118093819137
0.002859470568891617
0.0029230315020287276
0.0029434713940907084
0.002886671905247507
0.0029042907439906216
0.00289994708587117
0.002849432657638903
0.002840951255160703
0.002887115419466063
0.0028367727380952954
0.002829901285569912
0.002855852145044099
0.0028006758927975046
0.002823765081532405
0.002831524862733838
0.0027765963134291673
0.002792032604838033
0.0027771152484202016
0.0027401651774831034
0.002751266174545158
0.002738729677452651
0.0026943035441800494
0.0027702264907072853
0.0027880222022272725
0.0027584581548235555
0.002722589877600223
0.002740264385249102
0.0026850556508514235
0.002737590116954159
0.002685757448110609
0.0026988204672215347
0.0026954350318292
0.0027006686964124436
0.0026659559600141084
0.0026581376950722806
0.0026811349250749415
0.0026569885667156053
0.0026572066803919074
0.002623404205029321
0.0026289209937628774
0.002599766492690181
0.002624431253174195
0.002636741369082648
0.002600762957284909
0.0025824485027247123
0.0025597105876556804
0.0025681097959480187
0.002590503645321157
0.002580532471937808
0.002588952886549752
0.002586001108922712
0.0025582763687232502
0.002525217201897006
0.00254966583658268
0.0025360444860973194
0.0025395718676246575
0.002541715507395421
0.002524711128901254
0.0025305873297541623
0.0025050923435476972
0.0025016852905639206
0.0024722844707392197
0.0025004063135441873
0.002499117642149983
0.0024951240311491254
0.002507883721313007
0.002482068248231067
0.002478623485648222
0.0024598286033810706
0.002462266506913616
0.0024469728148881
0.002432975591515897
0.0024204825538067564
0.0024271660782046152
0.0024005716658091303
0.0024311974892214532
0.0024307880974089036
0.0024371283362600244
0.002415591711132703
0.0024100221293683545
0.002425146181323824
0.0023812877902292494
0.0023705294636936704
0.0023746745189036802
0.0024043315421765107
0.002363868723624432
0.0023657992159881185
0.0023668011450139028
0.0023492386947904795
0.0023042083749641984
0.002345884616967589
0.0023290712964478765
0.002301361545164485
0.0023379572928589826
0.002317345865820768
0.002324266461984599
0.002322421078809848
0.002282968291033842
0.002326699154780119
0.002323423392572856
0.0023052121942103965
0.0022783908560319445
0.002260646285229666
0.002305753961756375
0.002254538689597323
0.0022807075944665488
0.0022661670583976603
0.002264994330097007
0.002270036739567467
0.002248644261584735
0.0022458190546446027
0.002234198843719861
0.002212635225576611
0.002232139348145472
0.0022253031141238853
0.002236858056059257
0.0022421467519376822
0.0022085196016862463
0.0021990488713756378
0.0021769389017109917
0.002188046238228023
0.0021898436122948454
0.0021982280425971758
0.0021818366586320802
0.0021876124504226885
0.0021715340228641686
0.0021724661458191624
0.002147316340427954
0.002159492436553931
0.0021610952290992236
0.0021595729189961
0.0021469963884365798
0.002154414563671672
0.0021337524573665635
0.002142382948584384
0.0021365104675559535
0.0021488123938965334
0.0020918360050996426
0.0021220202351082897
0.002138446808074236
0.002100925190768856
0.0021019568076047
0.002111642558943071
0.002102079929455307
0.0020777677349573765
0.0020816974339657244
0.002056831278677645
0.0020340642322006345
0.002076316933637881
0.0020466181483635593
0.0020584798588522417
0.0020604583922897274
0.0020514752409985836
0.002061939644047144
0.002064179736708167
0.0020430323339877977
0.0020207717180320112
0.0020349246067649807
0.0020214429082945867
0.002038413284419607
0.001989984215252561
0.0020209375820213274
0.0020185288356701263
0.002027509959899261
0.0020017880349925176
0.0020282661060056803
0.0020156308360234063
0.0019852735986924035
0.001949193902468507
0.0019824930388453355
0.00196429027754408
0.001964041677352136
0.0019682242051636007
0.0019496247296798878
0.001949587668921827
0.001959498102569706
0.001933260173375617
0.0019330343367773032
0.001955133712354155
0.0019448854562633662
0.0019164885147874354
0.00195293339215631
0.0019293266708014566
0.001914973756672898
0.0019459453737486654
0.0019224854764520406
0.00193322382608259
0.0018954976384758767
0.0019030499869480775
0.0018882817517016275
0.0019215782186386985
0.0018899460383846748
0.0018931737072379487
0.001880539187342565
0.0018758411920877095
0.001874737416814155
0.001885944599454368
0.0018660520598534954
0.0018825861145746992
0.0018675579887964784
0.0018776872075170704
0.0018433968409660609
0.0018496240893824852
0.0018538536296087164
0.0018578917122515977
0.0018313417897581666
0.0018318986424261604
0.0018334151736072348
0.0018327197975871899
0.001815237200864052
0.0018312332056939263
0.0018404898280443666
0.0018211318582357576
0.001797688255167456
0.0018228588747254755
0.0018125367235078882
0.001795938646746354
0.0017933952989651503
0.001784855556020398
0.0017984622923412816
0.001787252724977996
0.0017986392675134165
0.00178060359115276
0.0017986139325463278
0.0017667011555340634
0.0017714481765650405
0.0017647475367229732
0.0017647878860332586
0.0017448045733313793
0.001735239879431392
0.0017585937793313086
0.001762786627913369
0.0017395030516080053
0.0017385527186414603
0.0017542447244696339
0.0017149648077444486
0.0017122186474677556
0.0017219981459897344
0.001718759613449776
0.0017125480183485813
0.0017268077552790575
0.0017136798285384916
0.0017095330791142588
0.0017025974999284267
0.0016982081369231491
0.0016908835207243927
0.0016966489302746982
0.0016753448636150584
0.0016971850283880455
0.0017052356179033269
0.0016820178895771412
0.0017000579581512062
0.001683342308100583
0.001682838976111785
0.0016623094025526835
0.0016652964561108589
0.0016615721784496362
0.0016756371105893341
0.0016629905715403257
0.0016491358143455185
0.001660089645831298
0.0016542222789055188
0.0016565338725799245
0.001647181353439819
0.0016402745692505852
0.0016263464365384706
0.0016433852486534403
0.0016219579999515517
0.0016344703452524875
0.0016518631028930885
0.001627906570949498
0.0015957258782016157
0.0016060375378921523
0.0016260858481614358
0.001601804607024229
0.0015889930195616049
0.0015925326904870835
0.0015890548137385192
0.0015804301177584725
0.001588586650312137
0.0015997088805782308
0.0015741753968812524
0.0015965135093840821
0.0015762799149585708
0.0015648587885066037
0.0015683140961336194
0.0015771837149826853
0.0015402171926089316
0.0015536935219961961
0.0015764515081415217
0.0015250699451122176
0.0015725347157059604
0.001555001130672416
0.0015568006022406253
0.0015391312445449535
0.0015547132652298117
0.001521940670536414
0.001540903000640125
0.0015244389421902292
0.0015289954963307935
0.001515665767651948
0.0015401865122269584
0.0015190046071466652
0.001511393493432075
0.001508827319512685
0.0015028731739620462
0.00150372488785016
0.0014893783213603539
0.0014944279466339546
0.0014958381383149025
0.001484821877723558
0.0014790280322937242
0.001469786241028249
0.001478417468639266
0.001486536741627892
0.0014767503194698514
0.0014772024790439147
0.0014720677893886307
0.001468496450888148
0.0014855003705401394
0.0014271954460368607
0.0014739412221574906
0.0014637681819197146
0.001454679112033988
0.0014537460971309627
0.0014446779871168153
0.001447298689016298
0.001439292765598806
0.001437219343439539
0.0014302763101736874
0.0014361474549529308
0.0014320742766641649
0.0014343738949287553
0.0014155372334606051
0.001418705737319821
0.0014316219814803374
0.0014221001570567085
0.0014047156786184518
0.0013970091529865241
0.0013993994753922832
0.001409045298464272
0.0014262089780967243
0.0013891831223740497
0.0013989027373072364
0.0014062772138462589
0.0013929964644386551
0.0013759704041324036
0.0013871517073975517
0.0013888285521730839
0.0013712529999071067
0.0013727042686695818
0.00137747935840593
0.0013666700375723026
0.0013460131277508217
0.0013726058162814511
0.0013476129658436225
0.0013535712903554658
0.0013653355346605826
0.0013553011080959074
0.0013551160212586602
0.0013427837738505032
0.0013418448358733332
0.0013449196705983386
0.0013261124752882987
0.001337515446240086
0.0013088824061628986
0.0013266514368129138
0.001316433003134833
0.0013284363853680449
0.0013201302739045597
0.0013194411802871495
0.0013138740880237517
0.0013139266524835977
0.0013172206283302102
0.001318818843262069
0.0013075021484760562
0.00130500113527446
0.0013030208657983683
0.0012888393531380964
0.0012849239524340853
0.0012959477094740652
0.0012822844723830932
0.001284241984859271
0.0012820958960623903
0.001286166971255381
0.0012859785959506687
0.0012709031973851715
0.0012742219615557923
0.0012662966348780404
0.0012590333930027492
0.0012355809168459267
0.0012454555789303526
0.0012491896417981094
0.0012448231159195061
0.0012514885413084883
0.001239394088200011
0.0012340264980166508
0.0012439162207849865
0.0012394444168387813
0.0012406645402834335
0.0012311262475837473
0.0012310113385783255
0.0012425457310316582
0.0012107716472708138
0.001220058500698606
0.0012022619945232477
0.00122521898896939
0.0012128911085283682
0.0012116088949694537
0.0012027601701559824
0.0012108296481187458
0.0012124155064865793
0.0011988921172671773
0.0012072708303948357
0.0012022721655693862
0.0012036406160485114
0.0012067176615644726
0.001193009719610601
0.0011830194092245757
0.001190179224431466
0.001182125646771958
0.001185876233558721
0.0011798886980339562
0.0011880776789939243
0.0011689855523389062
0.0011704898507904492
0.0011728137327679578
0.001165109432960909
0.0011617655833699304
0.0011684356425135916
0.0011544503677268004
0.0011508172523249196
0.0011502906147222982
0.001143845337934146
0.0011553807336898109
0.0011466822108509127
0.0011346784611876585
0.001133380429925503
0.001123726824196091
0.0011395881064691265
0.0011219944935493803
0.0011237742413386295
0.0011044833565555805
0.0011223008297951158
0.0011093357358888166
0.0011098116602131778
0.001107341305670024
0.001106677695067238
0.0011071534385486597
0.0011031784109373198
0.001100468142810533
0.001095054348560493
0.0011095394593381405
0.0010930475194321453
0.0010925308984058365
0.0010885101504178084
0.0010739433853284325
0.0010743558149357109
0.0010786173054750346
0.0010768715447199873
0.0010746805472046383
0.0010815428594289102
0.0010733657395919666
0.001057432191408839
0.0010745106623470688
0.0010616460781317704
0.0010556573054365762
0.0010498405921368957
0.0010419056838318068
0.0010576088378087113
0.0010480071892752883
0.0010445037336630969
0.0010417556503433752
0.0010429167414482835
0.0010400330307989729
0.001028307520607838
0.0010378490214497495
0.0010290423312802259
0.0010208730827716557
0.001009205268325219
0.0010298250591100598
0.0010172453469694705
0.0010181261017729
0.0010034067243357317
0.001006624309097681
0.0010134336524069824
0.0010112981258240106
0.0010077408373955323
0.001005177374247831
0.0009954775611736048
0.001000257843847877
0.0010064463914922397
0.0009957082689325157
0.0009821567021090405
0.0009809383955907377
0.0009728795403031162
0.0009737305289276868
0.0009740861465696891
0.0009673907843342555
0.0009814427364958761
0.0009623903995758191
0.0009806474708020938
0.0009622619222388361
0.0009659428211485299
0.0009679725138733925
0.0009530745928139744
0.0009630242937677846
0.0009442592097497444
0.0009453576100469524
0.0009633246644704946
0.0009409902357803216
0.0009410684876506614
0.0009442084685622178
0.0009427462742509421
0.000932143387152627
0.0009329070851886222
0.0009291066014336102
0.0009146769688780085
0.0009195417461824897
0.0009301394304611708
0.000918134686464011
0.0009102527939342357
0.0009112810295362943
0.0009141991990772436
0.0009011089249511598
0.0009110353493799262
0.0008987712926396135
0.0008933987748708866
0.0009036800917882871
0.000892768989829902
0.0008810309910873902
0.0008801460696739937
0.0008816087725671321
0.0008872697945175535
0.0008834807154293381
0.0008815399738274823
0.0008727435923270763
0.0008763442564642626
0.0008720335655975291
0.0008665501442109159
0.0008689117857118168
0.0008634180592963724
0.000859346647635647
0.0008652225589121987
0.0008455394354121383
0.0008590182971374858
0.0008384099973867156
0.0008364668630976656
0.0008431674632406348
0.000847407909334778
0.0008410167105198272
0.0008440475860905523
0.0008260433375328025
0.0008359180440625491
0.0008393722631807402
0.000826583813795557
0.0008165135140311032
0.0008218506068523417
0.0008176134254093539
0.0008063335932820572
0.0008190306679288365
0.0008070160323135353
0.0008051534908221624
0.0007918264624049427
0.0008025774590095132
0.0007941428923940559
0.0007944401903677605
0.0008019390372006522
0.00078802800014174
0.0007938929649033746
0.0007820347859626736
0.0007788922634565546
0.000779256820982584
0.0007739711858506839
0.0007787353696723801
0.0007760501339701767
0.0007679467628258738
0.0007616816675654766
0.0007606544793446394
0.0007607405598878557
0.0007625862447989799
0.0007594477977509131
0.0007662671323325407
0.0007605742164993664
0.0007473605536962089
0.0007402860582082535
0.0007348392791475188
0.0007421437412007149
0.0007447278739015504
0.0007441470203473172
0.0007309257508204559
0.0007275168613757902
0.0007285613299493197
0.0007166144501686942
0.0007146996295944608
0.0007207037927127086
0.0007107378110732198
0.0007111014394457671
0.000705027958873693
0.0006982766308351946
0.0006992812052691873
0.0007049188559785996
0.0006931283408972313
0.0006972617587920615
0.000693885392156141
0.0006920526405710104
0.000688812189315889
0.0006801064558727194
0.0006761073200914516
0.0006709466795186439
0.0006765508821144855
0.0006673031411452891
0.0006672733777465991
0.0006703129989746095
0.0006559006932441481
0.000659059768753328
0.0006524084669474082
0.000648996530884761
0.0006497195095187574
0.0006436995542484746
0.0006420451248155453
0.0006470832167334396
0.000643773134641195
0.0006352259152841458
0.000633095105442903
0.0006252032850925453
0.0006266491977282119
0.0006184730098744279
0.0006284945898016359
0.0006144384337563966
0.0006079506857959449
0.0006078719126112806
0.0006078727727370869
0.0006155563764319804
0.0006072878607814371
0.000597415489162093
0.0006031780662394412
0.0005974285655608347
0.0005937135581395959
0.0005878314496353604
0.0005826452684329279
0.0005767314498235681
0.0005805615526324451
0.000571700114706071
0.0005680254186071958
0.000568382138633739
0.0005635596433024984
0.0005685246970071167
0.0005628575569934156
0.0005516437775153708
0.0005512685191944845
0.0005499674597675546
0.0005496764460668729
0.0005464440226383773
0.0005416932906102702
0.0005327841475812196
0.0005349711667238641
0.000536322971059075
0.0005234503401232336
0.0005246391565277293
0.0005253984514011685
0.0005184420798256998
0.0005029895238610625
0.0005138311678986448
0.0005053226171049462
0.0005045791018114456
0.0005078964269028195
0.0004958762387485993
0.0004906715447779537
0.00048391675605949006
0.0004897611899403488
0.0004829966300605342
0.0004802235053413719
0.0004808158378562818
0.00047630870746138683
0.00047253563634750366
0.0004684857260716252
0.0004610606252604497
0.0004618644926417116
0.0004553468378504535
0.0004489454832850129
0.00044949820716221175
0.0004390790512440066
0.00043939931176260964
0.00043107089704598776
0.000435154317416917
0.0004274961255281776
0.00042591615344044176
0.00042662496198495617
0.000418432578395855
0.00041609896675509297
0.0004095340258806801
0.0004007958841239515
0.00039463292558863374
0.0003972303234418609
0.00039419380592678525
0.00039200921710028157
0.0003840228185210258
0.00038706009693851483
0.00037479633889767245
0.00037121048748593765
0.00037007817701682885
0.00036330693703368695
0.00035774226695120114
0.00035450022591855453
0.0003525131871515769
0.0003451353187228043
0.000345477039509274
0.00033592995543261746
0.0003346295076663612
0.0003275954235852781
0.0003231508103771686
0.00032379079510968893
0.00031662630659392573
0.0003061453029475167
0.0003050071072899875
0.0002997128270429221
0.00029465543887292856
0.000289677195747355
0.00028280145848878335
0.00028124976029200965
0.0002710015525883265
0.0002652965750543669
0.00026046552446132125
0.0002520861657457465
0.0002505278431011606
0.00024173205995716823
0.00023818369612935855
0.0002310763449132977
0.00022320681670704785
0.00021730374591862945
0.00020774800770547363
0.0002033344283274641
0.00019722187590141298
0.00018887244299918075
0.00018156808921577778
0.00017120910671645693
0.00016266970529197854
0.00015209109925058627
0.00014235627852531656
0.00013242978624636737
0.00012045430245662143
0.00010658028735504079
9.352946697610142e-05
7.561882286585637e-05
5.382974583913704e-05
1.7401307165389896e-16
