0.5759073711645204
0.5753901834237103
0.5763376951668533
0.575637624821948
0.5761911664470447
0.5767810736536887
0.5759361585859925
0.5754542436717658
0.5758792328931976
0.57622586036003
0.5766322080038694
0.5756909588481216
0.5762018703204401
0.5758357187940378
0.5761058273435126
0.5765512134962784
0.576247107909149
0.5761468915852781
0.5760275303586196
0.5762137782861877
0.5759531911422079
0.5761887623399117
0.5765078156550247
0.5761087790875005
0.5761372508437036
0.575977123018755
0.5760775181163577
0.5759109767515438
0.5759030327544448
0.5760175506962735
0.5763291350934809
0.5761797251081358
0.5761484015655826
0.5760497268098096
0.5761308287983081
0.5760397607556126
0.576084936062195
0.5758720669796666
0.5759288398985275
0.5759831780812829
0.5760085643689319
0.5762312630746543
0.5760620843635719
0.5762205846362723
0.5762655067263104
0.5760785884655876
0.5762932529803324
0.5760518707657505
0.5763132530972513
0.5760659165087849
0.5761636423912369
0.5761005320476386
0.5760690933653787
0.5760254156474114
0.5762683853590628
0.5760736407910406
0.5761433549088403
0.5760456807414601
0.5763082011830375
0.5762055761440703
0.5761354897687749
0.576077364707645
0.576108571118314
0.5761646016474211
0.5761673044616278
0.5761009735644695
0.5760847710166661
0.5758718094330983
0.5761142458379007
0.5761688023401524
0.5763022115281192
0.5759691049023732
0.5761679813178574
0.5761625810716241
0.5759726298278821
0.5761545780838525
0.576098139676687
0.5761067141939687
0.5762167716304418
0.5761617973368737
0.5761334687995565
0.576097330711242
0.5760902775701494
0.5762094735347856
0.576027443736884
0.5760742235786842
0.5761052019983861
0.5759917089382669
0.5761339198235644
0.575987132471301
0.5760373266812735
0.5761534019838799
0.576096307103046
0.5761038549075038
0.5760168489747827
0.5761677143130066
0.5761723930583172
0.5762659477959314
0.5762008413595852
0.5761124244707299
0.5762166425838102
0.5761172964421784
0.5761579014822684
0.5762012241485648
0.5761717467769965
0.5760677584838664
0.5761629472706558
0.5761297513062744
0.5761815757536081
0.5761352573831536
0.5761726049898945
0.5760853553967338
0.5761034166954089
0.5761050309225145
0.5761257229876839
0.5760142387748272
0.5760690967331354
0.5761513764409109
0.5761877005924257
0.576194222981594
0.5760633856993383
0.5760931120646238
0.576111887697315
0.5761090783987352
0.576040332398856
0.5761423171912107
0.5760538294211716
0.5759814860996123
0.5760818382705176
0.576195855683636
0.576086515136781
0.5760733628706692
0.5760326808024682
0.5760951346116011
0.5761386971700587
0.5760995686093913
0.5760102580624161
0.5761563178512915
0.5759156372497044
0.5761156636441476
0.5761052941608525
0.5761115466595979
0.5759458101285354
0.5761611134304719
0.576134944200468
0.5760336527090886
0.576087271193323
0.57606528446418
0.5761128697131177
0.576063897803932
0.5761621096240969
0.5760998362605926
0.5761892463519962
0.576179196160281
0.5760089333461802
0.5761103006358992
0.5761771344287987
0.5761475132459126
0.5760306364647683
0.576065089071377
0.5761518263148917
0.5760911301320625
0.576182437080318
0.575979260751436
0.5761246029087455
0.576103845906288
0.5760369096437165
0.576091128457621
0.5760080197836347
0.5761368167944323
0.5761369629369095
0.576182166405725
0.576020390164361
0.5760759916667443
0.5761569884716917
0.5761129901705624
0.5761143568395224
0.576117091742734
0.576043360728991
0.576090798614581
0.5760493490498519
0.5760259402180474
0.5760449834801555
0.576129730341332
0.5761109510977085
0.5760576880336324
0.5760821302213509
0.5761095004922464
0.5760905299868839
0.5761098349596205
0.5761188490017675
0.5760413403991054
0.576114482505752
0.576118812811644
0.576159919074801
0.5761646626533224
0.5760894661470044
0.5761284071744928
0.5761195798225339
0.5761621812052062
0.5760892974666025
0.5761158264352556
0.5761375970085967
0.5761026927860033
0.5761436754010839
0.5761344930720302
0.5760807560305856
0.5760580824265178
0.5761156113769859
0.5761583569300441
0.5761578090281225
0.5761274125566236
0.5761204943397801
0.5760823725076387
0.5761377350236206
0.5760791606228836
0.5761064489400575
0.5761064442548574
0.5760707041021316
0.5761041038014854
0.576082846359118
0.5761160771023324
0.5760892845069017
0.5760951632824317
0.5761068338587083
0.5761340523457755
0.5761179870643952
0.5761494319640874
0.5761121477495722
0.5761540161590962
0.5761025396133931
0.5761096559320878
0.5761338351640019
0.576080714899297
0.5761322727991003
0.5761615618790621
0.576157927208594
0.5761144636303993
0.5761269332052766
0.5761034265349888
0.5761181071185989
0.5760937782130828
0.5760753539413638
0.5761114948158432
0.5760253910329691
0.5761723891731565
0.5761458499290424
0.5761320799173439
0.5761226613861556
0.5761099487575744
0.576115002037364
0.576157747289272
0.5760940517055202
0.5760902611722419
0.576112212814017
0.5761373289003392
0.5760695839576205
0.5761242846560619
0.5760860067749989
0.5760519283537188
0.5761536230841731
0.5760710749842861
0.5761015265256355
0.5761050811423736
0.5760791714215537
0.5760524200648625
0.5761408496023271
0.5761179099104292
0.5761185432168179
0.5761272577359637
0.5761104244937102
0.5761048198023587
0.5760718463623334
0.5760253085473874
0.5760942103623271
0.576109586004592
0.5760857406557327
0.5761309144018054
0.5760688494913242
0.5761543816501711
0.5761243612378393
0.5761571651012518
0.5760922251268374
0.5761417614308469
0.5761179192694399
0.5761075822380658
0.5761045856039704
0.5761143263879099
0.5760929905707524
0.5761929484481445
0.5760600736751054
0.5761787512108875
0.5760877592141098
0.5760547024318909
0.5761280224588503
0.5761022926120689
0.5761394383764266
0.576094307088521
0.5761021200653785
0.5760786876364178
0.5761900869359862
0.5760897440464955
0.5760703394203
0.5761082960112585
0.5761617543923159
0.576081048312342
0.5760942017229199
0.5760885513581995
0.5761036842788648
0.5761354080916151
0.576110798495868
0.5761583553303955
0.5760520132671967
0.5761105569407515
0.5760933168395627
0.5760579489646298
0.5761337204752601
0.5760467794828129
0.5761080035725701
0.5761094586452787
0.5760631923794403
0.5761430815386348
0.5760755685806905
0.5761173372254845
0.5761489078598842
0.5761547506004836
0.5760601432357138
0.5761837373841564
0.5761299668379806
0.5761420197568499
0.5760422666666823
0.5761120998984717
0.5760929180127857
0.5760986008146137
0.576145924762514
0.5761030260518261
0.5760801489386295
0.5761589650870248
0.5761087031651867
0.576148711281639
0.5761260623792296
0.5761291828562144
0.5761165587943465
0.5760753377325322
0.5761047274537937
0.5761426380125227
0.576119366552708
0.5761244102804287
0.5760805545905174
0.5761201736474068
0.5761393247277553
0.5761037952542559
0.5760678765603263
0.5761139140409683
0.5760913080032131
0.5761175114590762
0.5761064740617088
0.5761132819491984
0.5761376962055508
0.5761253279606333
0.576123263301609
0.5760967337860889
0.5760947748682962
0.5761231026700518
0.576003055130849
0.5761274341797592
0.576098499143856
0.57607361785114
0.5760999442914826
0.5761241238720262
0.5760645218264974
0.5761292806495634
0.5761018380193693
0.5761497648249472
0.5761249060569072
0.5760990274766926
0.5760588403181087
0.576103989742812
0.5761172720090432
0.5760772718433729
0.5760982759879802
0.5761225988757158
0.5760446713458607
0.5760505667842443
0.576107026746899
0.5761527422020662
0.5761532874209425
0.5761342323651767
0.5760905462810954
0.5761419911262952
0.5761357696816185
0.5761015273837943
0.576133758253095
0.5760765506397664
0.5760460615893711
0.5761228550203715
0.5761189270078249
0.5761016032445914
0.5761157944474582
0.5760972000162328
0.5760743735468784
0.5761241230071901
0.5760809969759684
0.5760736221331897
0.5760689484157759
0.5760802238977416
0.5760700811821101
0.5761749611422036
0.5761407195058599
0.5761013293621343
0.576098649426345
0.5760797192517205
0.5761116888605762
0.5761137922977723
0.5760782347915814
0.5761224445857972
0.576146572257025
0.5760925780781856
0.5760929814855463
0.5760907465575051
0.5761023609306372
0.5760893359742766
0.576115127027417
0.5760701271550213
0.5761042291059665
0.5760795126069174
0.5760676494920214
0.5761711607894947
0.5761188866094619
0.5761236408823427
0.5761151022566313
0.5761049148337981
0.5760974950861164
0.5761274975918622
0.576075843920806
0.5760872925130259
0.5761289424812966
0.57611356211445
0.5761055711444087
0.5761105374907031
0.5761006479866326
0.5760976806922274
0.5761167263033818
0.5760755933050301
0.5761086799862714
0.5760781828060721
0.5761066885270218
0.5761236447985882
0.5761067071250651
0.5760999731724309
0.5760950169451535
0.5761075542031067
0.5761346828269862
0.5760582497702053
0.5761281681740479
0.576095281870025
0.5760893357558098
0.5761237096221574
0.5760920092798388
0.5761121991782918
0.5761485732158038
0.5760792956058365
0.5761009514822916
0.5760937774307348
0.5760696704499866
0.5760883984759232
0.5761613226167055
0.5761166716827137
0.5761104309093346
0.5761154102613868
0.5760813930342934
0.576093710929327
0.5761216900999194
0.5760857856364296
0.5760789474411286
0.576088230548606
0.5761239043766629
0.5761111410258295
0.576138308485877
0.5760988975368702
0.5761438070845858
0.5760877598945953
0.5761252989038746
0.576093607512346
0.5761116109983051
0.5760992970300358
0.5761232606544936
0.5761110571516168
0.5761377212147862
0.5761868060794062
0.5760764236932625
0.5761083757159439
0.5761664725547706
0.5761153841988883
0.5761351731521408
0.57612066138584
0.5761129966500155
0.5760979788998577
0.5761200463046825
0.576108110534035
0.5760941636421054
0.5760934161659124
0.5760984497792769
0.5761226347556724
0.5761425206663097
0.5761056480606322
0.5760737424826456
0.5760866130592369
0.576140949158441
0.5761022808850712
0.5761186412867962
0.5760942452879549
0.5760909751973482
0.5761467119740837
0.5760868988680057
0.5761019633557438
0.5760797485990448
0.5761138979888488
0.5761313772538252
0.5761303435023295
0.5761458430996987
0.5761245319936534
0.5760879388863197
0.5760857436000509
0.5761297859763553
0.5761200389237751
0.5761022158492999
0.5761266225812769
0.5760924472815745
0.5761061638224136
0.5761008133835236
0.576117392901083
0.5761331467637024
0.576111613524364
0.5761695881323875
0.5761026978047828
0.5761009967101737
0.5761097452957978
0.5760841733503681
0.5760841894834371
0.5760953850700135
0.5760944264699553
0.5761275477413234
0.5760910739536431
0.5761381906790651
0.5761072344649798
0.5760788049242247
0.5761225099640412
0.5760998111346791
0.5760893792480538
0.5760832259088765
0.576116085082716
0.5761044356404235
0.5760851273670371
0.5761356871621831
0.5761211919817242
0.5761030265636524
0.576107057459264
0.5761410207764106
0.5761364670521923
0.5761279970854113
0.5760959966677488
0.5761165015246535
0.5760982579324749
0.5760727780286361
0.5761214760081044
0.5760861339497528
0.5760916563531924
0.5760970322144969
0.5761213197297792
0.5761108654986922
0.5761169959861577
0.5761364180292088
0.5761223444394619
0.5761220149055112
0.5760943806632657
0.5761763729502947
0.5761270468329978
0.5761181489204973
0.5761067013081345
0.5761115251794509
0.5761145962883902
0.5761117323105648
0.5761366361990288
0.5760922204722121
0.5761243498842228
0.5761332453335968
0.5760988101473806
0.5761069727915459
0.576117842573061
0.576120199203005
0.5761050456238173
0.5760628132520632
0.5761220515078784
0.5760907184278121
0.5761006269951268
0.5760952554268207
0.5761145012625146
0.5760933247573657
0.5761089425908719
0.5761400236028156
0.5760994698383278
0.5760949883827652
0.5761282429354029
0.5760586781052431
0.5761066047088607
0.576101179709692
0.5761132812088883
0.5761043741204497
0.576088533150402
0.5761031283260715
0.5761441625139424
0.57612386941174
0.5760888274097231
0.5761110665822855
0.5761249163744662
0.5760891757542931
0.576101249915256
0.5760877947138996
0.5760892661398899
0.576071917241442
0.5760920387691658
0.576082929491055
0.5761038033900422
0.5761046974476421
0.5761405104184589
0.5760969361769154
0.5761051763514361
0.5761180131353191
0.5761052612860634
0.5760979492793504
0.5761162737075621
0.576132865834305
0.5761152306581738
0.5761047478841698
0.576081368159293
0.5761148782106067
0.5761221646454989
0.5760943204069503
0.5761249581072522
0.576092322902386
0.5761136060383892
0.5760976322534321
0.576110468289548
0.5760929684957213
0.5761044790027164
0.5761044674402698
0.5760974549656672
0.5760863318454968
0.5760790224359059
0.5761002561028982
0.5761225495196106
0.5761462949390419
0.5761338398805117
0.5760931477475341
0.5761170585488048
0.5760940566846083
0.5761099920292206
0.5760934397288536
0.5761146449448501
0.5760706427915202
0.5760727349205966
0.5761186441275269
0.5760986176572702
0.5760955084479465
0.5760993168283858
0.5760997754447639
0.5761182296055368
0.576098389782599
0.5760936090840856
0.5761235432286892
0.5760900559633835
0.576101432924593
0.5760768400765818
0.5761162314440611
0.5760977350405488
0.5761174901811283
0.5761353465981892
0.5760993876020142
0.5761132938120321
0.5761142142145134
0.57609597241505
0.5761116044459225
0.5761138873569078
0.5761140852206516
0.5761487392729785
0.5761312515630632
0.5760836473442148
0.5760959846452701
0.5761069369219985
0.5760996866759124
0.5760813022632639
0.5761024555379749
0.5761227310510091
0.576126450032871
0.5760940030984536
0.5761079260100205
0.5761202428541808
0.5761127168725184
0.5761118137850214
0.5761377093818272
0.5761186626182446
0.5760998698574056
0.5761104019005315
0.5761244232387833
0.5761206446844491
0.5761195026800776
0.5761075899320053
0.5760872276918193
0.5761171656214563
0.5761118921772678
0.5760863458359774
0.57611313667859
0.5761259568286718
0.5760898316386028
0.5761278673142574
0.5761127479683269
0.5761115601097251
0.5760961351774118
0.5760905016091457
0.5761268209641416
0.5761079200263729
0.5761026857667177
0.5760980149068705
0.5761059169208788
0.5760759237916614
0.5761202853260042
0.5761239351842441
0.5760957434842373
0.5761078474467972
0.576105678552821
0.5760689621410239
0.5761128708739035
0.576113559623224
0.576123151235261
0.5760896084142534
0.5760948614397965
0.5761139887918513
0.576109586644199
0.5761180883799046
0.5761023698435938
0.5761113714997876
0.5760920564563987
0.5761160475580522
0.5761115687761733
0.5761079878095829
0.576096674652684
0.5761097568443712
0.5761226745440706
0.5760899653491519
0.5761337447137844
0.5761082691895489
0.5761195071266557
0.5760959311509274
0.576080386746083
0.5761064844122893
0.576121459130644
0.5761200021259433
0.5760906285239877
0.5760980969557731
0.5761043447656339
0.5761018341994985
0.5761193818993183
0.5761223246675903
0.5761012777624043
0.5760957631247653
0.5761091318077112
0.576093245227272
0.5761178551794754
0.5760745407426078
0.5761166149194705
0.5760959070333486
0.5760902730278246
0.5760979197299643
0.5761056562488782
0.576110068789868
0.5761057780873076
0.576106441177536
0.5761043088356317
0.5761008457791249
0.5761112428083316
0.5761028821030924
0.5760986177607201
0.5761093198083046
0.5761176457838119
0.5761013714352717
0.5761139681324546
0.5761121370676725
0.5761111325566273
0.5760909902311238
0.5760992099139016
0.5761048530644138
0.5761149238348278
0.576097083464328
0.5761139780625457
0.5761129908282656
0.5760900237540727
0.5761069872976279
0.5761207248499579
0.576105580823872
0.5760901174709981
0.5760893849299762
0.5761233576703809
0.5760815655186023
0.576123713826448
0.5761167576777613
0.5761025161096125
0.5761066082998184
0.5761049778187809
0.5761011873997569
0.5761070041269278
0.576091687353944
0.5760865785679086
0.5760973507577344
0.5761171768320834
0.5761148897543222
0.5761028068966283
0.5761059952972725
0.5760929345482958
0.576094204688535
0.5761217485866041
0.5760951017074086
0.5760848931270341
0.5761271590820711
0.5761165097337781
0.5761092477538471
0.5761051061481741
0.5761167111870956
0.5761003896921683
0.5761056726142548
0.576102465681562
0.5761140471679868
0.5760961772116749
0.5761133714398663
0.5761012862729933
0.5761098240972659
0.5761122960558189
0.576121459990615
0.5761075340875301
0.5761071966410883
0.5761006196325246
0.5761127026113944
0.5760979396916774
0.5761187503850711
0.5761146464578268
0.5761082869339551
0.5761037164933367
0.5761105833273016
0.5761072118461597
0.5761112452009088
0.576102346436077
0.5761151671549295
0.5761077378896167
0.5761157159450363
0.5760949736270985
0.5761026531575061
0.5760972947714966
0.5761124140363926
0.5761005964862541
0.5760977900317392
0.5761096424037316
0.5761151272421775
0.5760912475717455
0.5761202318256766
0.576111680642631
0.5761167548221305
0.5761181348336402
0.5761054850759405
0.5761107425356667
0.5761099642418265
0.5761115944687047
0.5761132593287354
0.5760949110680138
0.5760999427621537
0.5760995787585265
0.5761027140933651
0.5761011068705867
0.5760981925152922
0.5761026641035917
0.5760933040715549
0.5760991721749057
0.5760964920719697
0.5761261428732021
0.5760960821832924
0.5761179787847385
0.5761204466053912
0.5760976811058601
0.5761003877812348
0.5761107047630798
0.5761047232943521
0.5761037831929109
0.5761102947500294
0.5761035487012652
0.5761192453845939
0.5761016241508516
0.5761065564267337
0.5760983078645697
0.5761144010207768
0.5760989747068234
0.5761102381548949
0.576112826180603
0.5761224984401063
0.5761045863756538
0.5761117126651984
0.5761089512318158
0.576110056989727
0.576099535717038
0.5761146998521209
0.5760985515145806
0.5761110342257618
0.5761034959383956
0.5761123427155596
0.5761028900562843
0.576111780757475
0.5761063181459822
0.5761032886137823
0.5761221370417896
0.5761101865264197
0.5760957212848014
0.5760952480894024
0.5761069120235512
0.5761024095984587
0.5761129899296513
0.5761110176824367
0.5761017892124837
0.5760917579213002
0.5761143627786852
0.5761109893134037
0.5761149850505589
0.5760988004870358
0.5761024598450517
0.5761002194126573
0.5761078364381342
0.5761076406359785
0.57610018002105
0.5761036986141368
0.5761150472533283
0.576105306515975
0.5761104219341452
0.5761068883730451
0.5761114281495291
0.5760984146902497
0.5760996254197053
0.5761095112241572
0.5761076489976301
0.5761070732906154
0.5761109794174215
0.576101499147923
0.5761167975593258
0.5761054374405113
0.576105569005267
0.5760975100594095
0.5761040478507432
0.5761033311365019
0.5761048633933107
0.576098522212336
0.5761004475165792
0.5761124406860975
0.5761069925021088
0.5761052081619359
0.5761028108791795
0.57609712914068
0.5761116007327928
0.5761101731676852
0.5761072371425846
0.5761117506610449
0.576098129251112
0.5761119491067678
0.5761084793879849
0.5761065468455584
0.5761071252232915
0.5761005025324767
0.5761079840245383
0.5761046117695883
0.5761060706876285
0.5761107209467837
0.5761061762710533
0.5761069237029354
0.576104979907028
0.5761034482145346
0.5761122729001094
0.576104765478936
0.5761053681445868
0.5761055587737478
0.5761080866419425
0.5761043748810067
0.5761084036194206
0.5761055238706991
0.5761066472513648
0.5761061029173218
0.5761050952543657
0.5761062437482461
0.5761084897224544
0.5761026495204302
0.5761087447627322
0.5761073776807166
0.5761078751570984
0.5761082799449566
0.5761069936550542
0.5761071616994222
