0.009993607749913758
0.007115692506226994
0.005850597125507851
0.005041110840983818
0.0044760888027414545
0.004109569392211021
0.003815340229475603
0.003538927510664157
0.003310280594562676
0.003159598547112482
0.003021557575026835
0.002907052966355921
0.0027581662040463807
0.002649958321719093
0.002573124201350568
0.0024831622944659995
0.002394368778545664
0.0023443156116354975
0.0022893608917838276
0.0022455027115001556
0.0021902539824626304
0.002121494855169273
0.0020783640815079008
0.0020190690756114863
0.0019978955387144445
0.001951786586619601
0.0019172001153640397
0.0018889171059967933
0.0018351907653278133
0.0018155592848019605
0.0017668204081320686
0.001754508136465258
0.0017259158536984311
0.0016931043750219481
0.001698131182261728
0.001646961068241664
0.0016321845315694279
0.0016046061347040129
0.0015650220832716258
0.0015816689722874691
0.0015300368073948112
0.001536602055858862
0.0015083312090373297
0.0014607091805778339
0.0014679378229961358
0.0014257255474588804
0.0014263829987679992
0.001429400466052117
0.001404562710990614
0.0013787286324716053
0.0013750854186827717
0.0013736268617371944
0.0013348755205038285
0.001342652097480048
0.001344529833693104
0.001313227184517407
0.0012952023471011914
0.001280478517179113
0.0012735846514259003
0.001271301856316568
0.0012447252663042943
0.0012123767070545545
0.0012222562715226606
0.0012223237260850577
0.001212329924571737
0.0012088917461913445
0.0011990508544501312
0.001176023436610097
0.001172454130441085
0.001161118554265587
0.0011496720386346923
0.0011588704225541386
0.0011493453004690177
0.0011261132610957748
0.0011204249968879134
0.0011072074559025805
0.0011078993028823562
0.0010899143988863822
0.001096132959709559
0.001092089173018573
0.0010661539290631628
0.0010670622471734695
0.0010522779446512037
0.0010549433757388704
0.0010464000525432242
0.0010216918960598389
0.001029049242739525
0.0010296755793500546
0.0010217316583827133
0.001008765733021526
0.001016236899210685
0.0010074897867256875
0.0009958237300034165
0.0009963433599138043
0.0009907038295517096
0.0009738299199472327
0.00095814672003824
0.0009558564750132739
0.0009598096687047466
0.0009425452728906563
0.0009520859659467081
0.0009371844799872586
0.0009519143719027551
0.0009384344570755804
0.000926936613819471
0.0009226332154863754
0.0009299168474492141
0.0009171854324146071
0.0009078253193789141
0.0009061182359171299
0.0008924254626451009
0.0008884154352844871
0.0008924801611358095
0.0008884341195684973
0.0008771027887077275
0.0008793787788875116
0.0008742969085994787
0.0008732787174433208
0.000867417020877246
0.000867309333876759
0.0008608415712327772
0.0008497390105297977
0.0008398761760404914
0.0008387643738168506
0.0008474360020379678
0.0008464008520998248
0.0008399974593753029
0.0008269483849567468
0.0008327681217825321
0.0008211721124921238
0.0008225971894561374
0.000816860049088125
0.000821222465506948
0.0008171580542199973
0.0008151050355395934
0.0008045286198234791
0.0007961639541997654
0.0007899344275154726
0.0007929203381056845
0.0007879100573511921
0.0007900225582026956
0.0007776644224623881
0.0007807480858101064
0.0007775316945047656
0.000773553110491878
0.0007625267867151075
0.0007651355982760451
0.000758612087165144
0.0007707446454192578
0.0007562682451692774
0.0007638300361057323
0.0007508460273019549
0.0007467042882601431
0.0007525860658786105
0.0007433964374356325
0.0007486902250693112
0.0007269074485411599
0.0007335860048053306
0.0007281343910335088
0.0007265201227237226
0.0007358188000598629
0.0007321964364594724
0.0007310076806298959
0.0007199910375018216
0.0007262170677814966
0.000709589187055571
0.0007090264008315645
0.000706061219287709
0.0007073901638262927
0.0007054845513935723
0.0006983251109555272
0.000703586147243418
0.0006952996125569758
0.0006913095770158868
0.0006902006653009491
0.000681701037002586
0.0006845764890659613
0.0006751381216252416
0.0006895840460294203
0.0006823097963990746
0.0006746986785206655
0.0006770069769589888
0.0006766161448760764
0.0006648235727222172
0.0006739352625118195
0.0006673405320525764
0.0006539013891343152
0.0006691594835994404
0.0006619362011297815
0.0006573085414547881
0.0006541352295049782
0.0006604810574447432
0.0006501389520032028
0.0006426507433721551
0.0006462388984800029
0.000644958035305139
0.0006457128556245781
0.0006444647257524013
0.0006406625215827997
0.0006459630273769799
0.0006317283889010759
0.0006358864128570012
0.0006258175269741449
0.0006264669986148341
0.000626149182419491
0.0006210978630174758
0.0006202858172495738
0.0006290703311783343
0.0006238449671038121
0.0006188647374781505
0.0006144398230699209
0.0006115340887099473
0.0006161536093974
0.000610698517317913
0.0006127992668885063
0.0006093760755067348
0.0006047633349248656
0.0006024986259624487
0.0006068118880279806
0.0006042280554720399
0.000603084889952196
0.0006025448599401468
0.0005871524741994796
0.0005970709393605337
0.0005875392886190074
0.0005975699895893805
0.0005914943612415469
0.000585542960707037
0.0005847546513409572
0.0005793937707569728
0.0005773012287737981
0.0005778824038677856
0.0005753149473311744
0.0005726147146833987
0.0005698691059743956
0.0005764436111609746
0.0005768394424832198
0.0005671561105239934
0.0005669453524953292
0.0005607182545738047
0.0005589936951533081
0.0005566518369004397
0.0005654844353376042
0.0005564412527011027
0.0005546396127350945
0.0005589140079206972
0.0005611159467357832
0.0005573217930753089
0.000547700907848067
0.0005530185397612154
0.0005451180095900432
0.0005457975211627795
0.0005484920675657175
0.000549099817418312
0.0005496535418462318
0.0005439809666052778
0.0005444428041767885
0.0005393139888651454
0.0005353757036156182
0.0005361596326680653
0.0005388303965098956
0.0005345784236682847
0.0005242480381854543
0.0005283707845434991
0.0005331453248786322
0.0005317696092450234
0.0005318189958632265
0.0005205625564184399
0.0005279240159395496
0.0005193632540072985
0.0005202255474160819
0.0005233109543209878
0.0005205138399015285
0.0005139866408907804
0.0005141902470956095
0.0005133547086335214
0.0005199767751847226
0.000510056246714314
0.0005122102076311185
0.0005076886649656906
0.0005103441796290226
0.0005085403345387175
0.0005047737458507489
0.0005119844652440501
0.0005022797476825697
0.0005052074821247214
0.0005027301668534575
0.0005022840474868918
0.0005001562668552444
0.0005000179734243247
0.000496627386190496
0.0004898701447808947
0.0004983708369796694
0.0004960298181155792
0.0004943181188649319
0.0004908945010243223
0.0004917232424275439
0.0004852817072027186
0.0004859052547468333
0.0004855342820836711
0.0004913849060444563
0.000485671114384016
0.0004808350001428268
0.00048613866352923085
0.0004808634189317592
0.00047379297898863496
0.0004798362848274939
0.00048012110574871016
0.00047464829452607983
0.00047524833307287614
0.0004773362877331455
0.00047698121655477457
0.000468273777953985
0.0004725389718612893
0.0004721038861885628
0.0004733476803819791
0.0004632044677778057
0.0004650403879885782
0.00046075633149704996
0.00046754406247550006
0.00046093554360918836
0.0004592861530090866
0.0004566644275730164
0.00046280621325616713
0.00045162290514287764
0.0004597266864596567
0.0004546807633776933
0.0004599961915022689
0.000453642237100175
0.0004513379452734637
0.00045011832478911146
0.0004532363328574217
0.0004474807178627313
0.00045097633972160595
0.0004526432277577974
0.00044827165496637
0.0004418279048902996
0.00044026623628737907
0.0004466686257045834
0.0004405130062340036
0.00043785187270162516
0.00044316823635740156
0.0004368932363439153
0.0004432404957823928
0.00043843534471052346
0.00043434414114983854
0.000435446690534451
0.000438130337786032
0.00043384071908761466
0.0004374273340238373
0.0004307839849740776
0.00043777647588049784
0.00043409009949551164
0.00043161696400821593
0.00042667184428655353
0.0004316194067239425
0.000425720433089875
0.00042379018457764457
0.0004276841200431929
0.000424938356382366
0.00042210379681524856
0.0004211461864650647
0.0004232287395394438
0.00041625634550916397
0.00041615398828421515
0.0004204093826644005
0.0004208339044464225
0.0004189563914489874
0.0004200014851200643
0.00041406114682357215
0.00041666177589037737
0.0004163831097911835
0.00040828951447014156
0.00041253157507233247
0.0004049714138796718
0.0004114459633885873
0.0004085311908771293
0.00040862830072405174
0.0004085889139509272
0.0004020582700405271
0.00040880257074104795
0.0004046311583768602
0.00040295620592033015
0.0004009261959911214
0.0004083166556834873
0.000404777940532529
0.0004034474630191242
0.0004012479686726136
0.000398692988516672
0.0003963227031722542
0.0003988971052696266
0.00039904764350504686
0.0003970130408058931
0.0003988021631001145
0.00039540006450339396
0.00039291202636345844
0.0003894372159725574
0.00039196288188130543
0.0003887627276925553
0.0003886010338428915
0.00038750922233826923
0.000382971432560113
0.00038925266915566575
0.00038380929724183985
0.0003881716371536496
0.00038973987756025347
0.0003844572337958275
0.00038511768260416425
0.0003890765485658479
0.0003799298235480047
0.0003808480702690928
0.000381243330782547
0.0003791076097657071
0.00037521231118720696
0.00037980273231206325
0.00037803914700539016
0.00037480937872976796
0.00037544155181702194
0.00037422658759612054
0.00036916430034400873
0.0003756602813786335
0.00037398584659219285
0.0003730376542400986
0.00037163602802107917
0.00036631610831563787
0.00036958927333247566
0.0003640261878431222
0.0003688054015636422
0.00036637461373240023
0.0003682774317302154
0.00036465395443492155
0.00036340680105605947
0.0003699358577563931
0.00036925256611444057
0.00036551145104019755
0.00036381352956635
0.00035864367856054045
0.00035956002749859816
0.00035964672923413524
0.00036149262820638664
0.00035992132195252597
0.0003624753749800125
0.00035801992777597996
0.00035794241343880395
0.00035819371946955655
0.0003533220939214944
0.00035550020907212747
0.000349973158892471
0.0003577394894880916
0.00035421514240187844
0.00035049035165923603
0.0003537509977088785
0.00035209829466517026
0.0003452342593157915
0.0003544694154382617
0.0003466086339416186
0.00035133572965064766
0.00034267696646016785
0.0003456285743646297
0.00034452271324815606
0.0003434814766501258
0.00034633187643691487
0.00034381526629220966
0.00034447015134808564
0.0003442462370941783
0.00033836023740783466
0.00034045070941287367
0.00033847315112470476
0.00033800838225113476
0.00033983087581261037
0.00033767821859506696
0.0003391736241501482
0.00033568462463075244
0.00033816343215810915
0.0003329484402931754
0.00033168224073458404
0.000333998705591372
0.0003330022268874513
0.00033466980526209117
0.00033110854137847074
0.00032948146094865415
0.0003330656766639649
0.00032956787774212346
0.0003253062519901352
0.00033185763214188275
0.00032729165035160754
0.00032515475641781144
0.00032767815279067424
0.0003297322501966382
0.0003305882400297509
0.0003244587673133646
0.00032347077691866825
0.00032228041842019203
0.0003259153327005345
0.0003221375585404569
0.00032062392455709584
0.0003188962912016144
0.0003204695237380305
0.0003203531323575306
0.0003211598175709403
0.0003212539277755732
0.000317927604762624
0.00031438639520902235
0.00031817252190339857
0.0003179962578750019
0.00031765352510866504
0.00031576526927516724
0.0003121127431852647
0.00031202296930021715
0.00031628346209736433
0.00031230474815205995
0.00031272776263891535
0.0003126845619891129
0.00030935867319652134
0.0003108556763085954
0.00030751073297095844
0.00031167294307768613
0.00030620575540464393
0.0003038672568122653
0.0003073511490267763
0.000305496558236223
0.0003062303671571435
0.0003022135317409165
0.0003065837470153738
0.00030515988875400306
0.00030229046999630265
0.00030606629748243064
0.0003024915066135652
0.00029979947552209583
0.0003030967819218166
0.00029893173426771954
0.00030005256626796853
0.000297308227642139
0.000297391113227327
0.0002960011577319986
0.00029539238768678394
0.0002977588859408629
0.00029547294734275174
0.000296330171928392
0.00029252102554912056
0.00029307706848945904
0.000292828707767241
0.0002944309179632368
0.00029100426123806735
0.0002893139839946116
0.0002891618064725192
0.0002917829708507026
0.00029372130294472116
0.00028779508526992435
0.00028490902042403157
0.0002919386404442154
0.0002869085056176373
0.0002841179285237557
0.00028872981839785463
0.00028507928585857454
0.0002834914797564179
0.00028461534267312945
0.0002806250202628432
0.0002831069987218268
0.0002827479402834529
0.00028401211845672055
0.0002843728782704025
0.00028273207618573665
0.00028307738841783063
0.0002808276923722099
0.0002794327348357448
0.00027854635298365865
0.00027907717022271805
0.00027611254894715896
0.0002762970248045533
0.00027678877472824134
0.0002747352061122257
0.0002762755502757524
0.0002766941393557585
0.0002716193492217676
0.00027245816612626677
0.0002722385931083641
0.0002712646461824151
0.0002746512228839982
0.0002706818624315281
0.00027157349241018646
0.00026775190686818086
0.0002681256183578463
0.0002706002025258655
0.000267245270707327
0.00027103223454360203
0.0002673128426762781
0.00026829115246474806
0.00026449248700443663
0.00026825791903153283
0.0002661039816094777
0.00026372543764722963
0.00026292549388679014
0.0002640812689187722
0.0002632283910332474
0.00026263125759817205
0.00026180652708080273
0.0002584395983286963
0.00026098639092970576
0.0002609168712952971
0.00025951907212941143
0.000260122432496686
0.0002575676956561751
0.0002600441302866318
0.0002568756392655027
0.00025612937373717994
0.0002569297060455211
0.00025745841206847614
0.0002572460323831169
0.00025616579531914093
0.000257453787176819
0.00025294547818980044
0.0002520308271978968
0.0002530991454547839
0.0002517789261154172
0.0002526864445013327
0.0002531907005138419
0.00024758556660913703
0.0002492028266398866
0.0002515453411069924
0.0002484586157394683
0.00024973877863736547
0.0002475793663789346
0.00024402463090009613
0.00024625055591841373
0.00024540812655867854
0.00024760360144454954
0.00024812664841241576
0.00023936298194314628
0.00024406923885958074
0.00024280359654523531
0.0002444408429090808
0.0002446927625729704
0.00024268060166258743
0.00024193855456854958
0.00024253628604317933
0.00024256574230793718
0.00024043528494681872
0.0002386454802596083
0.00024144465009890402
0.00023975232803546617
0.00023847635359944763
0.00023525281972191123
0.00023374685869079247
0.00023929674026432402
0.0002371732434787851
0.00023517201045099848
0.00023426966820477957
0.0002350000700615643
0.00023212660673115304
0.00023487232903603094
0.00023125059754993283
0.00023468063208920224
0.00023191611012066018
0.00023295610618016339
0.0002305134340769038
0.00022967273893157133
0.00022756226228903497
0.0002304408778668274
0.0002304484850155812
0.0002249205692655844
0.0002253990840977348
0.00022865685855829335
0.00022985563512620613
0.00022701416751255493
0.0002249149260490908
0.0002234010632549979
0.0002236442839063997
0.00022583024984374465
0.00022112936886014886
0.00022672145706151715
0.0002236457248311634
0.00022142909597619507
0.00022333783049837498
0.00022284606852309655
0.00022075707794546597
0.00022297833099180992
0.00021937607975083974
0.00021984053040071975
0.00021787425382170677
0.00021746507677001314
0.00021682603921437875
0.00021771845797966726
0.00021429192509527659
0.00021515441208969988
0.00021600262883546693
0.0002129463901439547
0.00021225764479165454
0.00021406031889950803
0.0002113479004236808
0.00021338231139148554
0.00021068777418700507
0.0002109038490152642
0.00021146228748749043
0.00021068569309593086
0.00021141764562648146
0.00020909744036442116
0.0002103705406096326
0.000210843252531257
0.00020772283412734069
0.00020886272333024228
0.00020882635812138537
0.00020306978852965726
0.00020689176605203822
0.00020633482623662178
0.00020336267820918072
0.00020577475270592503
0.00020430186914731425
0.00020317037703494896
0.0002050836916255959
0.0002031016379255314
0.0002016359812761043
0.0002016882065465108
0.00020227721963739885
0.00020149922765685813
0.00020175629082725915
0.0002003083219745649
0.00020116558066230971
0.00020180100781432895
0.00020329221347220442
0.00019782898901122517
0.0001975295028504778
0.00019684352775104066
0.00019782076594701233
0.00019687337890686047
0.00019365518038092983
0.00019499825379795132
0.00019386243257082055
0.00019523209208990413
0.0001953430547806339
0.0001911493054060144
0.00019518908200030438
0.00019533866292028933
0.00019128133618121951
0.0001896255148315743
0.00019012991767779452
0.0001908857678059376
0.00019083744703998323
0.00018927827704643297
0.00019080275084546076
0.0001886088906086789
0.00019024730340409004
0.00018510940663551118
0.0001859061023089724
0.00018701498349937986
0.0001861401287598748
0.00018717945731819622
0.00018550927351926547
0.00018679178836094392
0.00018360351933172076
0.00018278580828353259
0.00018507074370619368
0.00018402602501696433
0.0001805384843267673
0.0001807690011614674
0.00018349380461695725
0.00018083238913673598
0.00018270175745368637
0.00017818944054244772
0.00018072333001253662
0.00018035908374471548
0.0001805995285127781
0.00017737984787506128
0.00017830847857378188
0.00017825173161465453
0.0001783083971101601
0.00017579963576893565
0.00017625909125762752
0.00017402858610010154
0.0001746793374045319
0.00017480506423312524
0.00017358017802542958
0.00017268316135917063
0.00017352692769307773
0.00017285000360008266
0.00017128439193079187
0.00016872479128244027
0.000169543296991252
0.00016968719497475202
0.0001678452960105222
0.0001719503343699004
0.00016845276591978214
0.0001674382626017403
0.00016665379183986197
0.00016664314031242754
0.0001665377937114699
0.00016608632250095232
0.00016399254693323865
0.00016352497886503592
0.00016388871808602527
0.00016379216058816845
0.0001624966427269719
0.00016270049027769024
0.00016450586733794228
0.00016257499609858796
0.00016045282681981195
0.00016113977728565262
0.00016043927423687598
0.00015909338733246581
0.0001600862179955565
0.00015816189755515407
0.00015806624248250969
0.00015804783058211616
0.0001587069172774496
0.00015710210217487208
0.00015555438620460106
0.0001561929775128779
0.00015753237304594252
0.00015502543303134222
0.00015308248602195204
0.00015370411710006795
0.00015418246406714785
0.0001528378235344894
0.00015196708435951867
0.00015063623945426436
0.0001539935852821273
0.0001491925095249257
0.00015032058223298525
0.0001508276446849148
0.0001501613664835527
0.00015035828570530578
0.0001484861544679309
0.0001469532778372781
0.00014709254920419526
0.00014697714185382145
0.00014548814628380442
0.0001460625579322302
0.00014422834655760002
0.00014439994347733553
0.00014335322215612052
0.00014238528269806103
0.0001439004695945046
0.00014078389402330822
0.00014368054782240927
0.00014067950189081856
0.00014065681424917702
0.0001408301592370693
0.00013916725517566198
0.00014043841657179884
0.00013853999505497429
0.00013816155463091862
0.00013726482060838865
0.00013667569661777475
0.0001376050300650595
0.00013551921283635066
0.00013759828896244718
0.00013462911648647494
0.00013311758049204983
0.0001330132491388663
0.00013246806706033624
0.00013290907452206876
0.00013408985021210005
0.00013183260683341714
0.00013356761095414268
0.0001306237417835272
0.00013084168820289344
0.0001308447570458458
0.00013026362929789633
0.00012879540248643382
0.0001292305728596309
0.00012975719732588148
0.00012768600762664404
0.00012693201691780758
0.00012579878870602038
0.00012599212441360324
0.00012448032385128146
0.00012601944764800642
0.00012437417705978468
0.0001236890205214101
0.00012293499338732495
0.0001223949212526344
0.00012278219196362421
0.00012095185330637183
0.00012243404877360656
0.00012189668686124336
0.00012129301595392696
0.00011962091714573597
0.00012001273762719223
0.00011822616085693612
0.00011789376477029109
0.00011694283335685242
0.00011684122621605793
0.00011481495396562563
0.00011466540185062564
0.00011491529362763893
0.00011509689009197487
0.00011417413682187262
0.00011363809645258843
0.00011187749118976482
0.00011131675670398253
0.00011156724409013718
0.0001097905251422965
0.00011144528985740965
0.00011039909235118002
0.00010817384201519003
0.00010883465480941571
0.00010837569176508265
0.00010810111150742256
0.00010738897510495419
0.00010756956781298517
0.00010502673229416051
0.00010533303060579259
0.00010412894845856606
0.00010410703569597779
0.0001031631380834767
0.00010222127200815604
0.00010236906593420946
0.00010242760539547342
0.00010007958337999316
0.00010042653351166543
0.00010003643195565197
9.869860630965013e-05
9.845781437618676e-05
9.852952892502001e-05
9.726330450076349e-05
9.870158179553093e-05
9.563151199371809e-05
9.636793349813645e-05
9.432213227879451e-05
9.357282901256482e-05
9.332126993139758e-05
9.276351872465323e-05
9.17242993360465e-05
9.128222346091885e-05
9.110397613988241e-05
9.032431787039278e-05
8.934951141690305e-05
8.814308979074579e-05
8.777168447016743e-05
8.656425663640083e-05
8.716680255160784e-05
8.689994258266643e-05
8.474606150631e-05
8.465269203673269e-05
8.433052899197279e-05
8.404891580552962e-05
8.289070103265668e-05
8.075002420487448e-05
8.138135315868144e-05
8.111988109985789e-05
8.017137043658172e-05
7.981336242518238e-05
7.879441225879125e-05
7.871090581213157e-05
7.611500706714603e-05
7.59483149247e-05
7.355850389981906e-05
7.502918170711389e-05
7.375544314518076e-05
7.33987520033883e-05
7.231701344419607e-05
7.205430794957437e-05
6.966527202780861e-05
7.084349538676272e-05
6.906576172011994e-05
6.845153954187155e-05
6.753386748665195e-05
6.653912897595181e-05
6.571295549688159e-05
6.574570424842968e-05
6.429931784588294e-05
6.245878800949378e-05
6.256772573077574e-05
6.113648401467923e-05
6.130155412395675e-05
5.958311270603184e-05
5.924661393295557e-05
5.839638248937422e-05
5.761307496813412e-05
5.516383158127686e-05
5.466556589980106e-05
5.389756382148024e-05
5.311638672179443e-05
5.215050764690821e-05
5.082837022185187e-05
4.9622822714219444e-05
4.87627434649492e-05
4.811042909532676e-05
4.725843177966111e-05
4.510613797339895e-05
4.4386388011342516e-05
4.367930411095114e-05
4.217368940489119e-05
4.071118169098628e-05
3.902538823432762e-05
3.837884423160595e-05
3.659188960180443e-05
3.570767284217991e-05
3.3444987328439573e-05
3.200879681544622e-05
3.0450769206617995e-05
2.8437094353936423e-05
2.6993688584834274e-05
2.466611932987781e-05
2.2512862612339483e-05
2.0231342302042868e-05
1.7471773697975095e-05
1.428853052016075e-05
1.0043819237238838e-05
8.565282493038632e-17
