1.0617840662541262
1.0626706755676392
1.0649659301940069
1.0614051815620233
1.0626653373896957
1.062448929681633
1.061630641240301
1.0644752247444034
1.0622909684507102
1.0619337176582717
1.0629537494735413
1.063356030115796
1.0633840386816586
1.0634918921643643
1.062725054622276
1.0635861857960591
1.0630144443937946
1.0630618625454564
1.0626018500252166
1.0621899488918094
1.0634420744492825
1.0634818985897774
1.0633374936949431
1.0637683361070756
1.0628524000775268
1.0626199041422857
1.0630675272205545
1.063963553000484
1.0628759971564368
1.0630382029075445
1.062881746226565
1.063458020207208
1.0628170683280826
1.063723812055085
1.0636069056469888
1.0623447276762663
1.0630621332339505
1.0633378804744782
1.0635785950550312
1.0631337049561838
1.0632576826919184
1.0625516551422167
1.063069410354678
1.0636089276704568
1.06298365785431
1.0626321590501522
1.062468212465917
1.0624746405348386
1.062909348058563
1.063066923643116
1.0625839289131251
1.062650920090883
1.0636682695310096
1.0635895818698657
1.062770476723911
1.0627382800775615
1.0636349794353601
1.0632894319461752
1.0629873506049745
1.0633380328624134
1.0634502063773137
1.0627739516853671
1.0633010224201735
1.063066910977148
1.062862972089904
1.0627393024954488
1.0633311943550858
1.0634116765432948
1.0632139611964133
1.0628232710414196
1.062957689592204
1.063318911154529
1.0629398564002204
1.063421479288965
1.0628770139903976
1.0624967218935422
1.0627414597656017
1.0630591553742328
1.0630402635118286
1.0629181192923105
1.0628992329077886
1.0629267129678406
1.0630657903948508
1.0632196715156026
1.0631973181946126
1.0628236175425512
1.0633690188184852
1.0627104973946488
1.063029282761794
1.0627770871218312
1.0630859287432406
1.0629035559578877
1.0625309674631087
1.0625985894022303
1.0633096722284991
1.0624610957837304
1.0630270260823331
1.0630559237794726
1.062827911334778
1.0633551553714808
1.0630661060162567
1.063210887483088
1.0628836866749827
1.0628931468316367
1.0636142385564762
1.0628550855481347
1.0630958369757928
1.0628228337801733
1.0630740444429283
1.0631418292549042
1.0628327917618614
1.063177620972815
1.0630464047976296
1.0632911315476612
1.0631572569307208
1.062791374876307
1.063139006798818
1.0626111138281522
1.0631463711980498
1.0628376544815685
1.062997998734548
1.063081189171118
1.0628777705753938
1.062393443519945
1.0632252818353494
1.0628718716421226
1.0631376534622663
1.0630658435893114
1.0630379019038536
1.0625873034760331
1.0629513449067096
1.0628594023460651
1.0629405476829639
1.0629845553482098
1.0629449404861515
1.063560393001374
1.0627455079749275
1.0627205086501788
1.062960780514795
1.0631211366003959
1.0630710354799062
1.0627309394023312
1.0628244776367661
1.0627540344259883
1.0629801672773012
1.0631943162867417
1.0630124023367928
1.0632355277369758
1.0629737246064987
1.0629715162798001
1.062884241211822
1.0624371501491083
1.0631546089593207
1.062698286900733
1.0628726837352076
1.0629152920441014
1.0626254889421562
1.0628200941439363
1.063114248367971
1.0628394920135182
1.063175925009148
1.0628456123399606
1.0630945816974178
1.0629941595069332
1.062793491894279
1.0630581120424403
1.0626618683080544
1.0632344184262439
1.0629071212770091
1.0628333092105855
1.062748443414442
1.0627947028739761
1.0630077462177498
1.0628175204770316
1.062957886202429
1.0624980025484885
1.0631567181769772
1.0627824158059276
1.0628275849657245
1.0624356543783922
1.0632767265603178
1.06317386048642
1.062824392570072
1.0629361900427026
1.0630658194259344
1.0624362729168682
1.0627460072300012
1.0630390269412935
1.0629537142777268
1.062868173523682
1.0629892156025624
1.0627446513513672
1.062869301793128
1.0629708460042193
1.0626919607490566
1.0632820202090056
1.0626795093614634
1.0626109105719357
1.0628032940505492
1.063036535809468
1.0630785226777775
1.062930128038532
1.0630038047247863
1.0628480160096316
1.0627907761235962
1.0627819066826276
1.062772216961282
1.0629563402641335
1.0629104271272625
1.0629309723148765
1.0631447547092738
1.0629685237117028
1.0631888812838002
1.0627520571076645
1.063049244335599
1.0627027221731045
1.0629804899976043
1.062945519654361
1.063049623873289
1.0632817387326072
1.0630106701896498
1.0630630722821812
1.0630635893942812
1.062843491365043
1.0630282765682768
1.0630038685999765
1.0627229885809455
1.062462056146937
1.0629569090717044
1.0632129958045595
1.063128952366042
1.0630246499242977
1.0630108265230704
1.0634529878408212
1.0628810937058795
1.0633014180829061
1.063228969443181
1.0626470429855825
1.062806289333276
1.0628485372636143
1.0626653735940457
1.06283690161924
1.0631968909602603
1.0630739831996943
1.0628701924793065
1.0629688392171577
1.0630294415790265
1.06292214470638
1.0631574301417077
1.0627806983211803
1.062929930846731
1.0630391131091856
1.0630126690544175
1.0629040806935008
1.0627162195628368
1.0629851266971146
1.0628740296860522
1.0631474725720331
1.063068203005559
1.0632209802073798
1.0630093507596827
1.0629673301676392
1.0632152226997604
1.0632690390387964
1.0629422971337184
1.0629407808640468
1.0634082076262732
1.06296425653471
1.063104437960916
1.0629258805023327
1.0629231764874498
1.0631739462458645
1.0628954214962987
1.0632057848398626
1.0628048286597973
1.0628332308580977
1.0630011809852231
1.0629833239887325
1.0629088833172264
1.0630638165257462
1.0629907519609703
1.063007620468397
1.063043306673554
1.0626137058012932
1.063049773370215
1.0633787660478395
1.0628979023207308
1.0631120905980778
1.0631016400874607
1.063037081409092
1.0629704167592855
1.0628468089931868
1.0630146094326625
1.0629355567393755
1.0627981002579614
1.0629828449504934
1.062659204084253
1.0629470811713857
1.062868452459861
1.06282727295293
1.062914996358338
1.062860024785598
1.0630485303085833
1.0631458402317395
1.062964366105124
1.063109170073941
1.0628521026253803
1.063020621847465
1.0630042311612544
1.0628862370270795
1.0629529925014176
1.0628742901341457
1.0628811434438599
1.0630032782590373
1.0628411903771335
1.0629760139072175
1.063066200714085
1.0626397902772877
1.0629873979085502
1.062851789162468
1.0629081249377805
1.062754733908619
1.062783198938029
1.0631463703505435
1.0627257515191644
1.0628447452388425
1.0629939112603684
1.0628602888143697
1.063114307560281
1.0629580166973764
1.063125931797508
1.0630779020168992
1.0630196553981415
1.0629876606543833
1.0628853861705185
1.0628416283632522
1.0628335124660777
1.0629789591551824
1.0630763217961363
1.0628893950727971
1.0630731667563793
1.0628962169952538
1.06290043191495
1.0630111776040168
1.0628630364286438
1.0630484201961745
1.0631106025613746
1.0631010731759036
1.062964020923362
1.0628048971638557
1.0630667044997
1.062650683892325
1.0629514529220734
1.0629281368138974
1.0630477208669713
1.0628643806885172
1.0632065437178722
1.0629085088137145
1.0628349360391138
1.0628512255332385
1.0630680411409206
1.062882882225158
1.0628873862675214
1.062546563921463
1.0630263532695698
1.0630407448185286
1.063141110112118
1.0627955008752563
1.0629023344980346
1.0626922478215264
1.062952398702183
1.0630106672663227
1.0628933919750618
1.0629144845663325
1.0628318668873147
1.062928295489713
1.063172127100743
1.063185429540728
1.0630993128876012
1.0628281900203416
1.062972470947012
1.0630259557254889
1.0628688803585873
1.063209313577879
1.0629314704794952
1.0628621227926571
1.0629332813858503
1.0630495445873462
1.0629745139190818
1.0630658745544372
1.0630646313628493
1.0632024508471891
1.0629023998659974
1.0628992079791006
1.0630297890162583
1.0628133707227623
1.062807967725538
1.0630485819064384
1.0628496139794705
1.063070241850907
1.0631593642712127
1.063035158738791
1.0629206587874034
1.0629808759799624
1.0628946345788068
1.0629281652947857
1.0630330648587523
1.062926457849546
1.0630961127552883
1.0628553789456667
1.0629218254777835
1.0631271380096246
1.0628472281005366
1.0627486949119587
1.062955462897855
1.06288335460093
1.0629252260258113
1.0629396358621928
1.0629736599360673
1.062964783296177
1.0630405737233137
1.0628554597724902
1.062900154223283
1.062984684046852
1.0629634757085331
1.0629912505471864
1.062996618976405
1.0630286410063865
1.0630464095956782
1.0629968224646085
1.0630453462719258
1.0628199499593356
1.0630016561031017
1.0629145325570868
1.0630812397919422
1.0630074538808323
1.062925802806376
1.0630119083834357
1.063191345105511
1.0629756805477013
1.0628974228212942
1.062994103127928
1.0630823356537011
1.0629884149912538
1.0631596521416704
1.0629025106390497
1.0628858061004658
1.0628703011902383
1.0628862595814252
1.0630346641725221
1.0628770343694371
1.0630395966078983
1.0628107540790201
1.0630694056461971
1.0629169960490268
1.0631616019406995
1.0630668670039858
1.0630627939328259
1.0630435141065842
1.0628976327615156
1.0630800930982816
1.062971137924061
1.062958241093514
1.0629126869968168
1.0626851045378107
1.06298586373238
1.0629831895421622
1.062938534533512
1.0628245354811465
1.062941782194196
1.0628904818212288
1.0629732138003751
1.0630463326687205
1.0628931619868687
1.0627751279960083
1.0629888423217229
1.0628923080916506
1.0629287853707157
1.0628647921322856
1.0628825023504695
1.0628586373437772
1.0630948743748794
1.062686914109407
1.0629915359771023
1.0630866381218456
1.063030642403715
1.0628988412003855
1.0628864261824436
1.0629518051737894
1.062823386063134
1.062902065677442
1.0630159320392505
1.0629804560779303
1.0630360094852616
1.0628970539709017
1.0628930223963795
1.0629660145749422
1.0630062877665523
1.0630087070908438
1.0628751351831478
1.0629066079491556
1.0628408343935563
1.0629787422488062
1.0630247136889854
1.062984310585556
1.0629028868694055
1.0628774861062815
1.0630087985902335
1.0629543271098958
1.0628772561714592
1.062976932752421
1.0629092457184188
1.063003783988511
1.0629563174989918
1.0630486713172367
1.0630364098013345
1.0630602041644346
1.0629602537529386
1.0628173571600892
1.063000956228168
1.0629663251285062
1.0630239968945554
1.0629947296782274
1.0628028952790622
1.063163317192871
1.062924612186255
1.0628402807017243
1.062936301550734
1.0628340760666608
1.0630106617678707
1.0629400035090966
1.0630284672570958
1.0628038153030126
1.0629274364194696
1.0629569368048128
1.0629583570357797
1.0630082187457148
1.0629483358372314
1.0630448299009296
1.0630219218149817
1.0630136892641986
1.0628981332154253
1.0629797134574726
1.063001284722838
1.0628867399978992
1.062828769976807
1.0630132878187957
1.0630508053357972
1.0629853071493138
1.0630126032038383
1.0629236835994353
1.0630144932770722
1.0629827016449362
1.06298263922161
1.0629469541756236
1.0628386949801165
1.0630475003184379
1.0631108967427114
1.0629475122627092
1.0628916492517748
1.0628504072326113
1.0629874305854137
1.0629356668052852
1.0629442477534339
1.0629510775945927
1.0628425373158843
1.0630609316883817
1.0629234647149857
1.0628251013461536
1.0629704576209065
1.062917920489529
1.0628806585920991
1.0628994311247284
1.06302063398187
1.0630006347797125
1.0629573004702826
1.062879906231035
1.063014797748321
1.0629420073712703
1.0629773539874012
1.06299056258813
1.0629254527016545
1.0629653330886153
1.062930643455279
1.0629373782790106
1.0629512438679798
1.06288467198799
1.063043366800765
1.0629092138802283
1.0629441603129506
1.0628790927283536
1.0630022090898408
1.062956173139239
1.0628203386476514
1.062915913264038
1.0630079630183553
1.062953550267813
1.0629610905993407
1.0629658971338938
1.0628042295767488
1.062938781356581
1.062974802738281
1.0628989674386047
1.0628641375520633
1.0629889723041765
1.0628519192784704
1.0628793721255996
1.0629410858281647
1.062970025595264
1.0628818142594172
1.062843396354902
1.063014568921524
1.0628982286032909
1.0630221789910963
1.0629100314337465
1.0628474972684538
1.0630382869546415
1.063029492274602
1.062914601812885
1.0630161204206514
1.0629392712837946
1.0629715349035864
1.062914540327345
1.0629291667757
1.062936954505778
1.0629449892362404
1.0630836231702692
1.0629277501463872
1.0627932747986661
1.063017987842096
1.063024467112462
1.0628075713266363
1.0630394664436267
1.0629579169228531
1.0629058487437966
1.0628260509148402
1.0630462140042354
1.0629487567958225
1.0629421458951693
1.0628654580192032
1.0629814420412678
1.0628934788274542
1.06298942453547
1.0629176392635857
1.0629886693332118
1.063012978853754
1.0629678025287703
1.06287576148415
1.0629301511349012
1.0630204812263853
1.063033902945358
1.062941387215165
1.0630702681919821
1.062996811829254
1.0629777757770686
1.0629504894729063
1.0629702028058898
1.0629687359917726
1.0628690951631086
1.0629456288267363
1.0627527763090183
1.0629000895235279
1.0628975199888435
1.06293159694926
1.0630673359291962
1.0629839012688347
1.062947036214124
1.0630425184580523
1.0629350173783267
1.063041909474305
1.0629446194762946
1.0630194292536392
1.0629074368114082
1.0628496623981474
1.0630066225599701
1.0630321571435741
1.0629433930952141
1.0629382163931562
1.0630151033527648
1.0629475267456732
1.062927723459569
1.0630433722558894
1.0629827548593962
1.0628447621687835
1.062909601594752
1.0629084701188773
1.0630711290819719
1.062983203986263
1.0629100781702499
1.0629522621369563
1.0629162298081831
1.0628871710246963
1.0629089514970809
1.0627923425517176
1.0629416052852148
1.0629020878509852
1.062981300235442
1.0629989954063774
1.0629785858253258
1.0629017741911837
1.062980358292367
1.0629564502704458
1.0630526264118407
1.062939114124885
1.0628678007700094
1.0629888759944293
1.0629634774269803
1.0629210176538317
1.0629365725445103
1.0629770070757363
1.0628851939886372
1.0629151399215058
1.0629351264625906
1.0629419787913388
1.0629347975983134
1.0630476719852868
1.0628652891335717
1.0629822943824991
1.062954215721371
1.0629613403465747
1.0629483481640791
1.0629773147832926
1.0630277146145466
1.0629962196249503
1.062918192607739
1.062895597852516
1.0629652181788736
1.0630024081675986
1.062908558718809
1.062993597445533
1.0629626252747353
1.0629373944532616
1.0628683117410758
1.0628896602265463
1.0628876098257614
1.0628857573264443
1.062857209108252
1.0629200555970213
1.0630209698182251
1.0629175869708356
1.062878677599327
1.0629978309995034
1.0628693767376534
1.0628945867357003
1.0629202888924993
1.0630838903893831
1.0629771968735764
1.0629577897216966
1.0628588529029774
1.0629317348009364
1.0629377064938734
1.0629136546299114
1.0628969347072772
1.0630429584075052
1.062952201365319
1.062912850242985
1.0628921382869954
1.0629822897009114
1.0629414994024216
1.0630152797433423
1.0629767253807603
1.0629276951031879
1.0629651252985803
1.0629183629640013
1.0629569166920336
1.0629923219212891
1.0629080448963917
1.0630139214376828
1.062966108462633
1.06289285841178
1.06307925603434
1.0629928678460538
1.0630008109660496
1.0629242534060306
1.0629778265790635
1.0630403781591675
1.0629384957860042
1.062966360275688
1.063090239433517
1.062920964219349
1.0628698789675635
1.0629693397224833
1.062815172842389
1.062983411625884
1.0630353472550906
1.0628802317816524
1.0630345069618123
1.0628621045861713
1.0629609598946124
1.0629855351844772
1.0629225616135032
1.0630076166218025
1.0630084054637583
1.0628961568815014
1.0629401186218161
1.0629737128400238
1.06303551564495
1.0630068702285296
1.0629627272645361
1.0629527422901375
1.062950082669014
1.0629857504882796
1.0628475452918376
1.0629358512359772
1.0629390346549956
1.0630111449689397
1.0630231626923679
1.062900746314008
1.0629633094231297
1.0629655947787637
1.0629496426871974
1.0629333001442691
1.0629616595544424
1.0629679472055886
1.0629157430527523
1.0629560858617326
1.0630199166766474
1.0629394525808533
1.062968800767509
1.0629440735455624
1.0629429153664889
1.062991775554523
1.0629294168960963
1.0629465715721134
1.0628880418582736
1.0629431538567609
1.0629876868824155
1.0629273415791045
1.0629976311332898
1.0629497991144008
1.062988794530401
1.062981544189551
1.0628854253966784
1.062960841334234
1.0629326299779658
1.0628884078135477
1.062963911380927
1.0629175531659947
1.0629212980576015
1.0629693118291337
1.0629243523325633
1.0629245238975018
1.0629909332557537
1.0629696853448385
1.0630145043554227
1.0628878462875244
1.0629068434252253
1.0628825413773808
1.0629074105772114
1.062961266477719
1.062968723659073
1.0629747162040524
1.0629432186564338
1.062954859457332
1.0629183558054263
1.0629746315165238
1.0629684327352236
1.062988020053536
1.06291132974968
1.0629492026825362
1.0629691724765673
1.062989165248794
1.0629462775172762
1.0629879224936873
1.0629657136694444
1.0629667256082131
1.0628528640901025
1.0629402551819396
1.0628953976193236
1.0629528989174954
1.0629187039295382
1.0630236293010098
1.0629364795533374
1.063011872386171
1.0629475750187891
1.0629318034088644
1.0629576424747775
1.0629031367417476
1.062962778623976
1.0629439121734245
1.0629378229640258
1.0629383550433495
1.0629199558311233
1.0629281916332476
1.0629941538522523
1.0630112195654358
1.0630145467521799
1.0629787562973196
1.062932660888215
1.062966485092591
1.0629378460029066
1.0629292403266695
1.0629801166913708
1.0629250254412392
1.0629341418062472
1.062934466171844
1.0629543890901492
1.0629613239522517
1.0629389129618725
1.0629633567330257
1.0629233266228069
1.0629494199578684
1.0629454917601642
1.0629591252883688
1.0629557897385202
1.0629263060738536
1.0629350052053301
1.062933710569939
1.0629298342577767
1.062928092053067
1.0629561034266921
1.062929389478742
1.0629746617853721
1.0629963017001254
1.062972045047703
1.0629940871691093
1.0629105494437452
1.0629210061235792
1.0629295074940968
1.0629034543784384
1.0629559553970174
1.062902556287629
1.0629486990148587
1.0629691040004252
1.0629446232236808
1.062956519895074
1.0630017046336095
1.062958278207224
1.06291474378964
1.0630187698326379
1.0628845700915817
1.062926500174058
1.0629557808506869
1.0629568250691033
1.0629229647916238
1.0629354780144649
1.0629680143050724
1.0629453775405442
1.062950766449307
1.062970365954849
1.0629730593301723
1.0629268630092825
1.0629446527636826
1.0629460964969986
1.0629477345819138
1.062934503697973
1.062960796913348
1.062949977460644
1.0629678527352941
1.062971895833496
1.0629365144991567
1.0629236541030638
1.0629684496393912
1.0629317787201518
1.0629750223145145
1.0629763787134154
1.0629587591491922
1.0629689854836117
1.0629756575560703
1.0629440176616514
1.062971880927226
1.0629531857451382
1.06296574031303
1.0629738517168401
1.0629414555555468
1.0629504404581454
1.0629499070168646
1.0629677648110516
1.0629365193492182
1.0629772860533364
1.0629567174851335
1.0629715875893404
1.0629750852327855
1.0629554774903702
1.0629615045548937
1.0629464727603066
1.062943246754299
1.0629666062923417
1.0629465560997353
1.0629472772880382
1.062965963610328
1.0629578536720692
1.0629303032034878
1.0629571373295712
1.062941371133578
1.0629569877197684
1.0629558786593385
1.0629535710360427
1.0629759920409787
1.0629581290102963
1.0629432841783724
1.062952739333493
1.0629490610996335
1.0629471560850459
1.0629511711341568
1.0629616040783043
1.0629484766032407
1.06295077359758
1.0629510636374746
1.062952184998402
