0.01689202184846904
0.011967119151206504
0.009816588463794426
0.008341768486632008
0.0075074059185518995
0.006900523203219848
0.006426109281554398
0.00598581040799675
0.005597595630076937
0.005322468022720164
0.005050960145153857
0.0048192436215656114
0.004653317565137145
0.004470352582690819
0.004326212059672769
0.00420933552904297
0.004097413796881682
0.003953345603900213
0.003837658105708231
0.0037158573139052286
0.0035938866264512027
0.003580210885523957
0.0034767932520127216
0.003403399307904026
0.0033580054620471673
0.003254355908309712
0.0032013667363539875
0.0031305270259712665
0.0030726689061467147
0.003083775007685138
0.0029782956231192877
0.002937727219465063
0.002846124072040401
0.002847964667543059
0.0027804259840892003
0.0028057783099678817
0.0026933898954356575
0.0027221452823439885
0.0026796856018845567
0.0026063676576971446
0.0025899627486940277
0.002560541263003083
0.002538557428644396
0.002479229501312832
0.0024675366645237062
0.002430420452046962
0.002408341153360298
0.002386413848179214
0.0023635795984988626
0.002331564426771814
0.002298365821375965
0.00227503916413991
0.0022465352905361143
0.0022580410708306904
0.002229861481866719
0.002206088016078267
0.0021686421177066753
0.0021744906299299986
0.0021407172401967114
0.0020774584444725928
0.0021198390024358593
0.0020836120090865305
0.002062903439864523
0.002065220174984874
0.002012455660614647
0.0020166083618449525
0.001987423168401777
0.0019792444252459958
0.0019639235696946116
0.0019325521858733776
0.0019416259681798351
0.001922989696512455
0.0019064163458123325
0.0018852674431665635
0.0018790630817283663
0.0018736966138888566
0.0018524250028044374
0.0018170990561137772
0.0018192341821319784
0.0017968994051917018
0.0018108008857986946
0.001786813502810599
0.0017814797134928268
0.0017334953017834292
0.0017277600879809652
0.0017381815276996959
0.001714819777363913
0.0017261460899942512
0.0017075814569308867
0.0017258930547275888
0.0016856644621523016
0.0016540695731067515
0.001673580862955417
0.0016403125816355493
0.0016304259407398756
0.0016304114796585627
0.001622148782048246
0.001620814867711151
0.0016394997385110284
0.0016143881540830144
0.0015912636487665588
0.0015907280949977113
0.0015783440689059558
0.0015437532250327946
0.001548714050082524
0.0015534960523038766
0.001548157401311314
0.0015424638687166483
0.0015406536291067727
0.0015274446845661017
0.0015087905426418205
0.001495487858783243
0.0014944010397074652
0.0014721951270629688
0.0014580668593627871
0.0014697929084796556
0.0014475875270915024
0.0014693997660378219
0.0014460621421739273
0.001451913789933001
0.0014339950410534714
0.0014154873608880642
0.0014359370221306198
0.0014389484282286637
0.0014230575327996273
0.0013858588188971831
0.0013991217021142317
0.0013886086100191044
0.001391786332858488
0.0013854010786068555
0.0013703466773819673
0.0013613968175859848
0.0013618107705557346
0.0013583671464698689
0.0013599141685866078
0.0013459236479014724
0.0013360687858247173
0.0013445875602757175
0.0013354648232558766
0.0013249433042686312
0.0013060599511054041
0.0013210330424011547
0.0012959546362695256
0.0013036239390849956
0.0013082830703752364
0.0012954705382692356
0.0012972860639374163
0.001286852919520212
0.0012923835742174477
0.0012779033198620463
0.0012673542242035718
0.001269734623128
0.0012560523472110944
0.001248207650075197
0.001237296038503323
0.0012446998577459725
0.0012337288029260717
0.0012168364052852238
0.0012350242913962883
0.0012238185474473084
0.0012263261753863873
0.0012273323802186374
0.0012073164165120592
0.0012121735314340894
0.0011999840060847424
0.0011787160891389564
0.0011801908964978712
0.0011965742600768617
0.0011852868671768729
0.0011817673425989234
0.001179596137108252
0.0011797879690433244
0.0011699877877497616
0.0011579766171428718
0.0011628055376598037
0.001153966730637351
0.0011595952111243869
0.0011559203518044096
0.0011507911995637032
0.001154394958421171
0.001145945732887413
0.0011380061795918184
0.0011321079500459577
0.0011366180531612758
0.001108492880720727
0.0011092977150473195
0.0011149668081994588
0.001129961141247943
0.001111501346934328
0.001105413571489904
0.0011168948169434907
0.0010883374352612851
0.0010961237809649828
0.0010976177071917352
0.0010794986812638057
0.0010929613172057909
0.0010854350022141638
0.0010812708311444077
0.0010599400015574335
0.001080045462018503
0.0010861896596380998
0.001058407983243257
0.0010530081013694747
0.0010554194258467118
0.0010733098814622293
0.001059746785468942
0.0010327081894846836
0.00103359457591517
0.0010445462798048615
0.001043207046362765
0.0010353124499538552
0.0010325900922144432
0.0010342742532960364
0.0010290702823790559
0.0010182114947713296
0.0010220759356003727
0.0010165539134881934
0.0010190598957159425
0.0010138678802889087
0.0010126080556488075
0.001000777830531653
0.0010075512422804533
0.0009917179014212077
0.000992836637655842
0.0010040531818774096
0.0009895948832548166
0.0009797338819915208
0.0009797116745981459
0.0009832837819185106
0.0009728091664671204
0.0009840310790544596
0.0009723004975947271
0.0009590261980849082
0.0009683265544997222
0.0009676067255030605
0.0009709742899227638
0.0009584087503506206
0.0009595253498003032
0.0009555134647314504
0.0009522849754292607
0.0009447304596083325
0.0009469359076912536
0.0009483294975118129
0.0009430830494376554
0.0009434994469825231
0.0009418730087320595
0.0009298649822506857
0.0009290581803348125
0.0009299497744241327
0.0009184392692339848
0.0009232159366615213
0.0009310592899662096
0.0009055468876055438
0.0009108199026332251
0.000910374571408601
0.0008976128806787171
0.0009115216000723373
0.0008991793913927319
0.0009154260852455008
0.0008922820496135578
0.0008998147971011308
0.0008845554558855532
0.0008994692614088572
0.0008939416521151305
0.0008927077309484889
0.0008869178115238448
0.0008867846917238471
0.0008759188754598636
0.0008803412882753856
0.0008715428350387476
0.0008718706401716088
0.0008783875162201899
0.000869667993224455
0.0008831191764786347
0.0008670192677956469
0.0008699668495056052
0.0008645242557072902
0.0008584114801735973
0.0008600178008352182
0.0008575109034761082
0.000858346220333352
0.0008585014730188456
0.0008533036337166799
0.0008503952645721876
0.0008468321815083944
0.0008465891522182858
0.0008330895293662421
0.0008330813605681508
0.0008413773589904755
0.0008304336105863939
0.0008357101435457347
0.0008311018129506374
0.0008316937730144073
0.0008276666125929344
0.0008219622769574701
0.0008168666353360448
0.0008223176185257915
0.0008148852289082735
0.0008017082149454675
0.0008123395506799008
0.0008122236635122004
0.0008129581542776635
0.0008147422338430612
0.0008121188050025432
0.0008076759676010278
0.0008009585148470068
0.0008030168664010294
0.0008037048462113129
0.0007976525512363672
0.0007991210054751158
0.0007962314980740677
0.0007937591029955179
0.0007879015661950327
0.0007860076683415339
0.0007898317300060848
0.0007750518077800824
0.0007799555012744215
0.0007945691266950315
0.0007794790985914521
0.000773413775899018
0.0007797136096838061
0.0007718486892022575
0.0007797192056018587
0.0007770863020851224
0.0007660539179136184
0.0007670206822626755
0.0007724544859603964
0.000761184020585266
0.0007656077528434499
0.0007600207594254332
0.000752424039101511
0.0007563951803241687
0.0007546312368871276
0.000760524168105266
0.0007492959952868036
0.000759787134899158
0.0007505920365074192
0.0007516784645548248
0.0007416641595592197
0.0007394928104775573
0.0007327529026989746
0.0007389716270272494
0.00073998786361628
0.0007427818172832966
0.0007339048981972166
0.0007345231291934916
0.000733952187183072
0.0007401226771359044
0.000730465785485153
0.0007281280822695023
0.0007130848719903113
0.0007224026810832672
0.0007216975955234334
0.0007236829155174425
0.0007154053429222573
0.0007136011244472669
0.000718976158850285
0.0007169651461426807
0.0007173469015947497
0.0007067229672379841
0.0007126870548900883
0.0007131505118989739
0.0007088580986293402
0.0007035827323448614
0.0007073744268393935
0.0007078068046811615
0.0007027643364788634
0.0006910754786728442
0.0007009413983722863
0.0006959047962322296
0.0006951966012323311
0.0007029825011843333
0.0007001573346707045
0.0006915951062924126
0.0006905576610752562
0.0006795446629286975
0.0006875921125727347
0.000685472227783663
0.0006835511425718312
0.0006859895683361002
0.0006867695863884092
0.000680628681364262
0.0006786779037550149
0.0006782296853264262
0.0006748947478238613
0.0006730958251141079
0.0006694391281431417
0.0006655977278900775
0.0006571045312976626
0.000670916488030544
0.0006764316361182123
0.0006576197691960563
0.0006635364949307466
0.0006604182966149397
0.0006649838896264077
0.0006637872604690274
0.0006594070482236438
0.0006565756486218069
0.0006535844319029477
0.0006487635920129169
0.0006463511817281867
0.0006576452968223006
0.0006568490631080265
0.000648211215625201
0.0006438697719894798
0.0006468781116411538
0.0006400092949144534
0.0006430932522712714
0.0006460322323443349
0.0006404123374859574
0.0006434178920749076
0.0006304563421899511
0.0006346990019084114
0.0006327140291464046
0.0006254441283188027
0.0006339825774618958
0.0006267570584828216
0.0006310594650497387
0.0006312356194477678
0.0006302006657274439
0.0006288860423477028
0.0006302086758525298
0.0006220614048790869
0.0006256742683656482
0.0006266017668920438
0.0006175713918035123
0.0006190445897883811
0.0006086545111017192
0.0006225912147002203
0.000614095830419122
0.0006139948903098187
0.0006142540817675491
0.0006128089709300446
0.0005999917281349229
0.0006107545283536714
0.0006003541081264768
0.0006110063641915602
0.0006002107005415085
0.0006064027636780095
0.0005987694598026646
0.0006031208318036903
0.0006020735386831889
0.0005982479851191881
0.0005977596964660339
0.0005952086340337409
0.0005933498013183423
0.0005914148697495758
0.0005963718863021461
0.0005905269587325547
0.0005894318109851582
0.0005872183031108007
0.0005931140650292743
0.0005902674412792396
0.0005921154375503609
0.0005873077635020158
0.0005832566301630579
0.0005867567598133097
0.0005779487282522906
0.000577164105496225
0.0005795587435725635
0.000581060620097392
0.000574128372356415
0.0005710696544523211
0.0005751511183136117
0.0005774175477959989
0.000570201118313365
0.0005730600022704469
0.0005673287959046835
0.0005739898457145654
0.0005681224224376908
0.0005638384214281492
0.0005656737334896605
0.0005649201068898846
0.0005663240501009037
0.0005613759218131382
0.0005619272809686579
0.0005680550257617107
0.0005550585862292051
0.0005611083165878361
0.0005504013204494393
0.0005560489748123705
0.0005532922176377034
0.0005521502726420175
0.0005508142727294268
0.0005553609508068513
0.0005544542182784902
0.0005415686634720943
0.0005404685089318326
0.000549060263457477
0.0005463464228583538
0.0005487494342888797
0.0005428510432145495
0.0005415063532469423
0.0005353864238442772
0.0005385982192807048
0.0005363835641241646
0.0005272504285069911
0.0005435656258113688
0.0005355543776364109
0.0005351682684937367
0.0005380985436769866
0.0005332281897257699
0.0005298539789525491
0.0005338861212466602
0.0005278428295069859
0.0005287147779712007
0.0005271577148969598
0.0005280345554011198
0.0005297801352111094
0.0005278606151038389
0.0005210225992805523
0.0005210129538686798
0.0005191242415947351
0.0005195164695831379
0.0005125172738999952
0.0005219649316349647
0.0005137248432803101
0.0005154925887747332
0.000515291598512303
0.0005195557761404949
0.0005116478707622073
0.0005126342052335868
0.0005090651220244078
0.0005109133752584229
0.0005143791331048022
0.0005078308382056023
0.0005131645992004643
0.0005113260513910829
0.0005030475542325255
0.0005033436089876838
0.0005086764137133627
0.0005021740061091825
0.0004999027811825106
0.0004931480030006726
0.0005024712798288659
0.000502503131990278
0.0004970597235294819
0.0004952289026050717
0.000493333914159197
0.0004932022475017219
0.0005006858286223702
0.0004913270141578068
0.0004902312530705617
0.00048680589624853777
0.0004845258215101791
0.0004957908345097693
0.00048521711153880697
0.00048264342797799933
0.00048562168337419804
0.0004819573568529522
0.0004775038048785804
0.00048566938115968697
0.0004832093667021789
0.0004820262470770474
0.000476038874855703
0.00047728550955007144
0.00047334073929993837
0.00047628505959084263
0.00047372831968741546
0.0004699831201552546
0.0004666775862232988
0.0004719708694269845
0.00047455846706298744
0.0004639050837073259
0.0004678067203487232
0.00047164119747697744
0.0004682147667540091
0.0004614820359514106
0.0004659127553356578
0.00046237550613039335
0.00046404340350729087
0.00045820146490831057
0.00045678576924231717
0.00046379362398209814
0.0004580134640972115
0.00045407139002457466
0.00045629583408945046
0.00045822892384843274
0.0004582428499299976
0.0004565567006551099
0.00045090997647684246
0.0004509849095031883
0.0004560872520928235
0.00045021272394803695
0.00045030802771051987
0.00045157953383556665
0.00045210054299662486
0.00044211434156331503
0.00044602130346452576
0.0004454294514885816
0.0004400636917773058
0.0004463425221393502
0.0004490012527152203
0.00044216166224419215
0.00044302296259034137
0.0004365785962871261
0.0004424300134867324
0.0004386646582913031
0.0004376091529175464
0.0004363884041558758
0.0004399827044566509
0.00043231293758149775
0.00043195886122603886
0.0004321674187437613
0.0004392147011298633
0.000427887980366884
0.00042534127710456936
0.0004225584139156106
0.0004233385036081981
0.00042565592554248715
0.0004228558234196139
0.0004253659351305724
0.00041769337080300285
0.00042414525888525363
0.0004284238270333878
0.00041990558525154426
0.0004227809572702137
0.00041742719992614324
0.0004155768066443257
0.0004239636275790992
0.0004166548105848266
0.0004162908464983565
0.00041779687251261805
0.00041700439773179846
0.0004117411497479448
0.0004158569220775768
0.00041623601438572406
0.0004085432421404412
0.00040953588401580553
0.0004086649418895498
0.0004047193488804258
0.00040717249750443925
0.0004049482127363569
0.00040703993957440536
0.00040633753300508516
0.00040458993172300345
0.00039965412839098436
0.0003966637113417047
0.00040007733286249466
0.0004004205369999035
0.0003996249549823296
0.00040707408231420395
0.0003947879078722048
0.0003955994640020194
0.000391966206427099
0.000392475151909947
0.0003957477348634867
0.00039362690427683327
0.00039616127379968113
0.0003931964747629222
0.0003891164325348877
0.0003852273814064945
0.0003911832670121233
0.0003962502991002898
0.0003869567540721137
0.00038572233334483114
0.00038708682624207755
0.0003901273468812449
0.0003858690461896929
0.0003888164422904268
0.00038504971746376726
0.0003803256117148643
0.0003809642429626133
0.00037455074411138646
0.0003780244182169441
0.00037369221160296184
0.00037653755963126004
0.0003789579088339593
0.000373030755358244
0.00037803684363913516
0.0003753578679014739
0.00037693823528657305
0.0003749238267549516
0.00037293862094702694
0.00036794838854114316
0.0003702248266437426
0.00036784215371444634
0.00037092301673500303
0.00036873452422474343
0.00036468754161611235
0.0003665091629342032
0.0003684075883475589
0.0003628674019667958
0.00036445441057089754
0.00036020504122522614
0.0003609315039016039
0.0003648513754412484
0.000358555132086874
0.0003590446653541085
0.0003582755644187191
0.0003597298544929605
0.0003556382319835074
0.00035412736789989743
0.0003559431347254821
0.00035553113677171117
0.0003597218083802165
0.0003553691607233073
0.0003526850419242746
0.00034941983504670947
0.0003487288106307935
0.0003524038651602388
0.0003477368118359997
0.0003467021677296758
0.0003463943989286508
0.000345235705129924
0.0003440003151744292
0.0003456184691005705
0.00034239333072327757
0.00034222723910214424
0.00034302080848238144
0.00034229020623438035
0.00034255556602560223
0.00033997984673843096
0.0003388955903282128
0.00033302364952146596
0.000342275279148144
0.00033370974940564037
0.00033194359978540745
0.0003328589555091179
0.00033407688048863246
0.0003306850114803489
0.00032990699670477225
0.00032944162054451446
0.0003262912505496513
0.0003314898841105604
0.0003279032970965379
0.00032857539883898945
0.0003281541238314075
0.00032674257515153673
0.0003243236744322019
0.0003261685134482826
0.0003203246118331431
0.0003224602454583195
0.0003255239004422133
0.0003200684683493373
0.0003236054723140026
0.0003181985052298138
0.000317207782056298
0.00031634427107352667
0.0003148227534032733
0.0003167291682779364
0.0003175369577607579
0.00031122527073446657
0.0003097667300846093
0.00031469108558145325
0.0003138545157281333
0.000313727376849937
0.0003079750742440467
0.00030446286162381367
0.00030845537563318364
0.0003093045206426096
0.00030548948994917806
0.00030484885422957047
0.00030567101137379593
0.0003057251060139852
0.00030298530740998584
0.00030236385357478284
0.0003025991791730325
0.0003030062584550038
0.0002994070226290845
0.0003030919220854875
0.0002956525347361307
0.00029636752784189093
0.00029824590501533816
0.00029779087673687053
0.0002921334195659758
0.0002958176295261687
0.0002935282654788768
0.00029485220455178584
0.00029390056327019117
0.00029107734900212347
0.00029018715825814966
0.0002887649247025281
0.00028962601598320426
0.00029355039743743914
0.0002863918091474857
0.0002850668754925768
0.0002841778205333953
0.0002866219070986616
0.0002835640477958048
0.0002808125976369544
0.0002841249793594378
0.0002835360681351548
0.0002797154032134509
0.00027858421037044173
0.0002784356513829477
0.00027878155336635163
0.00027540572418123586
0.00027587046870529663
0.00027433759527174605
0.0002780644487688914
0.00027387271815000993
0.0002728630685082517
0.0002712870785489325
0.0002717956950287607
0.0002682256268924021
0.0002702308102138108
0.0002708741047458319
0.00026884724416857014
0.00026790104535939324
0.0002690981812571058
0.00026358074495665
0.00026593488344049215
0.00026143804278279663
0.000262696766673952
0.00026344076526323184
0.00026164814248802107
0.0002609523153339812
0.0002615495002579752
0.000257554445084312
0.00025909827505585166
0.0002572450719062929
0.0002578878689575061
0.0002539193995915754
0.00025337933455978756
0.0002530983213961085
0.00025170937397649953
0.0002491034858483212
0.0002483559183508624
0.00025235989402333997
0.00025084696113309465
0.00024967627143789484
0.00024901168073965
0.00024761754114151495
0.000247955178845012
0.00024828016586771494
0.00024259014904320954
0.00024271984928572719
0.00023917272086185866
0.00024190046505088305
0.00024167987938383188
0.0002408897935758083
0.00023770182424097261
0.00023992122701957868
0.000238058624553801
0.00023588535663371306
0.00023456822188774304
0.0002338934712513
0.00023376197509445218
0.00023184676760769056
0.00023109562839564613
0.00023302902440767322
0.00023236226538201637
0.0002323285784486477
0.00023066736021779466
0.00022596567345798982
0.00022754252332112852
0.00022538261589634005
0.000225403630176713
0.0002231271637166077
0.00022111923440727843
0.0002231767043391157
0.00022417171116713254
0.00022129403047858585
0.00021896677472958725
0.00021675477442870884
0.00021985872810999886
0.0002181210782829803
0.00021710448909083196
0.00021420727780219477
0.00021693018471025918
0.00021123734461025626
0.0002101907369642226
0.00021141775014587615
0.00021058767750266387
0.00020614134449443595
0.00021013733033695202
0.0002073284556484564
0.0002055700627299245
0.00020765367358933635
0.0002036822347705669
0.0002035721552177387
0.00020123824479203242
0.00020345773452638664
0.00020109906930897202
0.00020015854650429538
0.00019934560207147397
0.00020022560661191597
0.00019756240500542888
0.00019814201914430748
0.00019651464229406105
0.00019461442833600408
0.00019385313846994175
0.0001964799398300707
0.00019171617881357908
0.0001915192348342026
0.00018820076410528777
0.0001894911326053827
0.00019096980857804917
0.00018592968044708183
0.0001852960924994821
0.00018551598082209593
0.00018463185840047303
0.0001830134038176852
0.00018413560971897007
0.00018080309936334933
0.0001799663998334258
0.0001790232758166212
0.0001778983358155059
0.0001786311459437964
0.00017591250063096913
0.00017590456236347816
0.000174641486763687
0.0001753508694570277
0.0001726248294558996
0.000171820861081305
0.00017249044931034143
0.00017256457129979013
0.00016913480608756013
0.00016777374638859402
0.0001630134458514056
0.0001662163521259047
0.00016467889315278168
0.00016442548001760439
0.00016279661337355287
0.00016104056097916125
0.00016169365294538298
0.0001606898335398523
0.0001593980707390329
0.0001601476088081222
0.0001551113007960423
0.0001567697471694212
0.00015472880051878697
0.0001529760704917984
0.00015005465683808896
0.0001502961951839761
0.00015071763416790057
0.00014726233392578123
0.00014969256909690699
0.0001462260700177841
0.00014365524097329892
0.00014550619061454165
0.00014300245136830095
0.00014198234847169976
0.00014034871577568999
0.00013976395658573505
0.00013742556171068523
0.00013813754688706654
0.00013740435509424891
0.00013484151326665394
0.0001317480415082197
0.00013373181327204994
0.00013090157741668193
0.0001285761445659271
0.0001293142660984911
0.00012742321710748823
0.00012785609660646854
0.0001244840629832129
0.00012188534869936314
0.0001215235747835659
0.00012003995306174363
0.00011940978472846626
0.00011820695749973849
0.00011716858292300835
0.00011540496507824542
0.00011501567430316014
0.00011374418636153112
0.00011150504060276582
0.00011082560180428654
0.00010955867059071304
0.00010811510504178899
0.00010563777862358362
0.00010437294566317717
0.00010406078048281334
0.00010258595872563643
9.980109868174365e-05
9.877062456971443e-05
9.788601124833906e-05
9.61875610841753e-05
9.322480218074348e-05
9.207659715425484e-05
9.0280264652701e-05
8.916597666272058e-05
8.721810311172229e-05
8.516764477815046e-05
8.386385135367005e-05
8.160403410430858e-05
8.081273477137882e-05
7.857993895348492e-05
7.558587143204137e-05
7.435891367526475e-05
7.284493964090634e-05
6.976300117256247e-05
6.820237600847518e-05
6.581555321971625e-05
6.352492750787553e-05
6.125614890546954e-05
5.881088095212566e-05
5.683684789537482e-05
5.331702110364229e-05
5.073639074998243e-05
4.8030223113691e-05
4.472617576083294e-05
4.130157470050421e-05
3.8173511672504526e-05
3.4053727916618394e-05
2.9506658523035007e-05
2.4302512624636383e-05
1.6877529515989064e-05
1.3584702720896784e-16
