0.03551508491997726
0.024569664013875826
0.020034969363229453
0.017421996162711666
0.015722142289732073
0.014298669116955633
0.013045014578550097
0.012310186271422004
0.011613628083497645
0.011098537529436134
0.01045384788730618
0.010063099835922885
0.009700826968437774
0.009278307956772943
0.009021910198830307
0.008671144218794414
0.008429519962030277
0.008289211628364598
0.007924850445342331
0.00778132626378058
0.007529102591072165
0.007395561455325691
0.007265039307990385
0.007168830601971871
0.00688481576249464
0.006761215305633802
0.006693666815280532
0.006545994397667427
0.006487737483798511
0.006265807523608224
0.00630420511679709
0.006026742014485011
0.005937048891004915
0.005862847505338773
0.005808279429697848
0.005736535389798688
0.005722242198755666
0.005564264514026635
0.005481634323794853
0.005391766517666147
0.005379809297923236
0.005247641105976184
0.0051629756835018525
0.005168868685204652
0.005107946260494762
0.005007279327141416
0.005025455982597297
0.004908801516399394
0.004910191804527408
0.004874521808546108
0.004826910620491152
0.004722881860055772
0.004692933026063114
0.0046990362070807295
0.004635024207684328
0.004567804690537194
0.004473005541312934
0.004516451950295922
0.004441827854725778
0.004420355604515457
0.004407246794113479
0.004310379883840863
0.004272155022322163
0.004278541507878116
0.0041567212400509075
0.0041838383506722435
0.004088626395007396
0.004158574659444028
0.0040683923552580084
0.004064555236568424
0.004055522733286616
0.004003560189025343
0.003950408119932188
0.0039025291505146954
0.0038895767940346493
0.0038700534573999105
0.0038357635829287407
0.0037772680231049475
0.0037424555373657
0.0037525922418890426
0.0037074665992620336
0.003696608698307296
0.0037202139894244013
0.0036428148507961014
0.0036117960876127612
0.0036250252379376765
0.0036043327816950434
0.003594711995374712
0.003563454254748159
0.003610063309110344
0.003495637215912186
0.0035149230231529033
0.0034966685677956773
0.0034434994294641366
0.0034665279259948976
0.003342007310103394
0.003381809013258526
0.0033967775802708792
0.0033071570196153183
0.003334075930750758
0.0033240309087436875
0.0032789524413699483
0.0032738594915247164
0.003263685194928902
0.0032177994051726987
0.003205035949277024
0.003207876510020128
0.003186627807443448
0.003183872888481003
0.0031096095541284126
0.0031289011530038604
0.003149306930893338
0.0030962689831525014
0.003102994698085994
0.0030513794511833
0.0030595656816030828
0.0030511309412462
0.003013368088878025
0.0030424431884649387
0.002991434365045552
0.00298339420044121
0.0029525988681618404
0.002999861402157755
0.0029506180488364574
0.002936269045405982
0.0029293593721671663
0.0029059112215295813
0.002884927439156866
0.0028953932742914056
0.002891400425619384
0.0028412933053317967
0.0028837789467887997
0.0028413988465792713
0.0028170740904824203
0.0028015054802233807
0.0028060556533726472
0.0027773652396120316
0.00278972995883975
0.002759211746999643
0.002728071800935203
0.002772457110033867
0.0027386145091724467
0.002754581252851701
0.00273476664560166
0.0026713761023654946
0.0027043496051344586
0.002661698593124962
0.002701394023441504
0.0026624119413715943
0.0026685647864673995
0.002651158782957587
0.002635008223749841
0.00262492174036354
0.0025507415316363235
0.0025537785963813
0.002587154432956308
0.002565311244489663
0.0026023377409092286
0.0025672707070188944
0.0025321036688638727
0.0025027173015853095
0.002556579497627043
0.0025363556409019215
0.0025081796365500255
0.0024926526222156745
0.0025006099793207547
0.002481734965435686
0.002459045545350236
0.002446116706338056
0.002462303094183878
0.0024315426171438274
0.002421838641536936
0.002397987677980513
0.002440290789307389
0.0024272774589362313
0.0023711567305830196
0.002362565748319161
0.0024050698120684994
0.0024046358145577555
0.002364451635219881
0.0023382601920270626
0.00236401468628974
0.002358288061589723
0.002310824819823599
0.002329630101410404
0.002292505523276261
0.0023211081345592354
0.0023039408068318253
0.002290094629366055
0.002310084179912016
0.002267042525454978
0.0022822125948927462
0.0022612985884605105
0.0022718434173348073
0.0022710007553651177
0.0022570519729590032
0.002230909639071721
0.002237210438480858
0.002236347230764483
0.0022156767285610676
0.002228808608239568
0.0022077724610568687
0.0022189412313299984
0.002191718117141208
0.002208203098050171
0.002194939138761312
0.0021751917324760554
0.002157816123305911
0.0021583318699109314
0.0021707599370720224
0.0021584922518089336
0.0021424841764453367
0.002144984885883274
0.002120848041490628
0.002147659724135768
0.0021318215254605482
0.002099698200635226
0.0020942698699393265
0.0021051756606206653
0.002114372977299189
0.0020859741094932114
0.0020733521200405093
0.002079154088623677
0.0020930860365268316
0.0020517794158378304
0.0020675268395806915
0.0020535354926406314
0.0020309828189684293
0.0020171031180995064
0.0020509785134624242
0.002002935509156555
0.002014256038226273
0.002025069593980085
0.001988369608486089
0.0020177390873099598
0.001996186691887068
0.0019932043140235187
0.001994764917385027
0.001988870325327241
0.001986185395566117
0.001971644742288719
0.001969111551016557
0.0019877596943419407
0.001948328273582354
0.0019428627302293892
0.001950675195007607
0.001947151905187378
0.001945251013524547
0.0019357898496072104
0.0019070707370527052
0.0019114662898764043
0.0019298695569588795
0.001905909404965803
0.0019175807549157993
0.0019010273817168593
0.0018973407246039684
0.001890539870754968
0.0018836880759245417
0.00186410944828001
0.001864749200935344
0.0018614067330104806
0.0018693679244257172
0.0018770057008485254
0.0018377615825700055
0.0018388942577104092
0.00184421331811638
0.0018498503985530895
0.0018025197937653742
0.0018405829223028462
0.0018128119185261934
0.0018104002491341577
0.001794807688331664
0.0018191413187237558
0.0018023882416033513
0.0017903669068132192
0.0018139019631414387
0.0018209747889468397
0.0017928016742333511
0.0017819573004151687
0.0017735638023174123
0.0017719792928533949
0.0017447657511050739
0.0017717459759076654
0.0017664938153525824
0.0017627668527168071
0.001753380313645746
0.0017493211036470407
0.0017509276087651936
0.0017176605660174404
0.00174249008706741
0.0017285397408694449
0.0017259531441279287
0.0017248865927146305
0.00170728759336009
0.00171532990324776
0.001717738169582308
0.0017025585833665635
0.001670943608039085
0.0017046621265604128
0.0017155273959929798
0.0016809192443037796
0.0016859123343216664
0.0016963108739450085
0.001666385074165745
0.0016879618954910858
0.0016501832847222366
0.0016382075163288055
0.0016725089612020566
0.0016816354020805736
0.0016608957693704381
0.001663354729805596
0.0016473346442260626
0.001634690597112527
0.0016367746813508452
0.0016471789924290758
0.0016274646210886203
0.0016271864234767184
0.0016220218764494278
0.0016157391959292766
0.0016454605490314276
0.0016159488180023352
0.0016089867794317483
0.0015861350832389153
0.0016173731634425113
0.0016186774629808134
0.0015896399118366996
0.0015823228068129536
0.0015815727936967306
0.0015730579626091216
0.0015848251120536964
0.0015994371858857332
0.001556043314401602
0.0015764315177926363
0.0015768388664620003
0.0015666252068008621
0.001574195742484899
0.0015635434451396928
0.0015619816452481046
0.001531475083090909
0.0015580422990602526
0.0015287376930993443
0.0015179524247546706
0.0015474757825633216
0.0015173405699755295
0.0015495023337772883
0.0015307703502544824
0.0015172728935845079
0.001511215934560857
0.0015094632654795007
0.001526518348665398
0.0015100819689330789
0.0015011823767094353
0.0014858908335896933
0.0015171298973296063
0.0014988319509538178
0.00149769435015696
0.0015000300883344247
0.0014988135036555872
0.0014921778816310634
0.001478507160414385
0.001465922660954702
0.0014776565355950394
0.0014575095951565678
0.0014875981091334943
0.0014626407281873928
0.0014946701683177896
0.0014492179268372175
0.0014449579140084902
0.0014505544834681275
0.0014641235237422394
0.0014572154433906675
0.0014479665817834551
0.0014619372197769763
0.001443803961467518
0.0014243308432315908
0.0014345437110091978
0.0014264310711160804
0.0014207491149755733
0.0014340720377644986
0.001411632257112777
0.0014387779933516449
0.001411496027352458
0.0014083029381305769
0.0014058368505556198
0.0013933781531673896
0.00140125579249407
0.0013860768939098083
0.0013984217681605687
0.001380765104919783
0.0013718291083557722
0.0013713324026063472
0.0013782502312835174
0.0013796580888266882
0.0013784245658791186
0.0013678853921160394
0.0013769286631181645
0.0013837299791657806
0.0013730932177109982
0.0013699899181947557
0.0013644794750308099
0.0013592120985324958
0.0013710430667364178
0.0013504086062759112
0.0013372192407758701
0.0013368335383601754
0.0013469211014236712
0.0013512958243835208
0.0013342723577071931
0.0013210429030454226
0.0013177666167485701
0.0013129647982085858
0.00133580066751572
0.0013181683240511845
0.0013155620362706004
0.0013056102684299465
0.0013118819373833213
0.001315612026305868
0.001315992212745256
0.0013056389450438635
0.0013139254834811053
0.001303707660896873
0.001313952286057387
0.0012963489187836788
0.0012867885734063312
0.00129579486930223
0.001285469841414748
0.0012802448273565197
0.0012902624311658508
0.00128195451796429
0.0012687450763576662
0.001281920872934259
0.0012683572145474153
0.001275213337789414
0.001269216448795815
0.001274442619251027
0.0012692752511092348
0.0012732160146234548
0.0012491291158200708
0.00124086047715689
0.0012515787825500035
0.001244537516473879
0.0012512672551841584
0.0012539705907487421
0.0012434605669162891
0.0012469577243779803
0.0012254239003448798
0.0012343804302147377
0.0012492572833490265
0.001235973949457357
0.0012165241595314315
0.0012138747353481207
0.0012178340620127381
0.0012301152968399957
0.001226890840653554
0.001229743942554257
0.0012110074160963818
0.0012145093786464485
0.0012197467788439393
0.0011917155801992015
0.0012059893138713677
0.0011958604941159912
0.0011840708883804685
0.0012158951928856938
0.0011904302553037913
0.0011874483290166375
0.0011762257718051217
0.001191124262248563
0.0011891598944919284
0.0011871818685920451
0.0011704639293422985
0.0011653940345326787
0.0011822556739806208
0.0011654652856262653
0.001166939312989222
0.0011965766775653703
0.0011581128703295343
0.0011547843536947558
0.0011682152789211067
0.0011483567857283096
0.001157980797746556
0.0011539587307259408
0.0011573737230272476
0.0011416835676158422
0.0011414463116594805
0.0011307446368314753
0.0011534685243438975
0.001140519143230674
0.001129717684154524
0.0011434707848165218
0.0011466257124235753
0.0011227781657995972
0.0011307914112223929
0.001124909367925374
0.001129804881164342
0.0011236456188179285
0.001126293975078985
0.001111662814106961
0.0011177165302429114
0.0011213870183438995
0.0011093185228293113
0.001104062573957817
0.0010997764185712209
0.0010986665476720786
0.001108253679928307
0.0010952495065887102
0.0011001477397710462
0.0011031007352582064
0.00110688728740737
0.0010878328431234794
0.0011016927837889305
0.0010837124788422336
0.0010755822866022374
0.0010920931429047257
0.0010825340985351503
0.0010702100817469025
0.0010786005875489059
0.0010712197594415587
0.0010589256000772553
0.0010757475331377316
0.0010605292062815682
0.0010654806322978713
0.0010602276975521174
0.0010625562050112982
0.0010548671990388567
0.0010651092883538931
0.001040970828957308
0.001045241064305795
0.0010603105893936416
0.0010470874753839106
0.0010555756457056424
0.0010433831641279087
0.0010439760627064963
0.0010553097341485808
0.0010283782498519526
0.0010300871805895373
0.0010378288997660683
0.001035451027066549
0.001034110673112954
0.0010210987800933172
0.0010217498165752353
0.0010213094741328749
0.0010125633160914381
0.0010204966525353785
0.0010205536329129642
0.0010041083190452653
0.0010171194363578493
0.0010117915590254567
0.0010119093959406935
0.0009950851919962834
0.0010039492276507872
0.0009941175246860295
0.0010014203128592082
0.0009993123511014411
0.0009999168595043269
0.0010011629972435446
0.0009857502497272487
0.0009834975359501474
0.0009776072029803568
0.0009801011502146909
0.000978823218270848
0.0009830858903901844
0.0009753284779646255
0.0009803122866323636
0.0009814195691221887
0.0009717352904868648
0.0009776006602133912
0.0009729968769670604
0.0009583116647415144
0.0009653732694072773
0.0009592117458733138
0.0009575215996521242
0.0009705539652680095
0.0009580089011725252
0.0009499946147622293
0.0009623426094362279
0.0009621746932957708
0.0009482706567413776
0.0009585430935916937
0.0009488822480555818
0.000942201282729514
0.0009440745686629923
0.0009415530668840045
0.0009336348583319152
0.0009329111538292194
0.0009337781647637925
0.000928953828477853
0.0009397389253931105
0.0009285647764535087
0.0009269440296502749
0.0009256820384463836
0.0009121018192845814
0.0009133147856983666
0.0009286331330960282
0.0009114423960147658
0.000919717064464726
0.0009083481701277901
0.0009244363559763335
0.0009132966924071127
0.0009078615915572058
0.0009081275844914937
0.0009026252941460563
0.0009051417642561355
0.0008999386262414826
0.000898894349705611
0.0008977653359976604
0.0008935954939095485
0.0008959976759350678
0.0008942522577092589
0.0008902363059585303
0.0008883035028762451
0.0008924739307018955
0.0008759651893098777
0.0008828156322756804
0.0008590515213856431
0.0008697356605970826
0.0008627205458716244
0.0008751090240648735
0.0008592760942504134
0.0008704496605006902
0.0008630438234197939
0.0008724134380645367
0.0008658250200039836
0.0008567060175562354
0.0008686226363726143
0.0008648768190394668
0.0008601608434078424
0.0008593258462444648
0.0008608825869459359
0.0008614640949237947
0.0008551234514390705
0.0008424069462517361
0.000855151171850162
0.0008387625166943741
0.000838089855486261
0.0008350383869585901
0.0008403254992867426
0.0008399680158105795
0.0008488131033294468
0.0008319351966188727
0.000835918161180854
0.0008371058923232208
0.0008399109153722592
0.0008233531252640912
0.0008258327117089093
0.0008281554339114287
0.0008191217857874647
0.0008219020968520652
0.0008211923790085727
0.0008114641937539878
0.0008095125600672299
0.0008088419649512324
0.0008230321438647483
0.0008092796415446366
0.0008046083249607266
0.0008074501269525882
0.0007944532175605111
0.0008026292715953716
0.0007974753205939479
0.0007932900503762693
0.0008000187452710236
0.0007979535017996091
0.0007904515283453994
0.0007932272996231768
0.0007970200681817516
0.00078851520769509
0.0007905404497934921
0.0007855019456970975
0.0007801147459986797
0.0007892860495103959
0.0007637100588202532
0.0007748474959193197
0.0007708692516351162
0.0007716780909767518
0.0007784300051723824
0.0007674755678235322
0.0007686667133682695
0.0007711435996076324
0.0007627478252136588
0.0007627145032176562
0.0007644971771340573
0.0007608561032935487
0.0007682340466609522
0.0007523228341768765
0.0007552427240998703
0.0007611532096689517
0.0007557965866887106
0.0007403366298513375
0.0007456208452727912
0.000742100824503234
0.0007387819266105948
0.0007395916519168875
0.0007357009658043593
0.0007435226790489604
0.000736161461551772
0.000733110211055069
0.0007266870321040978
0.0007343071834811141
0.0007358076273910923
0.0007301550762561382
0.0007324291908605198
0.0007318999060012077
0.0007162660922447448
0.0007236522258717996
0.000719194105254595
0.0007217771612882115
0.0007132805965726246
0.0007191767924297654
0.0007016534335759447
0.0007116852842022721
0.0007105092979980052
0.0007139532567082826
0.0007079244653840293
0.0007032736698158987
0.0007006999474965869
0.0007059787712636005
0.0007032477315978935
0.0006988630965468564
0.000693709536484013
0.0007019071302315846
0.0006928148168278584
0.0006930040097848243
0.0006921997910458255
0.0006889253138267626
0.0006873331411342385
0.0006851934285220559
0.0006797196878388368
0.0006841888468148009
0.0006773483498144816
0.0006772853496177106
0.000683105600801778
0.0006755174473043728
0.0006730689089753018
0.0006627660935712502
0.000672512333543538
0.0006689088191927944
0.000667058296221703
0.0006571114329903284
0.000663666457126469
0.0006662860092108518
0.0006541017944440468
0.0006557930721065938
0.0006501147746303582
0.0006526197411356916
0.0006580009077646043
0.0006479610118913024
0.0006569130486801485
0.0006421663176346468
0.0006494429907117767
0.0006419592633285923
0.0006340561724218627
0.0006316174939564463
0.0006281520516850973
0.0006407284561550143
0.0006389307862828878
0.000637056759923684
0.0006339062223964421
0.0006290120443499342
0.0006237151541845868
0.0006313560780895383
0.0006215654755274302
0.0006269641333723962
0.0006213873692974698
0.0006173940959642504
0.0006086013337944406
0.0006134499164268734
0.0006142824650484017
0.000611373394419108
0.0006042494425444357
0.0006147383140883762
0.0005985218072378338
0.0006058241430568626
0.0006041658727199573
0.0006056266386029995
0.0006048446516082934
0.0006011128208352809
0.0005989249835226579
0.0005991245180802929
0.000594368831194661
0.0005938666907019712
0.0005940660531454118
0.0005872676513638764
0.0005896261364846224
0.0005817439867801813
0.0005808523595641585
0.0005790271866630439
0.0005773045405328091
0.0005798440516003937
0.0005744404939779485
0.0005729946734723141
0.0005677819741399511
0.000564532535369685
0.0005693445881616051
0.0005662644985781525
0.0005673427337862111
0.0005642980572865633
0.0005623221439152948
0.0005582306351379133
0.0005579159387772579
0.0005546669060798471
0.000556429548998328
0.0005490227761201949
0.0005479550560008193
0.0005483413305580247
0.0005438011027180882
0.0005470549990372912
0.0005496040127781404
0.0005437528966346362
0.0005399864481335047
0.0005348652427852823
0.0005431430330871637
0.000533748008867552
0.0005358301483326393
0.0005287641132127502
0.0005307272550104872
0.0005314430059981951
0.0005305605114957128
0.0005310247930214595
0.0005257868047630899
0.000522850856800217
0.0005199708188569524
0.0005169411567456964
0.0005074406870572116
0.0005109391028453988
0.0005143759640681344
0.0005159398983115031
0.0005080794907594164
0.0005092074322546881
0.0005004821305004402
0.0005066949719474932
0.000501884604389681
0.0005023685396546602
0.0005039107271644751
0.0004971283343897194
0.0004969372755332868
0.0004988588957542144
0.000498624957805278
0.0004994202573236333
0.0004863172054656463
0.00048565012489909824
0.00048427879440185207
0.0004825256042859258
0.00047726642518277447
0.0004795119115379931
0.00047525368612856106
0.00047874188663177297
0.00047725223707102286
0.00046514687177414294
0.00047015685477496446
0.00046700599600060853
0.00046998666308441044
0.0004605571407200417
0.0004598040536147471
0.0004629523121158389
0.00045610496819264794
0.00045227608027447044
0.0004582631149062784
0.0004558994021283834
0.00044851176995113883
0.0004492551279480771
0.0004473178031275879
0.00044038739494829183
0.00044438245220149847
0.0004437428874267917
0.0004370093212526065
0.0004395743152045777
0.00043654507474441334
0.00043434090527822897
0.0004329337306216864
0.0004345240695445247
0.0004284707708957896
0.00042754361835909685
0.00042723959992228816
0.0004246635967377904
0.0004206755085284668
0.00041485951543609686
0.0004152030502387829
0.0004131607521465481
0.0004107447734956442
0.0004129930288858285
0.0004131715467570896
0.00041229345678018864
0.0004063851912462159
0.00040251647224764096
0.00040403523671315295
0.00040049720293933475
0.0004003950053110596
0.0003957255983659933
0.00039152657722657606
0.0003898446343777845
0.00039153267634270227
0.0003855054230324286
0.0003868541431873914
0.0003819082471738251
0.00038145437699055605
0.000381368509989698
0.00037786506754575676
0.0003787313852150166
0.00037666715323850567
0.0003748421756653444
0.00037331572432809423
0.00037246956071367005
0.00036956584561368804
0.00035968057308978204
0.0003618182228046989
0.0003573720961227269
0.00035735687712821633
0.00035719333244140227
0.0003550438171933216
0.0003520720456139067
0.00035182389883257014
0.0003427023744602118
0.00034513032300194515
0.0003417557560744808
0.0003357700878206097
0.0003350423115789619
0.0003347026149180004
0.00033602289544644226
0.0003332447270261935
0.0003292615069845181
0.0003257479118957461
0.0003250450051514673
0.00032224589787681904
0.00032238556503046324
0.000318494847816645
0.0003161932827625586
0.0003158514500464619
0.00030725321347391385
0.00030856285340036824
0.000305998652786763
0.000305204472851194
0.0003036433484958602
0.00030232185587656546
0.00029740833322822006
0.00029437583997710197
0.00028707304792615707
0.00029229264838183746
0.00028880881010273364
0.00028753967981676604
0.0002807642172209557
0.0002805063883666511
0.00027609168372434885
0.0002760443573685387
0.0002726770004500252
0.0002715007084608483
0.00026840488870711476
0.0002637774743531262
0.00026514296027623034
0.00025953731812956344
0.0002590819086303789
0.00025419202116892987
0.0002549627683811495
0.00024836642856221114
0.00024782858868213495
0.0002438661692521278
0.00023833538522346367
0.0002393022815151624
0.0002345221141406159
0.000232738111814127
0.0002287167221584785
0.00022639762364290732
0.00022760138895092693
0.00022064961921217902
0.00021607726829953045
0.00021332024620948045
0.00021333030064438622
0.00020740358520462217
0.00020658788537901375
0.00020139922691821293
0.0001967014571063075
0.00019886105279549892
0.00019396949319774474
0.0001848702863365294
0.0001834910486373979
0.00018279105412512983
0.00017766870380418723
0.00017391402384544748
0.00016978440482447936
0.0001665763294705018
0.0001632221013451469
0.00015796699970361863
0.00015436292829956977
0.00015102026250377726
0.00014634901886650422
0.00014016432060011438
0.00013828212309826055
0.000133572368762335
0.0001269169386246499
0.00012335703155338793
0.00011618856539947505
0.00011131814462033359
0.00010582379461686159
9.991376227891556e-05
9.285350546840898e-05
8.627165642190684e-05
7.888769035802124e-05
7.104831396454548e-05
6.080006797087148e-05
4.889779232487891e-05
3.5155457489873694e-05
4.1505714131706743e-16
