0.3679302289848774
0.3678486929612445
0.3678777839067712
0.36801669348087024
0.367876169661495
0.36794245791484015
0.36798314338878646
0.3679642987945977
0.3679381824045135
0.36800153283970405
0.36796275170470616
0.3679946805764813
0.3680175463522822
0.3679788271926647
0.3679597700522766
0.36798942937656076
0.3679428534919232
0.3679538113279161
0.36794570943727406
0.36793988553452733
0.3679567300018408
0.3679872870894437
0.3679539910927254
0.36804027781480286
0.3680034223786519
0.36792945399463606
0.3679302236015498
0.36797623672573093
0.36799948802153604
0.3679914509791054
0.36797731948451795
0.36794781246792074
0.3679591082133494
0.36798008387253067
0.36797347300884037
0.36799047392959555
0.36799431383394504
0.3679457069791577
0.36797866555875336
0.36792810974567525
0.36793826916361283
0.3679834295698255
0.3679507260837003
0.3679549530979595
0.3679539785064669
0.3679627093477752
0.3679815518298646
0.367973153541204
0.36796954748578353
0.3679428565572055
0.3679473093149306
0.3679788467780758
0.3679735713631425
0.367960308788412
0.3679742783590888
0.36797324438153084
0.36798320596206
0.3679429641135349
0.36796134680234316
0.3679593653347022
0.3679705368729809
0.3679600726333434
0.36795551195994897
0.36796043194989664
0.3679802328593789
0.36794405251139545
0.3679799888476335
0.3679892178209354
0.3679736759007395
0.36796273178699423
0.3679642685114216
0.3679513533277756
0.3679568257293552
0.36798162419283714
0.36796397498816186
0.36796776986509533
0.3679552197553183
0.3679810773611251
0.3679587614060458
0.36796857440284786
0.36795705596537903
0.3679511191780821
0.3679833700629497
0.36795367105960164
0.36799140436221267
0.3679760253636936
0.3679785697202655
0.3679858864460022
0.3679791121288727
0.3679627579655762
0.3679698980966581
0.36796727071998203
0.3679547414261482
0.3679872935627053
0.3679760985737634
0.36797038349934097
0.3679687981828653
0.36797627589082477
0.36796074815063223
0.367949946534654
0.36796878731201194
0.3679687606627821
0.36795682165307625
0.3679516789563886
0.36797331676929296
0.3679381517091579
0.36797076501920023
0.36795456523732484
0.3679658328220594
0.3679769443297058
0.36796914547477033
0.36796827699511514
0.36796557538194713
0.36796564055149833
0.3679724319766529
0.3679682721134643
0.36798442524231495
0.36797988725346875
0.3679709150143677
0.3679487546761589
0.36795874318570404
0.3679592970023899
0.36796360313949933
0.36795615235590123
0.3679722678926817
0.36796837752437833
0.36797574805055844
0.3679646057849271
0.3679687357948043
0.3679586744115083
0.3679612788817613
0.3679722675143007
0.3679622646329127
0.36796715394600443
0.3679804922625893
0.3679661009258319
0.3679657725866937
0.36797080239358604
0.3679743993749407
0.3679654368142415
0.3679616323834914
0.3679772639523388
0.3679558376332503
0.3679756288960867
0.36798099852740723
0.36796770951077357
0.36796648840255114
0.36796093492411913
0.36796095249943955
0.3679728178386343
0.36798036046776145
0.36795955219828674
0.36796381526279404
0.3679708714652481
0.3679510208519033
0.36796839834841183
0.36797830970365664
0.3679718487021022
0.36797491271834215
0.3679681904037164
0.3679736566990479
0.36795332063190406
0.36795382143574085
0.36795748645393983
0.3679777824258478
0.3679624846441034
0.3679603631993813
0.3679667239420221
0.3679725030701084
0.36796625911636727
0.3679639639862572
0.3679782740293697
0.3679623821456339
0.3679708389648319
0.367966931049642
0.3679690052455094
0.3679629604269193
0.3679614656389042
0.3679708532282159
0.3679608737828032
0.3679670730782363
0.36796255624867763
0.36797146260532054
0.36795321598775305
0.36796325579019484
0.36796581681411694
0.3679890868227673
0.3679624657827893
0.36798675754976673
0.3679682354065806
0.36797476261766626
0.36795976767313304
0.3679634276243506
0.3679453070525974
0.3679742514250508
0.3679651426219029
0.3679581487418171
0.36796762594465116
0.36797658577483033
0.36796208261159125
0.36797013209562085
0.36796420812943453
0.36795305630822106
0.36796656001115846
0.3679646287511807
0.3679765513162569
0.3679604449462732
0.36796819324913793
0.3679690453563337
0.3679692293336903
0.36797315177463696
0.36796427810187604
0.36796693783189205
0.3679746109807771
0.3679706400195247
0.3679734221789838
0.3679678266116399
0.36796495944716945
0.3679691873786148
0.36796826513078756
0.36797580662012486
0.3679664070552584
0.36796969202813196
0.36796343966059747
0.3679564259944675
0.3679708685825328
0.36795581199431554
0.3679601433033195
0.36797650004245297
0.3679756899214504
0.36795927409563817
0.3679624535130165
0.36796131938008164
0.3679767141954329
0.3679692718297973
0.36796843162882653
0.3679563375274407
0.3679715680852234
0.36796709036574277
0.36795938273439144
0.36795473374895354
0.36795750694357876
0.36797477406656826
0.36797309686188984
0.3679640205369683
0.36796056124134013
0.36796359335939227
0.36796352764528584
0.36796563930851806
0.3679588687647561
0.3679597249080207
0.3679635116048965
0.3679648339801364
0.36796652086079956
0.3679726635074027
0.3679596615145779
0.36797356916005536
0.3679546831728131
0.36796314656299967
0.3679716058388205
0.36797087867933775
0.36795629915983796
0.36796960138792395
0.36796532944571103
0.36796429691659
0.3679704484524314
0.36796460830995054
0.3679733920156271
0.3679730048231553
0.36796170359919433
0.3679646789733508
0.36796785490750583
0.36796968790454926
0.3679642967044158
0.3679666081948532
0.367965192688704
0.36796717339607843
0.36797089325914983
0.3679653960775316
0.3679663490077446
0.3679670668369466
0.36797817537475663
0.36796408736267683
0.3679709338711276
0.36796654859258215
0.36795987851117656
0.36796497944688356
0.3679761940226442
0.36796254161868386
0.36796273559503834
0.3679596428871771
0.3679592910376493
0.36796744532194453
0.3679701490886183
0.3679702426220865
0.3679730650315747
0.3679664344052735
0.3679696131996432
0.36796079831466555
0.36797190928411616
0.36796703171714745
0.3679588113716194
0.3679669224754072
0.3679736042103379
0.3679670796956735
0.3679663975201123
0.367960416678358
0.36797357820490595
0.36797393908675685
0.3679779841981501
0.36798089280612245
0.36796906740452634
0.3679647455246174
0.367975763081311
0.36796820343690545
0.3679566606777785
0.36797356242588297
0.3679661419109276
0.3679601026220707
0.3679612450188088
0.3679641277408857
0.36797125975746053
0.3679697658684152
0.36796489267932203
0.36796354257300945
0.3679699126856487
0.3679698049838311
0.36797192755406766
0.3679666013989532
0.3679656416581245
0.3679586935297077
0.36796680934420634
0.3679674713182435
0.36796569593180195
0.3679676616677539
0.367963028326276
0.36795946585634703
0.3679675825318366
0.367958128628676
0.3679654295551564
0.36796248815559857
0.36796158416555275
0.36796381764176483
0.3679741428633677
0.3679689666031416
0.36796498782495574
0.36797161031619297
0.3679744691931419
0.36795997540981334
0.36796002192672733
0.36796168627372594
0.36796336445633543
0.367972672835287
0.36796492410227066
0.3679731802138825
0.36795830029397303
0.36797138763581294
0.36796464373143917
0.36795470738408564
0.367967378604115
0.3679609416141911
0.3679669201520898
0.367962346253917
0.36796721167367386
0.36796867026534474
0.3679784697945458
0.36796651645358125
0.3679669383460982
0.3679681714851849
0.36797355567957557
0.367962367760814
0.36796555885890564
0.36796249123107083
0.36797041388346213
0.36796617711742224
0.36797250187813485
0.3679568852081562
0.36796187228559685
0.36796979654466494
0.36796864305802235
0.3679601958160693
0.36796121302049206
0.36796445285638235
0.36797354372376373
0.3679632200161238
0.3679697489076081
0.36796454177718974
0.3679711287290312
0.36797082803573306
0.367964163830116
0.36796475498638054
0.36796792929945366
0.36796661983967105
0.36797014700076813
0.3679630163926078
0.3679653288620998
0.3679701844106188
0.36796883620807186
0.3679649485123413
0.36796337557312353
0.36796686555867864
0.36796659430776335
0.36796679762875883
0.367964092548246
0.3679669328696037
0.3679694413747208
0.36796165559020105
0.367968778297208
0.36797181157443143
0.367972903379786
0.36796262865051177
0.3679625127266597
0.3679602249712967
0.3679642178269156
0.36797284916720735
0.36796565244624546
0.3679650702766784
0.3679696221850537
0.3679716627718113
0.36796800910528077
0.36797100530971805
0.36797348836959975
0.3679627164683683
0.3679673436743959
0.36797089844456143
0.3679656449594909
0.3679681649275126
0.36797085802731516
0.3679671218657222
0.3679648551173446
0.36795685393624106
0.36796832257494994
0.36796724073951304
0.3679596787585407
0.36796642755961934
0.3679674951338744
0.3679698329503629
0.36796634661661975
0.36796876891930685
0.36796780405188173
0.3679653177570591
0.36796015423119827
0.3679601737107
0.3679672785917925
0.3679656096655983
0.36797426350457735
0.3679629737675336
0.36796307591500993
0.36796240479556147
0.36796897999325595
0.3679642682639348
0.3679635398612518
0.36796687403173817
0.367962999702851
0.3679704318999043
0.3679666496023464
0.36796575335711484
0.3679682677430422
0.3679635639366663
0.36797148758783244
0.3679640315480226
0.36796296212787755
0.36796707263824785
0.3679630060149915
0.36796338829428177
0.36796766984792323
0.3679670126931306
0.36796651067896746
0.3679754212130727
0.36796990752994746
0.3679674840348017
0.36796730128575256
0.36796467270569566
0.3679626204792101
0.3679626749825192
0.36796193688216633
0.3679643317315765
0.3679702458257175
0.367965423356703
0.3679669208173821
0.36796883887275994
0.36796501442859586
0.3679689454601145
0.3679673377827454
0.3679636104137439
0.3679650926648555
0.3679675859545716
0.3679662897846019
0.3679653069110571
0.36797002454362054
0.3679669267936331
0.3679652635711594
0.36796042777385385
0.3679693651912652
0.3679618998636582
0.36796695018020337
0.36796846860081367
0.3679610661819143
0.36796905372793315
0.3679651459224005
0.36797196834232815
0.3679660989502823
0.36796370075999923
0.36797172599749467
0.3679664364215201
0.36796472258806223
0.3679712127911487
0.3679642109982343
0.3679668916690752
0.36796176271233816
0.36796833048177197
0.36796555320517227
0.367967870724597
0.36796622063267453
0.36796938837136506
0.36796226425106243
0.3679705454259991
0.36796547279353686
0.36796801141980734
0.36796674491411263
0.36796742798988785
0.3679684252107149
0.3679676792160028
0.3679714792473045
0.3679687781200274
0.36796371409771395
0.3679624689263847
0.3679684294676604
0.3679701003000564
0.3679612004152893
0.3679670191930486
0.36796173784157
0.3679631089750709
0.3679730234277132
0.3679604822430066
0.3679657581967524
0.36796364259074654
0.36796746894441884
0.3679640552065389
0.36797106674408186
0.3679650492027037
0.3679633786982694
0.3679679136043987
0.36796799444616124
0.36797205319117804
0.36797130705243003
0.3679651852966641
0.36796090875225723
0.3679676754860063
0.36796600392397916
0.36796714835293437
0.36796791781910654
0.36796640924739155
0.3679708004248399
0.36796434095195985
0.36796363660928544
0.36796313403261166
0.3679669004060558
0.3679671939722079
0.3679643611425428
0.36797001350243713
0.3679664186486759
0.3679571033632161
0.36796519771604236
0.3679666231110974
0.3679656466337267
0.3679690232985369
0.36796551570690594
0.36796374918508645
0.3679642352994817
0.36797435166106307
0.3679609276067423
0.36796736443579536
0.36795872729992124
0.3679594642719323
0.36796996430608225
0.3679647786625962
0.3679657366146714
0.3679689079921306
0.36797227919210984
0.36796536997404167
0.3679648710055698
0.3679731361451564
0.36796714046463935
0.3679657773247518
0.36796706394997575
0.3679708973656665
0.3679651964521589
0.36796197956659005
0.3679696368362249
0.3679666831777619
0.3679664510192229
0.36796617848375934
0.36796021867885487
0.36796310144427663
0.3679683730911403
0.36796616782425406
0.36796665172890364
0.36796440081768567
0.36796963729793447
0.3679680942972258
0.3679660079662737
0.3679614430897129
0.36796633993479516
0.3679597925304074
0.36796834090060176
0.3679650068130239
0.3679659039952101
0.3679698999274361
0.3679665275986453
0.36796623582530713
0.3679612417900076
0.3679672884176726
0.36796579597150497
0.36795962628034
0.36796295012841584
0.36796367059724755
0.36796268975364466
0.36796562308489583
0.3679663959694462
0.36796640470665515
0.36796599409480063
0.36796356067197705
0.3679688126317694
0.3679691417351158
0.36796443738532286
0.3679626452020088
0.3679614999482529
0.36796622487849584
0.3679662903297763
0.36796572433809993
0.3679640663914599
0.3679622696444871
0.3679701326286572
0.3679635260185487
0.36796813556859476
0.36795913411554637
0.3679669742702842
0.36796812388256295
0.36796613019317354
0.3679693028426511
0.36796421975766896
0.36796642962158277
0.3679657052759732
0.3679668990408147
0.36796635795593147
0.36796679965878193
0.3679675792083285
0.3679703870727816
0.3679652167213695
0.36796851581312195
0.36796517975657045
0.3679658725553767
0.36796601434172765
0.3679697637837136
0.3679679909862472
0.3679647686922417
0.3679661398823765
0.36796415392274856
0.36797164418005085
0.36796756985366275
0.3679672168107122
0.3679665408121778
0.36796611347711994
0.3679683629737773
0.3679642959751166
0.36796962628041346
0.3679625585002017
0.3679644093504217
0.36796737857410255
0.3679694719120554
0.3679691407573598
0.3679703759569694
0.3679676971942483
0.3679680925381878
0.36796668662789456
0.36796702973670664
0.36797015666831706
0.36796939137774737
0.3679690151764986
0.36796964023373113
0.3679696535115336
0.36796364077714244
0.3679663324182779
0.3679669006703894
0.3679636133581889
0.3679619182582551
0.36796724961634397
0.36796437399995097
0.3679659852272826
0.3679685562729598
0.36796775112296526
0.36796533294780825
0.36796621477438496
0.3679645709891388
0.3679667795279469
0.36796535936603175
0.3679645489363748
0.3679680588987947
0.3679657055659527
0.36796884582605743
0.36796495742666885
0.36796892233762596
0.3679664642827857
0.3679645812977993
0.3679641887463793
0.36796683463505253
0.367962018845746
0.36796886011656804
0.36796688595656823
0.36796459814325844
0.3679637361296757
0.3679657666467052
0.36796387852456724
0.36796397307372447
0.36797003485537527
0.367967526262573
0.36796778690091986
0.3679647100851259
0.3679666722169625
0.3679642903856933
0.367969346375709
0.36796633968454273
0.36796715710375094
0.36796677889373025
0.36796662672591884
0.36797093693800165
0.3679660205910111
0.36796549138169876
0.36796460468803105
0.3679677822419177
0.3679621825767211
0.3679690629727613
0.3679674299639672
0.3679669161530893
0.36796746704097727
0.36796784852386705
0.36796394665844034
0.3679693401446724
0.3679654518013782
0.36796486343223905
0.36796742483764777
0.3679649975522587
0.36796992816039464
0.3679683805172782
0.36796917627581865
0.36796500716355407
0.36796029536523256
0.3679698128123462
0.3679642429965654
0.36796832314292943
0.3679664201227425
0.36796358424523407
0.36796600671287805
0.3679668809908981
0.36797078959298163
0.3679659660573547
0.36796702819983496
0.36796415237793717
0.36796439504526707
0.3679662725865982
0.36796376619506205
0.3679651244279561
0.3679648628667239
0.3679651321657579
0.3679647594372295
0.3679643945183051
0.36796315527392637
0.3679699093106149
0.36796654080025004
0.3679673011493191
0.3679664731921795
0.367964867571524
0.3679659454884584
0.3679668645923564
0.36796729162033187
0.3679633544886585
0.3679689412783354
0.3679651755396044
0.3679653211951648
0.3679640692934518
0.3679659857190281
0.36796239828286387
0.3679655793682495
0.36796777238760925
0.3679665224865202
0.36796817136087295
0.36796799491476173
0.3679646073216427
0.367963415314745
0.3679690104693861
0.3679653927151671
0.3679653722175109
0.36796577666315716
0.36796704054729645
0.36796634397590816
0.36796187810380104
0.36796316868770884
0.36796533103455215
0.36796836756333606
0.36796737055770606
0.36796486964876574
0.3679688459553233
0.367966507980863
0.36796508920006743
0.3679638927406713
0.3679702289409543
0.367969483593586
0.36796605266413923
0.367962784337552
0.3679662143950087
0.3679641244388071
0.3679672377078922
0.36796728500041903
0.36796737526847084
0.3679656617814243
0.3679644838709131
0.36796693636495315
0.36796698542339135
0.36796492230393896
0.36796748256178613
0.3679653574096103
0.3679672205831381
0.36796435717324955
0.36796616171135405
0.36796733917049607
0.3679654237683728
0.3679644596359596
0.36796615985836295
0.3679682048620195
0.3679655306582706
0.36796767695316157
0.3679672458695905
0.3679648575976653
0.36796679954961947
0.3679660093583733
0.367968616171692
0.3679657502371562
0.36796645913419596
0.36796616332488824
0.3679675851820403
0.3679670001005625
0.36796652627319015
0.3679652106066093
0.3679641797185236
0.3679684605582206
0.36796544195344405
0.36796139371855907
0.36796441468471647
0.3679666820615243
0.3679675910898784
0.3679660752815814
0.3679665041342485
0.36796599492888576
0.3679655249960663
0.36796526956798237
0.36796669174352736
0.3679672714994953
0.3679633283524486
0.3679658931828062
0.3679656514106256
0.36796480997987846
0.3679670626558269
0.3679672422994435
0.3679654420308531
0.3679653770431151
0.3679649958405474
0.3679689297857189
0.3679665991126595
0.3679645097838076
0.3679675395516494
0.3679651112948085
0.3679671998763283
0.36796964984802016
0.36796541859758747
0.36796682896614036
0.36796874788272316
0.3679692935385236
0.3679676077475565
0.3679664738594047
0.3679662005605848
0.36796906768690096
0.3679659661785764
0.36796474941590884
0.3679656957304369
0.3679648311315695
0.36796556510568496
0.36796442646884925
0.3679658476492252
0.36796724280208765
0.36796496229376974
0.36796616468257615
0.3679679330263258
0.3679670884535296
0.36796725357433513
0.3679670902569651
0.3679633378847717
0.36796743375120383
0.36796601328815304
0.3679657947673524
0.3679649156420821
0.3679670689092429
0.3679646827168286
0.36796449344456983
0.3679651334076118
0.3679660099414205
0.36796806550282735
0.36796608364979694
0.36796713933800096
0.36796576903299194
0.3679675562233305
0.3679678463434453
0.36796602899659714
0.3679650412606454
0.3679660199873159
0.367965427645152
0.36796584161798196
0.36796577717154083
0.3679660489233529
0.36796616486484607
0.3679675489408754
0.3679656669927333
0.36796731605856925
0.3679676937017758
0.36796512690727395
0.3679660431655054
0.36796607836269657
0.36796606893389655
0.36796706282730773
0.36796619324402075
0.36796522541881593
0.3679651974740299
0.3679661435103385
0.36796603564136404
0.36796620142438047
0.36796643525862527
0.36796643901938886
0.36796563918111375
0.3679671038750248
0.3679660003036217
0.3679666661531765
0.3679667761596131
0.36796577752684123
0.3679664332565871
0.3679668587642848
0.3679651744798218
0.367965283771248
0.36796654126339745
0.3679673601202726
0.3679662250332955
0.3679667628611633
0.36796592038100695
0.3679658992321756
0.36796638515276264
0.36796709435205205
0.3679646480812559
0.36796619926252444
0.3679657476409006
0.3679662690267687
0.3679654924189954
0.36796737378324085
0.3679667034645633
0.36796685694766273
0.3679660990764905
0.367966157608481
0.36796568572595784
0.36796629442582696
0.3679655091332882
0.3679655282899242
0.36796564790707487
0.36796614405669315
0.367965678690291
0.36796690438081575
0.3679652446851862
0.36796573439419983
0.36796478981974506
0.36796671222323796
0.36796643234850773
0.36796695388557815
0.36796654370570986
0.36796606566466455
0.3679659607882854
0.367966225247722
0.3679673120650822
0.36796631922670514
0.367966129356959
0.3679652400862042
0.3679663173688725
0.3679666867036537
0.3679657169375534
0.3679661022491343
0.36796676147748736
0.3679662510247695
0.3679667204986151
0.3679662605055428
0.3679661993419933
0.36796603728811833
0.36796648660758846
0.3679662686584261
0.36796630875253666
