0.9329474587837163
0.9322155397981388
0.9321621484081459
0.9318336673030171
0.9312398511809422
0.9316289963788614
0.9328785203645386
0.9319560978658654
0.9327935153146123
0.9325380643931558
0.9323809126557783
0.9320131726538533
0.9326040236725516
0.932812075833141
0.9324757621214365
0.9326177792117818
0.9321098580549133
0.9317570794305712
0.9323020058888284
0.9318701519954035
0.9325050307869635
0.932730095749029
0.9321274571790229
0.9322859874825812
0.9323452776656979
0.9325171597049293
0.9331324398159452
0.9322729111618241
0.9323530966620186
0.932431216558998
0.9325673017808626
0.9326389759066833
0.9321789490408926
0.9326397423504054
0.9326548756120535
0.9322682073205543
0.931822505981872
0.9318873735766341
0.9324909896912581
0.9326217078984002
0.9324196588389193
0.9325757599593275
0.9321609280739276
0.932154739900457
0.9324141022115622
0.9321489986403861
0.9324339437803272
0.9322503875306402
0.9326216073619493
0.9320159820814883
0.9323260343415326
0.9325032978139257
0.932552042414081
0.9325386765465761
0.9321031673841895
0.9323688695601186
0.9323441185014338
0.9326433992978765
0.9324736059660088
0.9324844088973808
0.9326727324797086
0.9324391422119228
0.9324054401638121
0.9324213360297262
0.9323762451613024
0.9322693683031015
0.9322011729011856
0.9321996153598955
0.9326094628429259
0.9324105276846835
0.9323018278833625
0.9326346654807152
0.9322707608705106
0.9323330472884037
0.9325309465673252
0.9324187183801002
0.9325256659702973
0.9323209008640002
0.9321136440629667
0.9322688501393787
0.9321147551506649
0.9322230986887745
0.9323576567234272
0.9323196660009496
0.9323809559721998
0.9325525924976104
0.9325233289280108
0.9324501113770021
0.9323795458533594
0.9324414313940707
0.9324306978621316
0.9321610203778797
0.9323377666858093
0.9322531844371973
0.9323164324365271
0.9323445120693478
0.9324184300810046
0.9323444314484782
0.9324884328754602
0.9326259929847726
0.9325846626612226
0.9325257644483849
0.9322872071514011
0.9322421308237977
0.9323487008207074
0.9323456573812802
0.9324127549188306
0.9322866436639381
0.9324817952799567
0.9324657403185239
0.9324819097583601
0.9325319825345261
0.9324042254156933
0.9324506031072024
0.9324194560931137
0.9325469790549902
0.9322050331706935
0.9323774971094384
0.9322806365430347
0.9324135661273234
0.9325685554652242
0.9322964468985869
0.9322767539743465
0.9323660924166799
0.9325020621534035
0.9323771205877205
0.9323222364353445
0.9323659802875954
0.9324639209499992
0.932397249445637
0.9322154768644249
0.9323542333532958
0.9325497829694559
0.9323883506646762
0.9323971454883485
0.9323332271754406
0.932478125839488
0.9323361101867015
0.9324084242128041
0.9323106402271931
0.9323833498531771
0.9324384397114596
0.9324646708023824
0.9322507742661819
0.9323945552868685
0.9323641140441806
0.9323316083080257
0.9321650235478727
0.9323930605228139
0.932324722244628
0.9324039040771935
0.9324574686946749
0.9323624382233087
0.9324215508148546
0.9324922333629613
0.9324156178563131
0.9325244891773986
0.9325054327861976
0.9323211012745465
0.9325150261272984
0.9324706083456745
0.9324569122898633
0.9322870147415632
0.9324461655345573
0.9323498599761999
0.9323212985915504
0.9322663814874215
0.9323448982017004
0.932485144240835
0.9322661283257865
0.9324468114062241
0.9323282305513316
0.9323596896722929
0.9324307626523599
0.932347725949728
0.9325535671555344
0.9323684871477541
0.93243108560131
0.9324816460728196
0.9324492241481117
0.9324195563812171
0.932375581311376
0.9323358402695019
0.9324010648104138
0.9324283961373714
0.9323446810186693
0.9324041045889658
0.9323671068606509
0.9325708493454137
0.9324600685244934
0.9324632956359923
0.9325144070862681
0.932376946142342
0.9323151083065959
0.9324663524310661
0.9325598816653348
0.9323837749836011
0.932361088272053
0.9322319557836843
0.932275819848609
0.9324025849423196
0.9323595368526325
0.9322495015664017
0.9322689811792283
0.9324240603715596
0.9323705423789499
0.9323235126360316
0.9322763744663914
0.9324284197593837
0.932352059459564
0.9323245186900098
0.9323924176287319
0.9323579893839522
0.93228172089285
0.9324251807849542
0.9323894290440953
0.9323895117886574
0.9323950530030101
0.9325860862022913
0.9323466483743057
0.9325953772816207
0.9323797946092509
0.9323462014576508
0.9325007282353268
0.932398887256478
0.9324790982429527
0.932423610616598
0.9324607968668154
0.9324975483263083
0.9323962744324532
0.9322920587620003
0.9324005954993773
0.932469748049166
0.9324875705658185
0.9323621050635138
0.9324571476265315
0.9324521097120702
0.9324175904067848
0.932469964699092
0.932444475412859
0.9324058853577178
0.932434532768319
0.9324528629205823
0.9324328251453707
0.93237522966749
0.9324499094615523
0.9322684302863359
0.932414883031373
0.9324521617177285
0.9324042915098256
0.9323789159163012
0.9323853564116276
0.9322317998367058
0.9323872425230838
0.9323791931127747
0.9323459253236183
0.9323673468205519
0.9324199545034789
0.932447561516035
0.9323324812832714
0.9323538174298618
0.9325473232260416
0.9324179686709912
0.9323745672669911
0.93239338336788
0.9323406235664821
0.9323903948829287
0.9323331591156951
0.9323739427806459
0.9323769705954246
0.9324113528435224
0.9324317628566893
0.9324105878611528
0.9324291128207431
0.9324676364775482
0.9324858964244104
0.9323435781565719
0.9323939848658871
0.9323406491067222
0.9323480384023962
0.9323948360843503
0.9324049246174981
0.9323258157703532
0.9323870789616698
0.9324623710133368
0.9324132829270358
0.9324494515681967
0.932376185044926
0.932179449857251
0.932419077833686
0.9323938946416332
0.9325114108667196
0.9323709906536338
0.9323711163853564
0.932270750633819
0.9323125912580319
0.9324160596139167
0.9324406042055667
0.932345940744751
0.9323304619281924
0.9323861232888412
0.9323278383496683
0.9323143948997642
0.9324003910505618
0.9324998402131436
0.9324430676240101
0.9323774888092011
0.932381590757384
0.9324346280834875
0.9324378502015039
0.9324212502504439
0.9323679058799624
0.9323980606486395
0.9323638508969376
0.9324663954292722
0.9323476574801822
0.9323317740006726
0.9324498195930604
0.9324135666354058
0.9323156028889341
0.9324916136703385
0.9323330700210593
0.9324204034710026
0.9322900225632564
0.9323850136769013
0.9323411365610696
0.9324233078175812
0.9323969593240263
0.9324003399388359
0.9324371931890196
0.9323908034167598
0.9323680958838986
0.9325222404111135
0.9323894458735705
0.9322956950347753
0.9324074345643512
0.9324451286041742
0.9324184351970473
0.9323978705227095
0.9323345892436954
0.932435903153212
0.9323557817405781
0.9324561821519785
0.9324450009795237
0.9324736300049644
0.9324165833400746
0.9324187305358098
0.9323761946273967
0.9323726702692429
0.9324193110677607
0.9324899914428464
0.9323626569685759
0.9323177290909662
0.93235109834921
0.9324174996841209
0.9325058985779647
0.9324525838797217
0.9324057258200064
0.9323988226036334
0.93233389395994
0.9323875517985462
0.9324488736440056
0.9324219185280226
0.932403869868338
0.9324068565846625
0.9323535910974686
0.9324445017605066
0.9323883247883443
0.9324142573726459
0.9323807829061503
0.9324088778087777
0.9324393579621642
0.9323837716721751
0.9323953261248946
0.9324258634684073
0.9323015671562985
0.9323055393356888
0.932448331682165
0.9323929481659319
0.932401030610558
0.9325013533342841
0.932420155218654
0.9324036155589099
0.9323936046404995
0.9324741335422765
0.9323268324081783
0.9324193648909433
0.9324410527481303
0.9323189858066322
0.9323863291137432
0.932318423843147
0.9323633919508587
0.9324353992239074
0.9324456389877585
0.9323946574845204
0.93239342461457
0.9323495373351165
0.9323646890404778
0.9323240753633975
0.9323859644210214
0.93232307458174
0.932513674113809
0.9323860462301377
0.932375495694621
0.9324273357658268
0.9324344500892993
0.9324040646901831
0.9324826692561455
0.9324302141687871
0.9324170203554754
0.9323776536566556
0.9324131561332677
0.932387761757708
0.9324990267926095
0.9323684460731653
0.9323833873454598
0.9324583604512618
0.932359032916831
0.9324708946094381
0.932409030428205
0.9324166501977154
0.9324159174684784
0.9323720455840075
0.9324126076615319
0.9323220925002068
0.9324236618598856
0.932399365973352
0.932451731319423
0.9324280069145605
0.9324178815849634
0.9324117914464967
0.9324965596000633
0.932359369165781
0.9324369168905503
0.932392236651631
0.9324515249901076
0.9323651233585885
0.9324649001665097
0.9324246786940595
0.932422315530863
0.9324211936357404
0.9323283681889732
0.9324454594712
0.9324781035944266
0.9323940446390856
0.932493911622825
0.9323415762995415
0.9324185214661757
0.9324292342666417
0.9323965433552356
0.9324183778365115
0.9323572066347587
0.9324259400208336
0.9324556564046518
0.9323882659933129
0.9323658876273178
0.9323798483695318
0.9323565832195785
0.9323921939410466
0.9322978213858725
0.9323797736917467
0.9324708943887846
0.9323640740357818
0.9324005005845435
0.9323836535540506
0.9324347200611908
0.932386048507992
0.9323102077819518
0.9324172980496102
0.9323139024581422
0.9323722081510607
0.9323501086219831
0.9323969825394263
0.9324098352421035
0.9323539411039835
0.9324171159789035
0.9324337123305125
0.9323595673315344
0.9324374960264169
0.9324337572890319
0.932419666282769
0.9323853305843828
0.9323743220774148
0.9323420008501409
0.9323719704654586
0.9324099726465344
0.9323595879717089
0.9323921529977685
0.932422649736817
0.9324186139916799
0.9323431760773454
0.9323094422357577
0.9323893733690991
0.9324493629813921
0.9323738021724083
0.9324424699341051
0.93236116370895
0.9324105045185622
0.9323967902177097
0.9324126023573479
0.9324065162881962
0.9323496342870836
0.9323681493179702
0.9324288960551143
0.9324016868638544
0.9324003026164415
0.93243303819462
0.9324044199083074
0.932415785983175
0.9324019799303213
0.9323465092218179
0.9324009007463039
0.9323321150341605
0.932386004813925
0.9324195454832926
0.9323444841730574
0.9324294599470151
0.9324194668270634
0.932436973265921
0.9324049004551765
0.9323172115372849
0.9323703172071026
0.93239738992352
0.9323665710770838
0.9324106632780691
0.9323743594412294
0.932349610876502
0.9323828022668745
0.9323699854218801
0.9323931471659869
0.9324160765469205
0.9324205249220983
0.9323890666262629
0.9323984390163667
0.932391166552984
0.9323876311651141
0.9323984207302428
0.9324015074208036
0.9324107297081706
0.9323629110721118
0.9324436608959179
0.9323458940234503
0.9323580067876607
0.9323486419411378
0.9323813726143094
0.932354879560525
0.9323594646227135
0.9324372935702879
0.9324661311818043
0.932433024671826
0.9324013161971049
0.9324248345010352
0.9323988937826881
0.9324228777125445
0.9323639497841892
0.9323594849032543
0.9324652404493394
0.9323903641986584
0.9323863965801902
0.9324629902027746
0.9324150538603281
0.9323700632266527
0.9323488853882401
0.9323716961572274
0.9323073680905769
0.9323428931373503
0.9324146272773894
0.9324456449658332
0.9323847001781318
0.9324294048094216
0.9324306306118607
0.9323917537117675
0.9323944984214195
0.9324643478802304
0.9323867118162398
0.9324024849612708
0.9323935597286769
0.932402780432759
0.9324484314935405
0.9323944548352332
0.9322929087029618
0.932287020693729
0.9324247479970554
0.9324022935910722
0.9324609682658965
0.932451489221926
0.9323921266512248
0.932429202966625
0.9324196750574045
0.9324261262621132
0.9323647362389502
0.9323772843753795
0.9323891167979542
0.9323922638218972
0.9324244353472361
0.9323852720854502
0.9324283826993738
0.9323649982568984
0.9324382995055578
0.9323579671287222
0.9324023425371415
0.932413804297405
0.9323293150391437
0.9323886606466847
0.932354399509116
0.932380039998687
0.9324727610572192
0.9324054014160856
0.9323395542728086
0.9323815659814131
0.9324058831806041
0.932372631295527
0.9323803816251409
0.9323576745931911
0.9323861276050383
0.9323671884806987
0.9324442150131957
0.9323782178210246
0.9324102972141572
0.9323985503105267
0.9323772464190286
0.9324332169599686
0.9323838292496883
0.9324633474351051
0.932402590200683
0.9323825190701999
0.932412366141926
0.9324035271936988
0.93240567154898
0.9324246814250015
0.9323530061451284
0.9324336491393622
0.9324445932270228
0.9324030498464144
0.9324071038872768
0.9323668704725715
0.9324365308705497
0.9323838364304909
0.9324123909798419
0.9324272874755417
0.932425228289904
0.9324027605239599
0.9323703625812961
0.9323692776617721
0.9323827310543759
0.9324026842962566
0.9324514699126157
0.9323970285348442
0.93238348938159
0.9323840665155493
0.9323843907718314
0.9324030953004346
0.9324231362388691
0.9323991277841649
0.9323777180462821
0.932359664365917
0.9324083466008786
0.932430948854679
0.932405246122516
0.9324202665344316
0.9323938054235558
0.932391065327749
0.9323904939961271
0.9323939347912654
0.9324106212013198
0.9323792206641949
0.9324312940073891
0.9323528915435302
0.9323720881705333
0.9323721141818289
0.9323730557861698
0.9323964826957516
0.9323327885672239
0.9324024064387819
0.9323887691980374
0.9323875724427264
0.9323641671521317
0.9324636075173512
0.9324032204037065
0.9324421460528931
0.9323841083670316
0.9323632095659339
0.9323968200748625
0.9324217206820433
0.9323827891424707
0.9323892133092635
0.9323646841007945
0.932398770051239
0.9324457899827983
0.9324256760037997
0.9323907113802101
0.9323863596283727
0.9323714327177673
0.9323763936381072
0.9323905519436833
0.932376172611097
0.9324022378301553
0.9324095168710376
0.9323900239839797
0.9323926011303345
0.9323971425592281
0.9323903657567032
0.9323907444202796
0.9324054843743216
0.9323762763126419
0.9323677613632008
0.9323806203437105
0.9323202429766998
0.9323762054555617
0.9323901388062237
0.9323585978534508
0.9324312595987442
0.9323346027397164
0.9323643079337677
0.9324237269993814
0.9323853957568193
0.9323687246475272
0.9323175300065067
0.9324027167582655
0.9323939512745699
0.9323746546383325
0.9323747938666304
0.9324012540415171
0.9323970158014999
0.9323853962085148
0.9324558961741576
0.9323929094741701
0.9324409131223423
0.9324023131847214
0.9324094366687803
0.9324120267325526
0.9324067171499484
0.9323955604237962
0.9323788077291014
0.9324424276441605
0.9323998714725225
0.9323693156402258
0.9324290632829249
0.9323975532788079
0.9323927269692008
0.9324440305209577
0.9323504340105181
0.9324210803695112
0.9324276576915261
0.9324008924375902
0.9323653598979094
0.9324009860915358
0.9324162537260067
0.9323955137212447
0.9324015226680568
0.932418313006089
0.9324264300323278
0.9324023051470127
0.9324024527314905
0.9323863280356897
0.9323662630743813
0.9323733699343014
0.9323505727724374
0.932415261175017
0.9323916993820581
0.9324230748396327
0.9323814577833116
0.9323844397999099
0.9323915409871822
0.9323640489862081
0.9324121762716224
0.9324317684078014
0.9323868823520077
0.9323933982012146
0.932395374688716
0.9323756287826523
0.9324111686054046
0.932379444828313
0.9324375478329333
0.9324232737358057
0.9323830932781495
0.9324163058710501
0.932391249350164
0.9323807753008677
0.9324244326233817
0.9323654785737358
0.9324490511641823
0.9323797068059888
0.9324060226871314
0.9324075701377602
0.9324064485172148
0.932387301787741
0.9323994355437546
0.9324374481610579
0.9323754512824315
0.9324194456729812
0.93237440820122
0.9324004122714263
0.9324220633351206
0.9324015570583357
0.9323972599445275
0.9323922407505263
0.9324250738637228
0.9323976031570481
0.9324024989794804
0.9323846651825037
0.9324033001235681
0.9323889777320749
0.9324079137274006
0.9324022844500239
0.9323943513234896
0.9324135488830557
0.9323971514018491
0.9323956369726336
0.9323768321010655
0.932393262746152
0.93243928435387
0.9323831447963427
0.9323675575374096
0.9323821253394442
0.9323710856108907
0.9323939167820631
0.9324094798321186
0.932411317255838
0.9323922508319642
0.932374054717366
0.9324025522663016
0.932378113985071
0.932394665686342
0.9323948756672354
0.9324126016816452
0.9323750015467109
0.9323874526154244
0.9323957739384192
0.9323952033724451
0.9323843385486918
0.9323981018962936
0.93242127125429
0.9324419314025657
0.9324003323736506
0.9324226064599057
0.9324089733856917
0.9324144766114685
0.9323858634623546
0.9323715253231825
0.932383358820444
0.932390392568383
0.9324053872415669
0.9324184408806319
0.93239714188916
0.9323788373455487
0.9324181897227932
0.9323738014675237
0.9323793576184999
0.9324363297398275
0.9323953065577485
0.932404798265495
0.9323994614527547
0.9323823194653145
0.9324235232012732
0.9324283890225122
0.9323687070296228
0.9323903678326997
0.9323943904393305
0.9324059913259723
0.9324037372410748
0.9324202287979803
0.9323721647576833
0.932406242597386
0.9324133410069653
0.9323960927909282
0.9324173226004004
0.932391165087351
0.9323870097689189
0.9324152606028985
0.932371135260443
0.9324012182553526
0.9323936140366026
0.9324081641135732
0.9324046726267805
0.9324005547296894
0.9323667167311873
0.9324046072974638
0.9324443058553361
0.9324119922340733
0.9323777671322605
0.9323856191613442
0.9324026538910702
0.9324105226845708
0.9324190037112917
0.9323945914481774
0.932408579558004
0.9323888242891946
0.932377490268729
0.9323934593693206
0.932407067598989
0.9323948375110224
0.9323800305539786
0.9324033926281914
0.9323799330011668
0.9323921884214226
0.9324103171881026
0.9324026923211052
0.9323833925868483
0.9323919587958095
0.9324170769059461
0.9323633951187162
0.932392972117173
0.9323993697364032
0.9323995703457731
0.9323986142771977
0.9323822967548214
0.9323794216762291
0.9323911681532747
0.93241086361638
0.9324141967325917
0.9323986392267841
0.9323914189178573
0.9324014849679705
0.9323918239132647
0.932396531915316
0.9324173440374998
0.9323881623321469
0.9323915165390445
0.9323814219243224
0.9323926043870355
0.9324098348152078
0.9323989655299468
0.932389382872641
0.9323982275313392
0.9324099979265323
0.9323853038702702
0.9324070669388582
0.932397428540749
0.9324090052308626
0.9323917278623644
0.9323936641694803
0.9323965556541414
0.9323940615172253
0.9324053849156276
0.9323755124169752
0.9323789244744634
0.9323981039396358
0.9324001238609889
0.9323969789752966
0.932402692674055
0.93239844154215
0.9323893839428112
0.9323955630594859
0.9324027294684786
0.9324115505446376
0.9324032959944656
0.9324072687381375
0.9323978542031668
0.9323841723645144
0.9324051316600775
0.932393483432928
0.9324008182948388
0.9324037550108251
0.9324031451633072
0.932395211789902
0.9323929772355534
0.9323914908924089
0.9324038367482356
0.9323951471529046
0.9323886163894689
0.932399114246892
0.932393097799048
0.9324021001918933
0.9323988093554737
0.9323996429557877
0.9323960140496851
0.9324029008734206
0.9323952277184995
0.9323915969688144
0.9323988364607289
0.932389810435515
0.9324012900844129
0.932402626835318
0.9324000217384492
0.9323901808607786
0.9323833563001678
0.9324049545221853
0.9324012787667423
0.9323916146765723
0.9324074297076981
0.9323918203301029
0.9323970835214083
0.9324002972443693
0.9323964361952789
0.9323948235610399
0.9323955690918254
0.9323932367571474
0.9323980506144776
0.9323955223501702
0.932397198946436
0.9324041452353177
0.9324015711247783
0.9323940725116813
0.9323944815480903
0.9323975850687448
0.9323984662041738
0.932396822195471
0.9323958896692269
0.9323968380131163
