0.43052549090464864
0.43258332228841284
0.43193147266663773
0.4314182265037336
0.430794195802893
0.4305972083549294
0.43157790684312475
0.4311712940778447
0.4312069319039345
0.43136550552323105
0.431344919240912
0.4315011378974616
0.431663525214421
0.4310808334007984
0.4321978070131573
0.4315922114126393
0.43146520970069396
0.43073348494953845
0.4317600849518618
0.4316058518247343
0.4316661322452233
0.43204656930131113
0.43174613886131746
0.432010274747701
0.4316448971571883
0.4313779640343832
0.43153387566412293
0.43149116824565453
0.4315731836215832
0.4319951921629101
0.4312174877238252
0.43216929805108856
0.43158940871277374
0.43188351712171535
0.43197058456052
0.431022321727218
0.4312519563661373
0.43159878638646815
0.43123950858744603
0.4316844180174289
0.43203802662036994
0.4318733102126751
0.4315631784094493
0.43164449084108836
0.4317154169149163
0.43172219003217804
0.4317681770351589
0.43127602113002483
0.43175096636342786
0.43182036269508334
0.43178759147255713
0.4318534987975811
0.4318828390409284
0.43126771804514263
0.43145006821590287
0.43192089612449625
0.43134137926841504
0.4315546421765977
0.43122665116737674
0.43164659168587577
0.431505649961652
0.43167316847737663
0.43139925510490745
0.43125637237099657
0.4315650926829563
0.43138333200923873
0.4312805020336903
0.43164070693207796
0.43172956040106025
0.4316158308872626
0.4312377355402657
0.4316812273110923
0.4310690817086162
0.4314341971016131
0.4316382799966741
0.4320398123829781
0.4316757692949339
0.4314761627187407
0.4315085767054001
0.4317252821555162
0.4316371943766384
0.4318407488152233
0.4313470184136318
0.43169651505888323
0.43138472347307133
0.4315918773363516
0.4318324902436457
0.431273110904106
0.43165929379905954
0.43162160158312957
0.4316507806624009
0.43160491159970416
0.4316861969013721
0.43175250290423656
0.4313505008670199
0.43155697140485016
0.4316905063582557
0.4317446365591788
0.43144425222184773
0.431618007635532
0.4315787787322335
0.43150667662822934
0.43169268361518526
0.4314697551464522
0.4314297043655925
0.4315346210043291
0.4314748575108857
0.4313292469269111
0.43168032754958147
0.4317608818914212
0.431786413020726
0.43159033403629254
0.4315071182483778
0.43152652727981866
0.43172113343772117
0.4315577681509734
0.43136658922848675
0.43165948416785993
0.43120666779229677
0.4316016142932467
0.43171292565700986
0.4314106233277396
0.4316756246857327
0.4317178561669787
0.43164958889764604
0.43164703516540687
0.4311979227911185
0.43156400713204984
0.43165669686793273
0.4318183817234052
0.4316827329316734
0.4317697293989855
0.4317127790907827
0.4320102872727316
0.43159682083485806
0.43135444116544996
0.43155528715322516
0.4315526140091284
0.43140047071487314
0.43171968599029154
0.4318682643051255
0.43148109377489746
0.4313999794484252
0.4314382404089363
0.4313733547407055
0.43181150501459403
0.43152687485216873
0.4317122563460762
0.43141805891079704
0.4314998782369003
0.4316534221526601
0.4316691475556615
0.4314861919727745
0.4316260114067288
0.43179499460913484
0.4316247810179124
0.4316098721027218
0.43172465075698735
0.4315207414990534
0.43165283991587167
0.43157155276796355
0.4316477142778371
0.4313265371292611
0.43167341085250155
0.4316831833164747
0.4317112108390574
0.431546144476721
0.43147369905361505
0.4317669755005007
0.4315477986432522
0.43148499181796324
0.4315748175868304
0.4316797383917491
0.43166869300315247
0.4317306901603608
0.4315221291513393
0.43183811945828654
0.43143059032529574
0.43155865904373886
0.4316773684869416
0.43168118093914115
0.43166690143583064
0.43149412627114614
0.4316725377152357
0.43168090823345784
0.4316143626009137
0.4314386657782305
0.4317752794004217
0.4316435572529688
0.43156382121844883
0.4315638219272877
0.43161021523465415
0.4316713414798634
0.4315906248475065
0.43169657125233873
0.4315184679793355
0.43177437875855673
0.43160054182559554
0.43156900384763874
0.4315692062437472
0.4313423037125174
0.4313330780817359
0.43150880607467035
0.43160726574091357
0.43164637567375946
0.4316349055044043
0.4315242549231516
0.4317808895541739
0.4316515293896728
0.4314863976100762
0.431645458995388
0.4316558817549987
0.4316931371960769
0.431546645708088
0.4311695258782827
0.4316175802514854
0.4316471423366515
0.43162108569483026
0.43157210454551675
0.4315137861668147
0.43152988316371776
0.43130537896862586
0.43165221960534844
0.4315198743623481
0.4315185736430807
0.4316042411739305
0.43161688738630155
0.4314547139748474
0.4316358818016304
0.4314569139212219
0.43160067795902096
0.4314073088084024
0.43149595440985095
0.43162131248558333
0.4315732390314881
0.4312885965182578
0.43156658626646405
0.431585175100292
0.43164179130490227
0.43153362323719063
0.4316450292946358
0.43159331285121905
0.4315725917837162
0.4315491659916036
0.43141496409331503
0.43153198287591615
0.43146148794370265
0.4314920750435791
0.431556540943795
0.43150213666329973
0.4316017169700968
0.431611092966151
0.431611696813829
0.4316904194341545
0.4316477184312567
0.4315996515902039
0.4315874816996225
0.43148840889167794
0.43137531205838475
0.4315805436135817
0.43157880621906614
0.43155692737668905
0.43148556100186963
0.43147014508983783
0.4315730451090846
0.4315688520282868
0.4317141031612606
0.43150713758815185
0.4314381905510141
0.4316089842535588
0.43157202586626736
0.43187650068883693
0.4314238869079262
0.4315514608381969
0.4314786824728545
0.4314665860030008
0.4315602792548644
0.43159204473327484
0.431640802758047
0.43172084528188087
0.4316797797762882
0.4316944499501451
0.43156418138328456
0.4315605920373989
0.4315740761804065
0.4314787487626607
0.43152319797975824
0.43146010161612186
0.4314200166036401
0.4315430026915451
0.43166894912874065
0.43150496670350075
0.4314979442173402
0.4314956962615969
0.4315012454526808
0.4315190233301601
0.43148323171718456
0.4316112581847866
0.4315571947168478
0.43161121946226483
0.4316578615109188
0.43144655166470947
0.4316478427299544
0.43162124556665565
0.4315562222657679
0.4315107974950173
0.4315001190511893
0.4316075909882503
0.43169402702045645
0.4315582505577619
0.4315697078214419
0.4315258213833518
0.4317291678708828
0.43162432461376266
0.43154654500820744
0.43163965063009274
0.43162734635624794
0.43163561020364694
0.43169115882257164
0.43151333399131364
0.4315267198152686
0.4316550141763468
0.43151291397424846
0.43147719640548504
0.4315196199122323
0.43175371134404233
0.4315191711273919
0.4315306515051457
0.4315929067141675
0.43162000920504395
0.4315183624047522
0.43156431998770356
0.4314363962896012
0.4315530162405813
0.4316598820729238
0.4313536203502051
0.43157945124109837
0.4315641838378159
0.4316438260270601
0.4315038921749624
0.4315986144825482
0.4315010046890793
0.4314353275788944
0.4316538755055457
0.4315234750701417
0.43152839338260257
0.4316313616040792
0.4316871637088876
0.4316962798335132
0.4316293907116013
0.43150595699818406
0.43156358138568346
0.4315745499787105
0.4315999671015757
0.43154563379495814
0.43157937735696916
0.43160503529490263
0.4314355181627029
0.4315885594631647
0.43155649368628085
0.4316107451512201
0.4315593417514753
0.43160177657475307
0.4314582170701395
0.43152533150111305
0.4315637832812394
0.4315653087946058
0.4315570710043207
0.43169979117209023
0.43161500037907297
0.4314938066642665
0.4316272059734788
0.43147045469835177
0.4315491950797608
0.4315280546201915
0.43156847243906316
0.4316243923809839
0.43145334327779267
0.43157507915771665
0.4315767042317311
0.43160304740478633
0.43153392392204787
0.4316626441952476
0.4315721386018115
0.4314723519014351
0.4315909157406948
0.43157167953170056
0.43165541913411526
0.43147876942845126
0.4315556005429464
0.431598443091771
0.43149292913263615
0.43154703274172396
0.4315584966706524
0.43154971426928235
0.4316409666897436
0.4316224831879947
0.4314913321393643
0.4315790902315794
0.4315519457893767
0.4315583069019525
0.431451255567529
0.4315161662191345
0.43154023251493984
0.4316063540912329
0.4316190950321291
0.4315166368669066
0.4315276677928271
0.43154676144736215
0.4314194499915755
0.43149790871416716
0.43157355130031244
0.43157990104327126
0.43151402464319644
0.4314978190645207
0.43158483162957445
0.4316271855227178
0.4315605511388669
0.43165047236874327
0.43169005451241055
0.4316635458752893
0.43156800752214713
0.43157270172873125
0.4314837202600769
0.4316436481293733
0.43167335061999557
0.43147541313217036
0.4315883939830642
0.4315496154110455
0.43147945109131214
0.4316750188668901
0.43169652131836367
0.43158878265891915
0.43158550126808487
0.4316102741046221
0.43152446066470923
0.4315977574389112
0.4316061798881958
0.43155068322485396
0.4315964558074186
0.4314596617205276
0.43155229818974467
0.4315925532403994
0.4314905298399794
0.43160503098390307
0.43159726371626084
0.43167307043994096
0.4315662653954795
0.43150993684665734
0.4315469474311869
0.43154419445644343
0.43148531599759227
0.43148099396573364
0.4315124736308566
0.4315004790570588
0.43156895700119774
0.43148779253253117
0.431433834888594
0.4315586214705376
0.431597734117238
0.43153034031991927
0.43148988504015895
0.4315298137474254
0.43148254405129155
0.43160358687698536
0.43160960269481374
0.4317225367513296
0.4316047983285782
0.43156879977836243
0.43159664143870924
0.4316178388928815
0.4315936578930511
0.4314820991363094
0.4316345867205136
0.43160287923050783
0.4316077112319803
0.43150957327974077
0.4315637175748034
0.43160805256860596
0.43151894676976665
0.43170138483679305
0.4314367347546583
0.43161114277560864
0.4316290112833769
0.43156137847937
0.43156859441882844
0.4315465965650876
0.43161800255166943
0.4315474881776314
0.43161467632536077
0.431574306014586
0.4316292481218361
0.43155628243165595
0.43148778319499786
0.4315964391602483
0.43149933571075616
0.43153594211934376
0.4316237427428896
0.4315738945989977
0.4315514145359496
0.4314234589365769
0.43152934335850124
0.43156389410650225
0.4316065839939105
0.4315380902997216
0.4314867514338717
0.4314609239235112
0.4315417411369287
0.4315387230009019
0.4315628931685623
0.4316373759951397
0.43159100299113434
0.43160961583203705
0.431545562650051
0.4315053708474863
0.4315429824209358
0.4315357528503622
0.43154074036828305
0.43157544140127974
0.4315636616837769
0.43156359912927267
0.431652725702045
0.4315560745390856
0.43157270785349183
0.4315131162607694
0.4315504116642261
0.43150256833459516
0.43161709097602124
0.4316187757328633
0.43155901923211903
0.43161609871345136
0.43154515643587754
0.4315733754448146
0.43154229442495423
0.43150658830176664
0.43155733053449574
0.43148183895170306
0.43150075628719486
0.4316112557059529
0.43153965245645975
0.43156215797576825
0.43150096672099963
0.4315617770520199
0.43165285718143404
0.4314910098965729
0.43162115445702376
0.43154143367812003
0.4315667868717084
0.43153977759947837
0.4314705524243332
0.43151061485749714
0.43155834653671393
0.4315467200369592
0.4315268432815731
0.43152856016017616
0.43158559061148144
0.4315506407744887
0.43155948323915816
0.43152245441139714
0.43151387623566634
0.43158832965420535
0.431561083942197
0.4315088142733612
0.4316215997785591
0.4315756187144871
0.43156066020276485
0.4315700022376331
0.43163966623739597
0.43157725276972814
0.43155317103949464
0.4316008491140437
0.43150724283445435
0.4315901600063501
0.43155365521012645
0.4316255596187995
0.43157945075861154
0.4315421868521647
0.4315510485420926
0.4315654534575955
0.4315565337347157
0.43147833827201376
0.431511932814799
0.43153937725906405
0.43153359334873076
0.43147021665031443
0.43153934031722146
0.43155775516369793
0.43158933453327564
0.4316182517550274
0.4314948695632651
0.43156919010620803
0.43157294768216886
0.4315447511149875
0.4316191698702487
0.43158018876845716
0.43154672103207015
0.43156300561182354
0.4315279520857729
0.43157855759965524
0.4316243428609073
0.4314996513608772
0.4315100917233987
0.43154100014444813
0.43152591188185535
0.4315882956960542
0.43154049037333136
0.4314768749555563
0.43158446354801744
0.4315994254191919
0.4315250719844139
0.43165313505801933
0.43155364857543643
0.43155455415071464
0.43161982146177913
0.43149486671012055
0.4315215917736994
0.43154830653897935
0.43159405741746876
0.4314537875410326
0.43154712627968594
0.43153643398672287
0.43156363922918733
0.4315868002527558
0.4315368924684273
0.43157002135139555
0.4315877381437986
0.43158953772909014
0.43154254791139685
0.4315401396680905
0.43153349106743427
0.4315432783468359
0.4315027098686776
0.4315590934228743
0.4316154243802608
0.4315665976986
0.431493787053814
0.4315938473408943
0.4315764165309465
0.43157102414100373
0.4315263998933855
0.4315642809812809
0.4315671417829795
0.43151431365108184
0.4315423035112351
0.4316094745130091
0.43157511289266304
0.4315328988062378
0.43162672478366804
0.43159149022723725
0.4315928724669951
0.4315904602044704
0.43157754769397844
0.43156769997907196
0.43165960958370203
0.431599217363594
0.4315070162072379
0.43157740464063227
0.43150251744292634
0.43155813724834097
0.43162803622685714
0.43157046098669044
0.4315920465660392
0.4315309886702844
0.43150213587657144
0.43154400679145594
0.4315394141476413
0.43160731465554736
0.43157027565368783
0.4315834812181024
0.43156713590380885
0.43157295669558843
0.4314909512358912
0.43153381501894245
0.43159693585069053
0.4315499473364628
0.43160751087057325
0.43151103452126827
0.43155008680521095
0.4315575464275621
0.43155797070738827
0.431558935700646
0.43154980922214664
0.4315613415304552
0.43153898346313235
0.43157001921497806
0.4315303983037249
0.4315725212113826
0.4315934412627289
0.43153124971880324
0.4315866459523044
0.4316120081914843
0.43160076765638944
0.4316149338874848
0.43154951552470555
0.4315099483866815
0.4315706905222331
0.4315467865370701
0.43156239183752887
0.4315579445025621
0.43156334654829326
0.43161104201444805
0.43153263441908357
0.43156296429533425
0.43157090055940833
0.43154151699478854
0.43155377586739124
0.43159601247874746
0.4315617966528725
0.4315667416336448
0.4315500069228734
0.4315793614239086
0.4315192083392112
0.43157725598492713
0.4316133277544568
0.4315428803582351
0.431512054210497
0.4315836641514221
0.4315311425522322
0.43156230886989105
0.4315473579702978
0.4316097523708607
0.4315603491914413
0.43159973726316336
0.4316041213326754
0.4316019780931787
0.431603287322416
0.4315171335312544
0.43157073245954364
0.4315724260991973
0.43154076951010495
0.4315295407208278
0.4315861826195822
0.4315180985770572
0.4315538654212952
0.43158256566331976
0.4315589684415254
0.4315790947391799
0.43157396208858056
0.43155457934118274
0.4315445797846124
0.43160987324130445
0.43155049120972183
0.4315582991552848
0.4315547167947421
0.4315614444976358
0.4315783429482896
0.4315745015878374
0.43161355129959594
0.431569343264001
0.4315748375041798
0.4315480640531009
0.4315408494213956
0.4315307304353757
0.43156577073109564
0.4315330610403051
0.4315267756483232
0.43151771794965815
0.4315383778551527
0.4315351162139593
0.4315579182440364
0.4316185771464264
0.4315457886501318
0.43157619522186713
0.43151528275391177
0.431584137165219
0.43160530090681776
0.4315224066897514
0.4315792438106281
0.43156385062725255
0.4315646523387373
0.43153295386391366
0.43156816889181654
0.4315892375371395
0.431565075556619
0.4315330251343951
0.4315666265109594
0.4315787050052893
0.4315860247751798
0.4315584946995534
0.43158133216754957
0.4315651397115251
0.4315644084598228
0.43154859380610094
0.43160791218953826
0.4315295158048958
0.43159244160047117
0.43160134090526137
0.4314922805609719
0.4314979371827228
0.4315917426869459
0.4315833918489168
0.4315180728936904
0.4315639082571175
0.43158016741173205
0.43158755901452495
0.43156771412174705
0.43152492152592276
0.43155717827160506
0.4315845876092677
0.4315823741651583
0.4315532758964526
0.4315357348725866
0.43157953738066734
0.43157147755865205
0.43157236929382653
0.43154173432177684
0.4315751169210916
0.4316143420895758
0.4316211563239101
0.4315066712571089
0.43153261501260504
0.4315513857324753
0.4315770193606495
0.43157369172408344
0.43152437621468226
0.43156339960414386
0.43155294509384023
0.43156986050892454
0.4315724208808306
0.43158691791266474
0.43151377708268435
0.43153918290188464
0.4315824002289536
0.43155819615358243
0.4315597332915404
0.43151490658021047
0.4315521966981155
0.4315846138392969
0.4315526886906468
0.43157148190147293
0.4315788714197875
0.43156940353086964
0.43157663795138707
0.4315930210299539
0.43159545343462824
0.4315667100915445
0.431556757964579
0.431547792187398
0.4315606924460912
0.4315824267476196
0.4315865316389515
0.43156628050509527
0.4315593840965209
0.43157315158301773
0.43154801941333226
0.4315661153883408
0.4315639243568499
0.4315257602049247
0.43155363299327454
0.4315644220673757
0.4315409336367673
0.431630114134467
0.4315679757812298
0.4316019447932339
0.4315576015946342
0.431586113050644
0.4315757617833659
0.43158964250689513
0.43160703568136066
0.4315528989165074
0.4315732530820462
0.431576707234124
0.4315910126621706
0.431595334208329
0.4315819831297488
0.43155741796524255
0.43154788156946977
0.4315486668536703
0.431604130618892
0.4315733184923345
0.43153179291989435
0.43156101822166637
0.43153166723464453
0.431574679468667
0.43156025596511666
0.4315564064269933
0.4315932308209944
0.4315804088793602
0.4315918408780061
0.4315540703005043
0.4315572344233116
0.4315364547102875
0.43154363069377777
0.4315598422596192
0.4315520149320736
0.43158659474257066
0.4316045735923953
0.43157339712496967
0.431571869581583
0.4315605228500297
0.43155364901333926
0.43154784386648337
0.4315377080748822
0.4315693101066212
0.43154742849228667
0.4315661693721862
0.4315520345471883
0.43155926379941323
0.43158207456148595
0.43157896608560375
0.431576707047991
0.4315724034799185
0.4315877369928865
0.4315837516484415
0.43156450724632023
0.4315719330650779
0.4315521064310682
0.431571389515357
0.43156922179666163
0.4315755128004213
0.431567552427365
0.43156666917187575
0.43158249742617744
0.43155854625300144
0.43155691250407946
0.4315488238439736
0.4315837022706658
0.43156997919071616
0.4315631516948785
0.43154669894411374
0.4315725577231926
0.431538035230589
0.43156437838438416
0.4315773886288255
0.4315754463654102
0.43153591910888756
0.43155539278381494
0.431548885349147
0.43156970930866057
0.43157775002900517
0.43155579350999734
0.43157264706506576
0.4315725429892526
0.43158043711838606
0.4315465658418507
0.43157718327684813
0.4315568711329741
0.4315564918734738
0.43156772528292847
0.4315561805956131
0.4315728510049651
0.43157809229080524
0.4315686855759126
0.431571158983203
0.4315909071311678
0.4315763482023106
0.4315686509017696
0.4315643172160482
0.4315775511744527
0.43156234775781505
0.4315596631806793
0.4315580549739488
0.4315814113183641
0.4315863738091227
0.4315759899764438
0.4315572599650587
0.4315670865836497
0.4315681999328827
0.4315798115656544
0.4315618915080298
0.43156881212908793
0.4315542935687721
0.4315460046351537
0.4315693954745777
0.431570997146897
0.4315524031818929
0.4315582506159789
0.43157062208401814
0.431564931367428
0.43155211557772144
0.4315624421706648
0.4315540901314814
0.4315761193444774
0.43155254278455507
0.43155710198749386
0.43157718776710774
0.4315752582043602
0.43156449746439374
0.4315672951408496
0.4315666617471335
0.43156041443320065
0.43155633371068797
0.43157126496253634
0.4315724231643161
0.431567986963568
0.43156169415227197
0.4315743068959994
0.431563441538649
0.4315697339045139
0.4315672295123539
0.43156592011999584
0.4315553206330468
0.4315639656106613
0.4315718746796283
0.43156979206065915
0.43156224422135875
0.43156452369781445
0.4315649703097374
0.43156353860235996
0.43156478053030295
