2.7715514054976547
2.772143621389515
2.772641297022277
2.771251521595472
2.7718579333577513
2.771251156640643
2.77134607956155
2.7715820466668535
2.7715133508762624
2.7708599551148634
2.771051393034449
2.7713238283517123
2.7711739700534657
2.7711882732649085
2.7715168720796166
2.7714797533850324
2.771357461021808
2.77146844030596
2.7711755978337163
2.7715173157603217
2.771182821540069
2.771467231157112
2.7714770674833726
2.771227047087294
2.7715310229067063
2.771410833143896
2.7711509663050498
2.771505016155472
2.770899815137366
2.7708305286244608
2.7711795059644064
2.7713087165613737
2.7714507187706077
2.771226850576498
2.7713477344094346
2.7712894641433223
2.7714027452416667
2.7713480330326608
2.7713025169612076
2.771188262970822
2.7713677927704166
2.7711493403254694
2.771123598540353
2.7714921698115558
2.7710906250914604
2.77156194295567
2.771171837204495
2.7713346772757994
2.7713260277784615
2.771325938418807
2.771168845953071
2.771184402388946
2.7712382299009333
2.771271505221345
2.771281306225682
2.771281016719081
2.771244491361662
2.7713671069659847
2.771263154632005
2.7714158750159092
2.771508560784888
2.771409001044306
2.771232263065688
2.7712626703123417
2.7712862022771128
2.7711584025612472
2.771221542020262
2.771397128795705
2.7713867518548256
2.7712850934922493
2.7713824793861135
2.771260375596491
2.771076281150084
2.7712397069091805
2.771319628410461
2.771266553797918
2.7713554190950505
2.7713113393647584
2.7714545590054813
2.7713244468987437
2.7713376516087456
2.7713382835163123
2.7712129052862604
2.7712304292078778
2.7713438588726493
2.771289177323094
2.7712588110549268
2.7714133732545734
2.771356705407171
2.771218445704975
2.7712901082732992
2.771331428320249
2.771371180695308
2.771262154413334
2.771349634188898
2.771298370256495
2.7713406492687245
2.7713571238809513
2.7712514046759154
2.771295138676287
2.771256630526702
2.771268719461807
2.7712784712677747
2.7713322771827413
2.7712881099339737
2.7713889453417155
2.7712285544963606
2.7713306582501516
2.7713134128105854
2.7714246458101015
2.7712863395713385
2.7713406427966176
2.771448942884888
2.7713391522449813
2.7714125157350122
2.7712391724015784
2.7714048223664207
2.7713587580851033
2.771322458466568
2.7712374038552188
2.7712856926315808
2.7713919845239876
2.7713189807544114
2.7712904593307712
2.7712695811999
2.7713526477029737
2.7712155518717396
2.771320694007599
2.771333763073762
2.771228679693504
2.771163625205479
2.7713421368685007
2.7712468192396758
2.771285887090167
2.7712494449075535
2.7711970049597023
2.7713149779695274
2.771254171632071
2.771217649889345
2.7712272762215533
2.771268404450884
2.7713516685083195
2.7711983445276185
2.7713415785062105
2.7712014865345007
2.7712475691405563
2.771346120006891
2.771230150385063
2.771344349524902
2.771259856451818
2.7712463611289313
2.7712016109273305
2.771293110115154
2.771260455595466
2.771156298609003
2.7712368556838434
2.7713544440487765
2.771293844831016
2.771461862007324
2.771318884431466
2.7712383561562137
2.771185846859686
2.771261766223656
2.7712637718248376
2.7711892330289194
2.7713492892017952
2.7713325117829837
2.7712809029936394
2.7713345089221297
2.7712777578761503
2.7712733381490535
2.7712496042931214
2.7714201622178045
2.7712661716144646
2.771344750311948
2.7713369958795826
2.771403087129336
2.771233404522256
2.7712734292979975
2.7713122207984697
2.7712653284302484
2.7712922596691367
2.77130371945493
2.771286394857497
2.77130928756253
2.7712503290773864
2.7712522848338303
2.771219889363947
2.771192663848241
2.7712905643713515
2.771367473637624
2.7712776844896596
2.771243370836882
2.7713753256349674
2.7713114417378146
2.771277068324554
2.771304449337573
2.7712274031114577
2.7713281639646405
2.771286529139129
2.7713759195326593
2.771289470605508
2.771245976160603
2.771214429501506
2.7713704618154438
2.7711672128803118
2.771194563144518
2.771272270580023
2.7713571125110246
2.7712867894432143
2.7713263716533785
2.7713248101740353
2.771267193097587
2.7711628231225185
2.771291592521987
2.7712650785475974
2.771324782242203
2.77128351027873
2.771278061937749
2.7713288762906334
2.7712889829051988
2.771269161824478
2.77130133355945
2.771284792557884
2.771248602286465
2.771253032190899
2.771264014178663
2.7712927605142514
2.7713131679992324
2.7713587501182
2.771325985636098
2.771208297952514
2.771274568265731
2.7713977272425074
2.771343013008236
2.771412140040215
2.77129515968823
2.7712827626765266
2.7713376530176257
2.771214168967729
2.771196958706991
2.7712613080934374
2.771284012901054
2.7712301321447796
2.771360038792248
2.7712401180900437
2.7713225586594867
2.7712639926812233
2.7712408478336554
2.7713530844696455
2.7712213008818862
2.7713320373322383
2.7713641476013624
2.7713504799625537
2.771339503010989
2.771334232154804
2.771293497736481
2.7713220438697594
2.7712917628002534
2.7712694984763795
2.771292018942787
2.7712769860560873
2.7713416664779134
2.7711841418343504
2.7713356187957636
2.771289450097659
2.7712698685663657
2.7712538263720967
2.7712897669912544
2.7713035699713857
2.7713425247993295
2.771312042591709
2.771277226303603
2.7711909777484425
2.771318118990724
2.7713040581411827
2.7713699741202418
2.77133603545946
2.771317102011689
2.771370870833975
2.771336483719815
2.7712744168828465
2.771288946870466
2.7713199956268046
2.771374251645297
2.7712326786390302
2.771347363734063
2.7712935489173107
2.7713288079412393
2.7712305236894816
2.7712705743438293
2.771238278841227
2.7713913149457783
2.7712512100533
2.7712771030238974
2.77126998370127
2.7712795823439165
2.771343985529678
2.771370908684037
2.771181904700608
2.7712964464204224
2.7712341375949485
2.7712339227798455
2.771227331198022
2.7712811049527835
2.7712447962123514
2.771286707565291
2.7712793910346543
2.771413546911562
2.7713289695925463
2.7713024618641207
2.771266250693228
2.7713298985526293
2.7713205704384483
2.771190131727184
2.7713132326947125
2.7713036134845637
2.771305464964545
2.7713483491994038
2.7711937548687526
2.771242084012346
2.7712957993980454
2.771350168617676
2.771290056687943
2.771387636291273
2.7712949966609712
2.771330700111815
2.771286239197381
2.771359189229703
2.771323130373015
2.771324687455934
2.771251479337278
2.7713015084187935
2.7712363314864077
2.771219752676419
2.771220785935457
2.77132179863839
2.771306439825186
2.771269327546675
2.7712871239816828
2.7712833799896077
2.771340879811463
2.7713094669295586
2.771203538914607
2.771262378242335
2.771287006087797
2.771286692766052
2.7713269987163045
2.7712818434557294
2.771251869666701
2.7712879930194356
2.771378943693275
2.771234335678067
2.7712513327430486
2.771293778177049
2.7712767520283874
2.771287314645387
2.7712921716854244
2.7712864139555875
2.77128169023605
2.771312528832823
2.771319448424418
2.771275941979714
2.7712689876235532
2.771260815551929
2.7712868574248937
2.771251658614132
2.771353881499884
2.771293699330989
2.7713451690414757
2.771350470818698
2.771262243367739
2.7712231658450643
2.7712363912837894
2.771214745019205
2.771235892959254
2.7712656513164604
2.7712832003128867
2.7713455420665443
2.771278665105332
2.7713127947460454
2.771392280570994
2.7712748901131623
2.7712742444918863
2.7712787618610926
2.77133311497746
2.771262844576038
2.7712799033434408
2.7712704254595484
2.7712687824748374
2.771290577739143
2.771312344498644
2.771339090492939
2.7713068746433462
2.771301458505611
2.771214658710455
2.771305453198076
2.7712651784627305
2.7713420621680975
2.7713626716931308
2.771303337570573
2.7712973846675886
2.7713160656143696
2.771250448476267
2.771245480047998
2.7713166188347103
2.771262797037582
2.7712786374002745
2.771299232331148
2.771366870087116
2.7712945234065613
2.7712381121569436
2.771206549115818
2.7713113114246806
2.7713259488569864
2.771289802884607
2.771351637930469
2.7712642531858576
2.7712668013795856
2.771262850657985
2.771292667341485
2.7712771806289376
2.7713199668019968
2.771231227641566
2.771285978433814
2.77129896296677
2.771252373835394
2.7712716066936602
2.7712919090024317
2.7713220192811368
2.7713213801101912
2.771256998434398
2.7713526019124046
2.771302678830853
2.7713082932583433
2.7712549702454417
2.771294594492271
2.7712402359812898
2.7712884171577445
2.7712773194890667
2.7712646252823645
2.771318565023089
2.7712613916585656
2.771295664961401
2.7712965788117976
2.7712813489576766
2.7713239004571593
2.7713171035099067
2.7713042512747785
2.7712401013635892
2.7712751567077474
2.771289455168507
2.771309282510817
2.7712900774710287
2.7712983966569245
2.7712688379693136
2.7712338826897946
2.7712606234417456
2.771329848304125
2.771260116218483
2.771254495649191
2.771321235172195
2.771257041336756
2.7713089711683985
2.771287804558098
2.771341353248389
2.7712893661627813
2.771327588401858
2.7713275910675956
2.77122941717237
2.7713316828335373
2.771317018499181
2.7712764888789314
2.7712446255726375
2.7713200461764322
2.7712694746276036
2.7713212071769218
2.7712268076741515
2.7713342347436143
2.771346228874651
2.771317714063338
2.7712303877236586
2.7712567819432956
2.7713158244211056
2.771340691374917
2.771300716804474
2.7712974982914536
2.7712920347091465
2.771270727330996
2.7713020074531074
2.7712692997184254
2.771244190240287
2.7712695510254677
2.7712817868507442
2.771327256447105
2.771287360253269
2.771220688261459
2.7713116135102958
2.771283777903256
2.7712658592679444
2.771231231646434
2.771299023022294
2.7712847004723984
2.7713094161537994
2.7712886308817337
2.7713039738735565
2.771263801463282
2.771270061321761
2.7713121401769167
2.771279919822904
2.7713061710069535
2.771270242169364
2.7712648663317663
2.7712990188113533
2.7712993653745412
2.7712752265207317
2.7712812135305533
2.771292561357087
2.7712822379811843
2.771262715138034
2.7713344151571886
2.7712914652571077
2.7712846613834308
2.7712493182671443
2.771294977972105
2.7712699580347393
2.7712842702537035
2.771289220493687
2.7712683320689693
2.771312418618974
2.7713047909667474
2.7712709904901143
2.771296578224994
2.7713542851034085
2.7712684748763627
2.771303111442293
2.7712506531560326
2.771280477774021
2.7712380329105133
2.7712760805893573
2.771291795686729
2.771261705782975
2.771298219549993
2.7712591918748464
2.7712859030156816
2.7712615281212076
2.771318441858807
2.7712727014244085
2.7713300991042895
2.7713068022620453
2.7712762881596538
2.771287286376848
2.77129099322943
2.771308882238808
2.7712880906913595
2.7712849014957834
2.7712936893244065
2.771296911506331
2.7713326435666645
2.77128968710334
2.7712949651451395
2.771283595158322
2.771296125270024
2.7712455173857307
2.7712793588884437
2.7712903879006685
2.7712830187611877
2.7713010979017643
2.7712664995993284
2.7713134180671157
2.771309920242795
2.771315190949682
2.7712918415327183
2.771309437995973
2.7713035399826267
2.771312049675801
2.7713092624473545
2.771294518031227
2.77129150483805
2.7712793413599903
2.77129683952064
2.771305147190298
2.771261713210824
2.7712730878847562
2.771248137212987
2.771283140942067
2.7712730665171534
2.771319904641491
2.7712912417715287
2.7712663476906294
2.7712639354695754
2.7712899422177237
2.7712814960108423
2.771261054926608
2.771281653455113
2.771274649374063
2.7712831631449197
2.771287364209683
2.771318559970317
2.7713038607692817
2.771314305170206
2.7712592963547764
2.7712710114293864
2.7713037662590803
2.7712770345293434
2.771293470182372
2.7712643265818317
2.7712730652960134
2.7713053117590483
2.771286295651603
2.7712743192836045
2.771314572617703
2.7712898378471706
2.7712779596080828
2.771296661158957
2.771262038774101
2.7712567133273236
2.7712683045208943
2.771281661884311
2.771312174928833
2.7713074500589094
2.771321291080969
2.7712670993970785
2.7712918490831577
2.7712963221177036
2.7712759264840856
2.7712604633083116
2.7712798628607183
2.7712917207497654
2.7712367744500073
2.7712892271813385
2.771289250102275
2.771275570992778
2.7713073441948795
2.771292349004588
2.7712865742034323
2.7712736686665003
2.7713190488653696
2.7712839608304147
2.77130460210647
2.7712776515393878
2.7712997162350392
2.7713107608201355
2.7712705019488393
2.7712771597479104
2.7712979869914505
2.771286770989292
2.771240260953736
2.771309284525752
2.7713020639027652
2.7713038258022418
2.771269489402623
2.7713041466386676
2.7712825054228936
2.771262425246939
2.7712741118879234
2.771307629975901
2.7712809776184435
2.771271162885668
2.771290819207583
2.7712876020058976
2.7712960201255723
2.7712472109248205
2.771276471261081
2.771295929353229
2.771289730001505
2.7713028689829744
2.771267074396848
2.7712753375941
2.7712964395959223
2.7712933393799593
2.7712763191709304
2.771307528614036
2.7712573496689523
2.771316102326711
2.771285518074798
2.7713015304787865
2.771265836934215
2.7712745409196056
2.7712769278921185
2.7713106447341462
2.7713135731045573
2.771260941385468
2.7712816027201383
2.7713035419550716
2.7713071267172387
2.7712774742389734
2.77126370679677
2.7712800721625963
2.7712741824311364
2.771293284275825
2.7712569716794975
2.7713127198665473
2.7713137497237055
2.7713062566944524
2.771267662582368
2.7713019766492994
2.7713042422555905
2.771299323911118
2.7713003818040836
2.7712749182391283
2.7712811100362713
2.771274845376249
2.771271980687132
2.7712993560156773
2.7713080536667127
2.7712858929026036
2.7712760832040573
2.7712813761112107
2.771280259281203
2.771286513884244
2.771305554113177
2.771286788220333
2.771283043812388
2.771333783477704
2.771274335890124
2.771269147489573
2.7712663492613347
2.7712750522120326
2.771280230990553
2.771310493626231
2.7712921886650985
2.771294185344633
2.7712833348822574
2.771308998187636
2.7713180869198624
2.771271090335015
2.7712656115735417
2.771285612219091
2.7712935939968384
2.7712653766644837
2.771291221978588
2.7712798763982684
2.7713031178609135
2.771292090806251
2.771294838491267
2.7712966786523494
2.7712808840080476
2.771298836576501
2.771282847230077
2.771274057335894
2.771283028507176
2.771314829875502
2.7712649525292736
2.7712821405959263
2.7712911429203704
2.7712742797592975
2.7712631319047905
2.7712806474211953
2.7712772824649377
2.7712863228737907
2.7713130352490785
2.7713151913741902
2.7712983125465027
2.7713025695617763
2.7712983253839214
2.771296745290406
2.771284030347025
2.7712825807677013
2.771279190911614
2.771274882915535
2.771276422397481
2.77128268062707
2.7712918415812022
2.7712796141965628
2.771266924180629
2.771286010339359
2.771288291587146
2.7712641747603852
2.7712897017101468
2.77127807735405
2.7712783691531944
2.7713055239788704
2.771268982512939
2.771298726106432
2.7712788158118244
2.771277849153017
2.7712918598046983
2.7712788457985726
2.7712681824165832
2.771299969498616
2.771297096740795
2.7712748581764406
2.771277998838374
2.7713031036706774
2.771306223653506
2.77129873859385
2.771296227886309
2.7713097676205587
2.7713049091139625
2.771267294043018
2.771249243085177
2.771263025927583
2.771268981711938
2.771313395014257
2.7712964132943156
2.7712968589325997
2.771296500115935
2.7712879825354553
2.771272414893988
2.771290292128079
2.771315594943081
2.771294860332946
2.771265826586349
2.771289839947281
2.7712801512371645
2.7713136288095486
2.7712881770350046
2.7712812078289715
2.771282901804468
2.771294256912734
2.771291481104791
2.7712632288560415
2.771310723699214
2.7712795717875256
2.7712822203883682
2.771293510798648
2.7712885623757453
2.7712856636728413
2.771277871880411
2.771264000549676
2.771292702276728
2.7713027841931317
2.7712955150394767
2.771281756945165
2.771305212246417
2.7712796365034666
2.771293998340628
2.771277590596868
2.771298400377783
2.77131337861566
2.771294879131108
2.771308046986808
2.771285421704438
2.771275532397001
2.7712840579153792
2.7712861064086725
2.771304860645232
2.7713063183444517
2.7712925044140393
2.7712853814406793
2.771320759863523
2.7712923549015054
2.771278260057567
2.7712994902962484
2.7712779243422703
2.7713003183138656
2.77128720508182
2.7712728841293246
2.771297903831877
2.7712728746898807
2.7712938443998194
2.771284137564144
2.7713095502390375
2.771284324987129
2.771281993282501
2.7712852348214505
2.7712810918203563
2.7712773319564303
2.7712798780002807
2.7712945905501956
2.771286331954662
2.771279381172578
2.7712933972608953
2.7713032294788587
2.771277479527951
2.7713126031448865
2.7712890359060607
2.7712940197040754
2.7712924059620967
2.7712946343054505
2.7713142800992014
2.771284321496661
2.7712778196245846
2.7712738148331826
2.771274625630768
2.7712862301909533
2.7712884667934743
2.771302836545998
2.7712807649133273
2.7712766390641694
2.771285207859561
2.7712702860812293
2.7712766148139267
2.7712904799036546
2.7712787255556672
2.7712806590920276
2.771298087184869
2.7712885630619475
2.7712749185292145
2.771284429768498
2.7712809098534765
2.7712754901305865
2.771276263925037
2.771262440300588
2.771288396425132
2.771288098983687
2.77130486876289
2.7712924753997106
2.771294413023383
2.77129492479361
2.7712699925317708
2.7712901105159
2.7712807191793174
2.7712813169778268
2.77127192163788
2.7713031571043327
2.7712912363981865
2.771282288753549
2.771291295627638
2.7712963919761435
2.771275143242659
2.7712920632953044
2.7712842679448606
2.77129622327815
2.771296399407133
2.7712990429793574
2.7712810781609845
2.7712893842818866
2.7712805931365487
2.7712873055021157
2.771283262020703
2.7712958784432957
2.7712784239693176
2.7712853380762126
2.7712860533621058
2.7712847442043387
2.7713054475728556
2.7712810933701353
2.7712872570435105
2.771298619935429
2.771291141983791
2.7712838739526693
2.7712907627349925
2.7712952044643067
2.771290291841919
2.7712965079557565
2.7712790490497015
2.7712883146812373
2.771295863491347
2.771272489187538
2.771281413176431
2.7712947842553644
2.7712830488763767
2.7712856671418007
2.771275241288864
2.771286827748752
2.771299496901121
2.7712712411869593
2.771281881751712
2.77129356400942
2.771281881666981
2.771291132473424
2.7712836122012026
2.7712839721868345
2.771294422224077
2.7712843898638058
2.7712901468051774
2.771286044369307
2.771299633520993
2.771283686992636
2.771287201715697
2.771279417847605
2.771288137572018
2.771290796167453
2.771284167049619
2.7712900318367253
2.7712928160463273
2.7712852647184545
2.77129061689063
2.7712943432943486
2.771289932635532
2.771285662665227
2.771294346623718
2.7712835329072014
2.7712822596728537
2.7712915022693525
2.77128872273468
2.7712885638921922
2.771290669148024
2.7712808066634103
2.7712878529835825
2.7712869340420925
2.7712882072461356
2.7712862376421223
2.771291329694743
2.7712839388809996
2.771287041599863
2.7712887350209163
2.7712871605362737
2.7712868919875198
2.771289001525128
2.7712874641669436
2.7712890983938
2.7712867337142897
2.771288917448234
2.7712889205247215
2.7712885523051933
2.7712875907706565
2.7712886093645386
