0.9615011221234503
0.9574106070911832
0.9616331858563685
0.9606181018418789
0.9587268060511828
0.9613329282322735
0.9591042159836266
0.9605477835403673
0.9611620831038181
0.9606945697025628
0.9593900945330868
0.9612850301397892
0.9600507538442554
0.9618348461408652
0.9609034459769813
0.9613553795752734
0.9613557075311313
0.9610530356294066
0.9601661904699637
0.9606787204786505
0.960274382158411
0.9619328093975266
0.9609726995830592
0.9610217402182228
0.9606157842454491
0.9604736460748198
0.9616871610838478
0.9610314054114413
0.9604010475430829
0.9608608312791658
0.9608626435510489
0.9604045268978696
0.9608963995091983
0.9603390478401261
0.9609671379778796
0.9605675593028402
0.9608050350527113
0.9612973630994583
0.9608743603279348
0.9606076651585851
0.9610181275467745
0.960540638600889
0.9610276365204014
0.9614186892063188
0.962040093268465
0.9610704994574247
0.9603658285042583
0.9611608222208265
0.960933805858093
0.9609835968861751
0.9607379175162332
0.9611369460310188
0.9600929598966921
0.9613277057971472
0.961127960671539
0.9609747898397253
0.9608629380613016
0.9616025520424589
0.9609685051090828
0.9607683458795997
0.9610401133076648
0.9606828234270998
0.9608202581957285
0.9611904525932637
0.9610168693326057
0.9606206279230454
0.9609889363567145
0.9603743296483802
0.9612324311790986
0.9607600684587909
0.9611642360047965
0.9605286506722565
0.9611271972563964
0.9613915293954282
0.960464482426225
0.9607929785170741
0.9606134031380567
0.9610829870481673
0.9613392103815684
0.9607798771128236
0.960720977492862
0.9607580285176337
0.9602071556244209
0.9609757062707125
0.9610183823210862
0.9612098356248631
0.9605360828918454
0.9608322745398564
0.9609072494306098
0.9606094107773606
0.9611472156565689
0.960426982213281
0.9608374536581238
0.9608249182817268
0.9606176127679924
0.9606295381588832
0.9608867003719676
0.9608558131491419
0.9607177375044439
0.9605473272653205
0.9607115098869287
0.9610928935070535
0.9609630740173274
0.9610554195848392
0.9606606806380551
0.9605358451167904
0.9606210703178515
0.9606702073387369
0.9607738143063612
0.9610669041291887
0.9608470277925834
0.9608214017462021
0.960743087975074
0.9609241565858487
0.9610520266633508
0.9609564710213788
0.9608532643031109
0.9611984398131989
0.9608637558421126
0.9611149216406213
0.9609250188774142
0.9608928093863437
0.9608278119376873
0.9609896313305785
0.9608158832442092
0.9610412291520095
0.960969050828871
0.9604574030270514
0.9609773312757559
0.9612951570855581
0.9608882141976095
0.9609134729634017
0.9611387025355254
0.9608343386592977
0.9603532287101878
0.9609554926397974
0.9612857254740946
0.9610685079669616
0.9610654226316406
0.9610230631356382
0.9612350876701606
0.9608571364407799
0.96075117966614
0.9606767331610169
0.9607747538875819
0.9609918899885309
0.9611292964410403
0.9607307822004839
0.9607197750146975
0.9609097630006666
0.9609573361524275
0.9605584461189502
0.9607417891679922
0.9608656944556209
0.9606352375403582
0.9607037999804603
0.9607198022072984
0.9608320381092826
0.9606003017275183
0.960748410462791
0.9608020745663465
0.9604112142166142
0.9610301125106678
0.960813497142393
0.9610404230138498
0.9604923274605722
0.9606721121894987
0.9609441770425269
0.9608313050379864
0.9607839988065225
0.9610376652651412
0.9610046966779253
0.9608809255893078
0.9608605347490479
0.960715090942417
0.9607994760593878
0.9613450074237783
0.961179271985963
0.9610279079932754
0.9609004436289545
0.9607385593695655
0.9608661937690135
0.9607951800240176
0.9608575198142345
0.9610969088278063
0.9611267119322185
0.9609275906136254
0.9608096317644582
0.960952301345032
0.9607815356232293
0.9610143146191163
0.9609245012078598
0.961120450181783
0.9609673104271267
0.9609664249977433
0.9608531142637922
0.9607279646955726
0.9607918166567663
0.9608588393912887
0.9608534722032731
0.9606237449624873
0.9607610797503606
0.9607569935446608
0.9611432440980449
0.9611238191989656
0.9609299851697775
0.9608790214384871
0.9609307992277312
0.9605063500961507
0.9608361835492889
0.9607115963063436
0.9608237064850191
0.9611619630700183
0.9605167023748526
0.9607139837881467
0.9609414536289743
0.9608893286789889
0.9609550208202707
0.9611093912676233
0.9608069815991217
0.9612790963405081
0.9611527238232304
0.9607893315208564
0.9606879889729174
0.9606743631241096
0.9605213411696555
0.9609533575525364
0.9609675467278285
0.9606568497870603
0.9609184622693425
0.9606980521782374
0.9606700960120841
0.9611605640634417
0.9609823564759812
0.9606958022278295
0.9605734519455911
0.9610365359049354
0.960955552956917
0.9607600225185372
0.9607653158954079
0.9609914694211397
0.9607508150732259
0.9607845416724378
0.9608474814443659
0.9608502022828354
0.9607716886528084
0.9607975688765391
0.960837804416407
0.9608579881954429
0.9607300999899552
0.9610131352492616
0.9607725030264884
0.9610708898928784
0.9608213833323292
0.960700342283108
0.960845753662222
0.9611323459447343
0.9607322896640766
0.9610635247454916
0.9605742984212445
0.9608223065754488
0.9609674160083221
0.9609426511275148
0.9607248604921766
0.9608278769841369
0.9609058885646966
0.9609561329711993
0.9609850340438476
0.960689510799245
0.9609975610494909
0.9609212309652717
0.960861343555278
0.960796219965793
0.9607332941027267
0.9607831341517252
0.9610024903380574
0.9609049627051598
0.9608196109296893
0.9606966810486536
0.9608421035296544
0.9609077113843312
0.9609847599395569
0.9607246857442849
0.960911952624241
0.9609671343757838
0.9610352704572811
0.9606577612196859
0.9609156541033226
0.9608507234441693
0.9608538029433689
0.9608911591779957
0.9607609215457742
0.9609660401136374
0.9610801699050695
0.9608656235436532
0.9608846540327651
0.9610594158481468
0.960778420617841
0.9609207837447662
0.960889028816664
0.9609640487950517
0.9609246265101389
0.9608001254597406
0.9607329321493485
0.9609728504550354
0.960888468932756
0.9609504268138046
0.9610934939980093
0.960745632186006
0.960924147670927
0.9608112606138398
0.9608929784635551
0.9609298924312231
0.960850220160347
0.9609466802191983
0.9609486238185507
0.9607855048319675
0.9609095591736059
0.9609099141775598
0.9606360414492491
0.9606941211145927
0.9607538848150993
0.9607899919673185
0.9608024452510951
0.9608381999713657
0.9607219092287793
0.9609886872520574
0.9608004988285967
0.9608621957980146
0.9607909570793496
0.9610137661056477
0.9609265502145219
0.9608117724039503
0.9609010700301689
0.9608370746036179
0.96095518149252
0.9609461971303279
0.9610568112057448
0.9607812101644753
0.9609205022315893
0.961019645142188
0.9610244024248419
0.960982068734367
0.9610385138277124
0.9608947369736534
0.9606929950356576
0.9610020678839399
0.9609265592178524
0.9609126263064147
0.9608193981581222
0.9611813480544337
0.9608131093173382
0.9607854999075637
0.9608549532541345
0.9608965113319642
0.9608459345645494
0.960948881957426
0.9608629145680406
0.96090214986922
0.9608351841583284
0.9610005419650919
0.9608045498724865
0.9608594242286693
0.960950582964105
0.9610853832912538
0.960911386013754
0.9607373565566846
0.9609957362339495
0.9610407001970392
0.9608497459545009
0.9610076145689184
0.9607902480570445
0.9608948558627942
0.9608537297772287
0.9606141074401674
0.9609625808881116
0.9609863848547109
0.9609844065747533
0.9608994526698148
0.960952664430317
0.9610928786402998
0.9609506829215928
0.9608751333446877
0.9610684732621572
0.9609007725424921
0.9608186377300842
0.9610452674054079
0.9607699766703544
0.9610650655668617
0.9608858590007919
0.9608024154301277
0.9610361533149331
0.9607075874018561
0.9608145866344349
0.960981872629885
0.9609201029285367
0.9609245662940433
0.9609736276646107
0.9608467523012038
0.9608363154145243
0.960825990061877
0.9609798661110003
0.9608819396952722
0.9608871659735604
0.9609897784478715
0.9607740521981158
0.9608991403937204
0.9608149343627324
0.9609460267108773
0.960568279194057
0.9608817894637517
0.961024335795715
0.9609177140343756
0.9606663158821411
0.9608933172524948
0.9608830474758248
0.960899795153067
0.9609367196039983
0.9610517415574766
0.9610282052517465
0.961027956959754
0.9608704210261442
0.9608229151329286
0.9608844189041116
0.9609209480392994
0.96088601973777
0.9608661819063175
0.9608620403378314
0.9607358887575358
0.9608509167883275
0.9609918998788689
0.9609197505837077
0.960862482182206
0.9609276521009539
0.9609956537595769
0.9609067416892528
0.9609204578594387
0.9608055175419253
0.9608482947731555
0.9609554393067578
0.9609909595184539
0.960796974254463
0.9609629659211223
0.9608186824282872
0.9607292852805446
0.9607341205862947
0.9608214631368516
0.9608009250176501
0.9611685011701806
0.9608910992092624
0.9607476395803267
0.9608303407611128
0.9610115396044832
0.9607849118465016
0.9608787918991731
0.9609808914680494
0.9609566385855185
0.9610264652184908
0.960944712969361
0.9607743966703021
0.960850907613862
0.9609582749054807
0.9608725498213216
0.9608303786608512
0.9607498097892225
0.9607263362098231
0.9608269601413907
0.9607213462456909
0.9607273744030106
0.9608150152133818
0.960929967202348
0.9609412535634523
0.9607912971632523
0.9608934638554927
0.9607880246462992
0.9608992818658854
0.960792331246537
0.9608825599369273
0.960877747588873
0.9607847866121574
0.9608163942598154
0.9609486298112979
0.960901794732649
0.9608585127642555
0.9608274359294386
0.9608956586484335
0.9608167389527577
0.9608202736593677
0.9608797165584081
0.9608965956090413
0.9609114230795766
0.9610236568229571
0.9607201011320412
0.9608810020012479
0.9609021823944142
0.9607041641265605
0.9607949832002644
0.9608030784489027
0.9607977709214444
0.9607876108547112
0.960917453341422
0.9609307591871006
0.9606728553770254
0.960940933123607
0.9609618098373308
0.9608076735478908
0.9608063048201227
0.9609403313322681
0.9607255424402299
0.9609935656227219
0.9608015249136659
0.9608926333055404
0.9608752790765726
0.960937004674158
0.9609244381154204
0.9608731492855297
0.9610020209550862
0.9610287235061227
0.9608218267286653
0.9610290556752116
0.9609382803776816
0.9608338209381685
0.960825284869055
0.9608316287756127
0.9607077916665617
0.9610495075966188
0.9608010494286218
0.9608762387972233
0.9607947147945101
0.9609395387779305
0.9608082444966134
0.9608088391182859
0.9608211469110219
0.9609087965662199
0.9609849989638429
0.9609613166653704
0.9609001694112769
0.9609125826978748
0.9608345338998501
0.9609246115376143
0.9609699719236061
0.9609233783395753
0.9607556477554237
0.9608176158746821
0.9609268398566119
0.9607340110598285
0.961075475987016
0.9607786970254624
0.9609451492542245
0.9607749109878594
0.9609580070920649
0.9609149314754833
0.960873901702661
0.9609837665050248
0.9608712066364083
0.9609326705073887
0.9608728126181244
0.9608678718944437
0.9608941948701791
0.9608326407197987
0.9609013108363926
0.9609160322961943
0.9608937453603467
0.9609485168490887
0.9608939521135275
0.9606956196015917
0.9608812067727129
0.960888288138697
0.9609016004720368
0.9609057698869011
0.9608554237226301
0.9608519457033587
0.9607735474116395
0.9609730521332527
0.9608222568673361
0.9608804280012074
0.9608949974045882
0.9609778852238953
0.9606574571515022
0.9609847485764546
0.9609442949930163
0.9608330320404029
0.9609428409104152
0.9609467784197492
0.9608317086316646
0.9610183150529683
0.960923467908192
0.960796638523239
0.9608972799124845
0.9607768357755673
0.9608036804461126
0.9608274005239055
0.9608723518764783
0.9608045893451441
0.960818641414153
0.9610749365479482
0.9609779299844052
0.9609042931206077
0.9607030144228614
0.9609332132209727
0.9607735522401597
0.9607853773257647
0.9609011354109409
0.9608492517186885
0.9608447080902799
0.9607475467931972
0.9609581791367571
0.9609109926743323
0.960861633531917
0.960877614656394
0.9608776687538515
0.9608650376134712
0.9608909778495237
0.9609496780204448
0.9608213657297194
0.9608911153060097
0.9608252883847299
0.9609079060879285
0.9608864927516569
0.9608967071945262
0.960830042201858
0.9607870544152934
0.9607719494672609
0.9608961307340147
0.9607856786399934
0.9609096623980208
0.9609233479625616
0.9608751027679322
0.960825007740546
0.9609021108281071
0.9608996172835205
0.9608684449997718
0.9609888185081039
0.960786402221039
0.9609107218982157
0.9608924405045043
0.9609224107575507
0.9609381578402736
0.9609093135255986
0.9608471373072749
0.9608900096774662
0.9609291194437326
0.9609117920228175
0.960929542045342
0.9609364699880746
0.9608999295788051
0.9609388489953817
0.9608994825644439
0.9608200650264546
0.9609022205849378
0.9608980031935529
0.9609699297714537
0.9610025880204612
0.9608465239212244
0.9609317585081971
0.9609117071732418
0.9607583667330777
0.9609516351611613
0.9608311893362943
0.9608542918473457
0.960880558665235
0.9608247561763692
0.9608693024073723
0.9609069852360209
0.9607687310793299
0.9607726424871166
0.9608517476611743
0.960858000563812
0.9609574167237795
0.9608102748140698
0.9609131372385713
0.9608628142517432
0.9608376652150704
0.9609272904178686
0.9609501299548509
0.9609012687739714
0.9608670376325885
0.9608719265942823
0.9607826814099166
0.9608879225139051
0.9608500727909588
0.9608066409424774
0.9607305704384426
0.9608313645391346
0.9608452489131795
0.9608730726282508
0.9608733477408615
0.9608600183962414
0.9609278418058153
0.9608999301034049
0.960767928354259
0.9609419918779786
0.9608179857552687
0.9607943736681253
0.9608486179429842
0.9607991523928504
0.9609474217164623
0.960863221879318
0.9608117129202685
0.960805620436517
0.9609464073740932
0.9609093992547015
0.960862219132197
0.9607807499680338
0.9607605619325102
0.9608280669745094
0.9608299734278738
0.9609420610191223
0.9608889529325605
0.9608991479555616
0.960946778663159
0.9609018092620114
0.9609438427156081
0.9609205458110035
0.9609224447400179
0.9609227331294639
0.9608021664846174
0.9608504033966788
0.9608734725193053
0.9608252659618298
0.9609054059718699
0.960917187067092
0.9609371504361128
0.960906413590824
0.9609484112986968
0.9608493213666385
0.960864838123212
0.960903200271915
0.9608879447455289
0.9608575515105556
0.9609186498885345
0.9608874250877145
0.960813114668778
0.9608869130093133
0.9608420259178331
0.9609067872668711
0.9607847066024678
0.9607745564877765
0.9608678081252934
0.9609396446716403
0.960901056290821
0.9608321063910936
0.9608238725075604
0.9608573296139057
0.9609690562801761
0.96087438754843
0.9608577551624681
0.9608418090064255
0.9608999364277826
0.9608826121587141
0.9608747722553833
0.9608609663215079
0.9608563451607599
0.9609167123947998
0.9608883408775483
0.9608932784293798
0.9608997631046292
0.9609048092595911
0.9607920121627929
0.9608297670761782
0.9608557233077487
0.9609472872488161
0.9608792523525924
0.9608210637291656
0.960792851199737
0.9609527264585835
0.9609227504340441
0.960926900832649
0.9609176746953222
0.9608721631384874
0.960897246841149
0.960871315391684
0.9609272196261948
0.9608162598832267
0.9608858450590531
0.9608372446379886
0.9609229860799116
0.9608632032519058
0.9608551327739209
0.9608929119921802
0.9608819478655521
0.9609062800458857
0.9608209455804395
0.9608711515611225
0.9608880481372569
0.9607835620785158
0.960929938256957
0.960903979245311
0.9608398538518018
0.9607995264364717
0.960871072134142
0.9609066803783826
0.9609297188254342
0.9609237345443072
0.9609147116181476
0.9608573782275515
0.9608368799083451
0.9608844492654108
0.9608310047356695
0.9607272608385994
0.9608882778452782
0.9608547319201404
0.9608602398702658
0.9608431938473061
0.9609232768289737
0.9608834319436493
0.9608730235799853
0.9608524387753327
0.9608699898193447
0.9608851032682193
0.9608495884748766
0.9608688439005615
0.9609537716698123
0.960913585124982
0.9608335752978084
0.9609289811348335
0.9608862928933333
0.9609128510460985
0.960860490032677
0.9608305602709241
0.9608113923362964
0.9608768510917808
0.9608987919065447
0.9609407732399173
0.960911104756199
0.9608547727443542
0.9609237112818643
0.9608559547037082
0.9608607619576888
0.9609096957908613
0.9608286731638381
0.9608381039500288
0.9608480573322704
0.9609122516801821
0.9609330059456038
0.9608250959762283
0.9608752299675192
0.9607943633264253
0.9609223037481317
0.9608884914817006
0.9608800044799493
0.9608444981429831
0.960837728427062
0.9608761841951007
0.9608787911003998
0.9609196728440751
0.9608412011438809
0.960873316578584
0.9608904164748928
0.9608440719336319
0.9608722866355529
0.9608269633445751
0.9609023242319903
0.9609406425138576
0.9608170386228668
0.9608428201968947
0.9609065561670952
0.96084766033177
0.9608280934964792
0.9608440428871254
0.9608667424157473
0.9608647861432821
0.9608777800819449
0.9608561480138991
0.9608896289260652
0.9609034515008794
0.9609140412179209
0.9609482586897279
0.9608835231615933
0.9608947894078972
0.9608279090655063
0.9608651027382351
0.9608879097788485
0.9608839363874307
0.9609010677655971
0.9608720164778913
0.9608499678821867
0.9608649445954248
0.9608656909431015
0.9608833667608636
0.9609330836190516
0.96087323128889
0.9608534352234441
0.9608800198665823
0.9607954447267879
0.9609487159706126
0.9608745946933214
0.9608803778043904
0.9608902122588492
0.9608797177445371
0.9608881776514723
0.9608937924873053
0.9608614811752676
0.9609039122632177
0.9608794865334478
0.9608459408520417
0.9608828672156862
0.960917178728243
0.9608974303593062
0.9608775628347123
0.9608866066952242
0.9609315880941147
0.9608342164378922
0.9609125655786431
0.9609121397791143
0.9609109489527953
0.9608940063308495
0.9608997789359286
0.9609401805703086
0.9608639828903938
0.9608979872908628
0.9608856383436206
0.9608966886750453
0.9608580983482666
0.9608563074269816
0.9609013953078888
0.9608793938507814
0.9609135012290891
0.9608784240214072
0.9608553035122517
0.9608779836703619
0.9609198991324989
0.960855423862306
0.9609235233926443
0.9608850133231736
0.9608764404169644
0.9608502877547513
0.9609401203061932
0.9609031142241049
0.9608493494532547
0.960847149892203
0.9608732143435298
0.9608597418838264
0.9608691447847792
0.960856976243986
0.9608622195737806
0.960866457565987
0.9608800673720823
0.9608763672632448
0.9609021232970386
0.9609071937168828
0.9608679047560117
0.9608878734618116
0.9609002051553891
0.9608690461774142
0.9608723355718607
0.9608979026720686
0.9608885481703641
0.9608636877746812
0.9608967406909276
0.9608561604655271
0.9608476324824283
0.9608849686579688
0.9608481372420629
0.9608663955041528
0.9608880181045499
0.9608649834706025
0.9608897153686626
0.9608484767817074
0.9608658190993523
0.96085994693647
0.9608649185064186
0.9608877731993031
0.9608767911207271
0.9608655152558884
0.9608726227585219
0.9608938464114837
0.9608431812123516
0.9608613442998268
0.9608848310831174
0.9608901169379646
0.9608906351040322
0.9608524267774999
0.9608751188250327
0.9608893285096801
0.960877249886696
0.9608861651901432
0.9608517246139713
0.9608608960704581
0.9608958724655746
0.9608632956534277
0.960879366345791
0.9608670609630892
0.9608844208333268
0.9608752990200466
0.960878578484951
0.9608901222263887
0.960870852130058
0.9608756620930761
0.9608740294585748
0.96086193177123
0.9608658788834716
0.960871145948931
0.960876646537687
0.960877710451008
0.9608700208750534
0.9608749707069688
0.9608785240120742
0.9608804855949853
0.9608756074945434
