1.4300892148469244
1.4301870847535851
1.42980133221134
1.4301435605692958
1.4305793570625431
1.4302608937169412
1.4300898598553948
1.4303465300600364
1.4301175517962679
1.4302668927465987
1.430393875942512
1.430388726343356
1.430249586778424
1.4302693753373117
1.4304682440215573
1.430339039423908
1.4303410549255284
1.4303024114883085
1.4304182430132797
1.4304039142591654
1.4302706156040592
1.430264979805848
1.4302596574876885
1.4299822976791143
1.4304722761596436
1.4303959076526667
1.4302399176570448
1.430220513098223
1.4304053149319105
1.4301997667828332
1.4303413586604963
1.4304142719741162
1.4304168623124556
1.430262994820507
1.4302566045021718
1.430193367228675
1.4302084476586365
1.4302728759963712
1.4302742042957706
1.4302346251913485
1.4303154510094802
1.4302680966159862
1.4302556272691496
1.430235467272058
1.4301849167693326
1.4302571674790516
1.4301351708073586
1.4302040963308071
1.430356387514691
1.4302042056314777
1.4301967365105095
1.4302608327629944
1.4302770044415907
1.4302442634463226
1.4303794832895804
1.4302169813252539
1.4302095199145743
1.4303689704756548
1.4303106614529448
1.4303155277630644
1.430245970826233
1.4302869260980169
1.4301592831891514
1.430272821402272
1.4302884729814684
1.4302690578921133
1.4302336687835464
1.4303103028137365
1.4301998940569374
1.4302776130342452
1.4303571673418782
1.4302067181710758
1.4302312911705313
1.4302222664656878
1.4302432595949295
1.430338590963408
1.430348891405687
1.4303343903123071
1.4302561384816572
1.4301999324296242
1.4302934628796518
1.4303364164260197
1.4302164069493333
1.4302410673411559
1.4303375422089684
1.4302755211652844
1.4303759557421833
1.430232540803518
1.4301869539816685
1.4302242539957704
1.4301667875567767
1.430260154183524
1.4302078094827992
1.4302703051917371
1.4303726294510357
1.430198884538019
1.4302610216446205
1.4302496687706667
1.4302363058716259
1.4303096072318806
1.4302668359163522
1.4303515756461949
1.430217514305328
1.4302427769765969
1.430312676647036
1.4302983426868923
1.4301824684598112
1.4302841104039754
1.4302705662101547
1.4302968985559705
1.4302122312269596
1.4302276096286508
1.4302623888898387
1.4302431132621478
1.4302710028794372
1.4301871980943908
1.4302403035018636
1.430322505730686
1.4302575010856817
1.4303052554417608
1.430300513926456
1.430339407555371
1.4302105561024643
1.4302740820781623
1.4302763771228586
1.4302812087421117
1.430284715271685
1.4302251743200836
1.4302701592987186
1.4302398336265247
1.430346248611007
1.4303143742025477
1.4302747514862504
1.4302630852557057
1.4301949836794057
1.4302081159927416
1.4302540824594754
1.4302254571976227
1.4303102363350761
1.4303338970407908
1.430215583077027
1.4302758082908957
1.4302574910059982
1.4303301544470695
1.4302341613135776
1.430255044130938
1.4302403997245858
1.430235456991776
1.430219829383248
1.4303217317263555
1.4302886078630486
1.4302532940369528
1.4302708592901296
1.4302592328254726
1.4302455518997215
1.4303045671628625
1.4302656028261844
1.4302039221679061
1.430288746292418
1.4302588863713401
1.4303052594593169
1.430225919370279
1.430273202562609
1.4302523634448692
1.4302171593972335
1.4302585012786961
1.4302646441719729
1.4302891834184028
1.4302606807882308
1.4301675003954195
1.4302624636505785
1.430217501639086
1.4302265629063733
1.4303196613995623
1.4303015884222008
1.4302794807521364
1.430209001280665
1.4302399141147115
1.4303176291001767
1.4302308301561457
1.4302914869219379
1.4302718712368012
1.4302597293879875
1.430163539851481
1.430218853476329
1.430281618109354
1.4302158383462138
1.4302741350357344
1.430322687175843
1.430278033822129
1.4302627548202318
1.4302554651785795
1.4303052970798167
1.4302263594197717
1.4302637584526328
1.4302557588141387
1.4301964000050356
1.4303454367970452
1.4302796203429025
1.4302509599848137
1.430282569021992
1.4302288662128062
1.4302726105901415
1.4302380251610434
1.4302279347813884
1.4302928928042367
1.430246565064838
1.4302565506619433
1.4302292572352395
1.4302417748812009
1.4302291372330975
1.4302397734015293
1.430281245121781
1.4302501872531923
1.4302633058632923
1.4302509817733846
1.430278547538055
1.4302784575945855
1.4302717170897783
1.4302569458116958
1.430234723345077
1.430273257237275
1.4303011000637322
1.4302769216979012
1.4303006212130691
1.4302646069064415
1.4302933712740196
1.4302212732839812
1.430291552360167
1.4302950918921324
1.4302817234823384
1.430251493266483
1.4302569452823926
1.430270055057656
1.4302507532444106
1.4302844525252496
1.4302960743811368
1.4302207978036077
1.4302743017348427
1.4302701245422584
1.4303242174069977
1.4302815346882694
1.4302425406905632
1.430253979652716
1.4302909614334005
1.4302453777306046
1.4302192585121372
1.4303028543455116
1.4302698327550805
1.4302899344304267
1.430249551457096
1.4302633496376398
1.4302198654780913
1.4302313907582918
1.430269139730664
1.4302614714198099
1.4302685204633308
1.4302323463752165
1.430237520060123
1.4302675067497634
1.43030022147056
1.4302538095182928
1.4302523483558451
1.430267436603549
1.4302322334774547
1.430280518744469
1.4302206739437575
1.4302633307864108
1.4302555573130968
1.4302732835597909
1.4303061453619563
1.4302821074862266
1.4302838475128419
1.4302414181434433
1.4302629628293397
1.430250541527201
1.4302739932473445
1.430280021265081
1.4302969567005497
1.43024218380828
1.430237785697755
1.4302741136524828
1.4302451777259906
1.4303020618286937
1.4302785317287798
1.430248124141477
1.4303137985604153
1.4302587508870424
1.430258974985657
1.430269423051752
1.430225864811575
1.4302812642146325
1.4302440514831978
1.4302495278704577
1.430290777536498
1.4302633104155364
1.4302560362607775
1.4302302832239289
1.4302639789134692
1.430271332302373
1.4302283726981113
1.4302560578822794
1.4302378950987165
1.4302726297502435
1.4302683603250004
1.430256266300754
1.4302530943023977
1.4302585246254533
1.4303162921588581
1.4302843571072186
1.430288414547857
1.4302642971932609
1.4302121135068053
1.430329524244418
1.4302861536681817
1.4302530868317387
1.4302498374553496
1.4302769279174155
1.4302584021164633
1.4302508586272813
1.4302574864027344
1.4302426361179563
1.4302489043907196
1.4302413997439338
1.4302760778798445
1.4302766911149003
1.4302960653597159
1.4302481256599535
1.4302414836165347
1.4302254637047087
1.4302786851673077
1.430287921258486
1.4302870846325992
1.4302651601409726
1.430244698711492
1.4302473945255538
1.4302426803153419
1.4302258827222494
1.430235523033859
1.4302876372786888
1.4302768044573293
1.4303276991313216
1.4302428433779393
1.4303148394784686
1.430262998760251
1.4302267120189969
1.4302833719755577
1.4303003031125925
1.430275077115758
1.4302388880240169
1.4302699258146376
1.430294424693844
1.4302388704923974
1.4302786161548768
1.4302764732186883
1.4302607483730003
1.4302968382538366
1.4302256441696322
1.4302461885839173
1.4302552546876062
1.4301950138232808
1.4302499758655596
1.4302600208878358
1.430263321418705
1.4302238519394712
1.4302439512301608
1.4302628360180778
1.4302657248063455
1.4302568716386463
1.430246532070381
1.4303012013243992
1.4302569649526298
1.430251004117318
1.4302572704612009
1.4302644398582673
1.4302661001915151
1.4302493303853712
1.4302541751439808
1.43024489824206
1.4302321495615844
1.4302783129464767
1.430270958069255
1.430256046988364
1.4302694775914637
1.4302435454870137
1.430253646048268
1.4302368521854176
1.4302726417509048
1.4302554947631527
1.4302543820292333
1.4302709474448458
1.4302525729004054
1.430251339594867
1.4302179854706674
1.4302393916644265
1.430265075409034
1.4302506578536553
1.4302391238116166
1.4302611185249903
1.4302785248649401
1.4302480623407097
1.4302428359581916
1.4303262147135691
1.430265430077806
1.4302776424091665
1.430242233214313
1.4302700659631886
1.4302634843708315
1.430246320940241
1.4302760104997663
1.4302102754410142
1.430293840743185
1.4302372250035784
1.4302472407273619
1.4302697712292
1.430269177550249
1.430262650098788
1.4302459144511168
1.4302645553520292
1.430261648770277
1.4302456262293297
1.430284186462047
1.4302440396510545
1.4302429011542552
1.4302785904076905
1.430271718819997
1.4302798260048444
1.4302624053175517
1.4302807210324042
1.4302501818707212
1.430270556685693
1.4302593272503263
1.430249023577506
1.4302777093503722
1.430270346322785
1.4302668232044242
1.4302512980442177
1.4302700952673728
1.4302444173239086
1.4302708345765498
1.4302365606911558
1.4302602780279765
1.4302392163146451
1.4302557259770448
1.4302595482480989
1.4302902625604708
1.4302430606191217
1.4302715194129672
1.430266328824902
1.4302623475401148
1.4302609808088247
1.4302612149020497
1.4302700500560885
1.4302506491581821
1.4302415762767497
1.4302702704885175
1.4302292510067636
1.430273201825923
1.4302370760783003
1.4302893691553775
1.430248143744221
1.4302826663007304
1.4302804628271475
1.4302791262522172
1.4302426841444131
1.4302630217489896
1.4302459785521127
1.4302663360221795
1.4302631922822142
1.430253845601069
1.4302531990687364
1.4302512802991227
1.430248265330305
1.4302647060331328
1.4302439876823951
1.4302760677166615
1.4302454349743305
1.4302467552443756
1.4302578720052184
1.430256377965042
1.4302542092002986
1.4302404323196647
1.430266906656697
1.4302351685757848
1.430276201772474
1.430253834305656
1.430265853359635
1.4302698444857262
1.4302811687262469
1.430245779349652
1.4302571066532768
1.4302607099975746
1.4302712000932656
1.4302696551715919
1.4302645201918223
1.4302421682415032
1.4302446708023024
1.4302471988012058
1.4302468386942824
1.430266265911106
1.4302777911546098
1.4302658466571898
1.4302642476882192
1.4302907877116957
1.4302742906570411
1.4302691723208536
1.4302554911924261
1.4303045367355707
1.4302406367428249
1.4302582168096916
1.4302724056265306
1.4302795501731045
1.430289496632848
1.4302468184124277
1.4302356558734668
1.4302581370807366
1.430247318025929
1.4302719278496567
1.4302644295025932
1.4302878268793333
1.4302554780525072
1.4302709737997794
1.4302453267822464
1.4302615775208132
1.4302498418860872
1.4302490313480245
1.4302935052873733
1.4302724206861386
1.4302425181090588
1.4302454754787957
1.4302802739623182
1.4302664972763586
1.4302641975652122
1.4302519510005245
1.4302473696442455
1.4302508267646354
1.430236387596487
1.4302632597157372
1.4302710810497992
1.430259086504163
1.4302293721771913
1.4302407665661592
1.4302651873766608
1.4302596395965594
1.4302682597482068
1.4302590475051415
1.430278291231165
1.430257236489832
1.4302885978214754
1.4302664384274857
1.4302603581950928
1.4302606566340281
1.4302478747448657
1.4302368559480771
1.4302626244884544
1.4302624553285255
1.4302564078220763
1.4302582124004368
1.4302354674403512
1.4302517240375838
1.4302605038553617
1.4302744151558644
1.4302596361652158
1.4302369606831322
1.4302695802153542
1.430277918298765
1.4302405693021134
1.4302530210565096
1.4302600880156127
1.430275780009143
1.4302722078482992
1.430242783881906
1.4302675657391384
1.4302597691587968
1.430299245448317
1.4302653374147216
1.4302504494694555
1.4302593559397836
1.4302748727108359
1.4302746293500814
1.4302496643985496
1.4302697035848524
1.4302496268511968
1.4302432793255098
1.4302769672637392
1.4302671148576032
1.4302635063049545
1.4302678393211328
1.430262225046494
1.430285193793662
1.430254063125788
1.4302583221638367
1.430264564877747
1.4302672573143584
1.4302691120352224
1.4302709245522105
1.4302589544170736
1.4302622513541758
1.4302869837643069
1.4302386725273202
1.4302543385602076
1.4302760876150575
1.4302697544285292
1.4302795544681066
1.4302615088389532
1.4302703796401317
1.4302509132792205
1.4302573262712452
1.4302772020217516
1.4302784816588943
1.4302501154865426
1.4302586610549157
1.4302529383325846
1.4302632643513724
1.4302465408914482
1.4302726683451266
1.4302519395175646
1.4302589162241832
1.4302510255490986
1.430265610821874
1.430255098310328
1.4302665900107254
1.4302604878836433
1.4302669144249296
1.430285914378193
1.4302632754026596
1.4302673067974276
1.4302754104490005
1.4302516904545237
1.4302620363882657
1.4302627372504555
1.4302604614866747
1.4302518169281886
1.4302641276429382
1.4302796758160672
1.4302355602720682
1.4302622654428128
1.4302556689264392
1.43023612029166
1.430277019899242
1.4302798931972023
1.4302526094764243
1.4302612009394025
1.4302721995007792
1.4302597851913772
1.4302734783340871
1.4302450971690437
1.4302635756951065
1.430237259092352
1.4302611507759209
1.430261905877145
1.4302784122737793
1.430270075596552
1.430285615686578
1.4302635455248582
1.430270754020283
1.4302582461773288
1.4302671699157499
1.4302580207506947
1.4302519072810425
1.4302806618615476
1.4302526579942159
1.4302456887680441
1.4302669040605094
1.4302695249220325
1.4302561212676306
1.430238827620669
1.4302662777483526
1.4302570438745354
1.4302779615606527
1.4302635727717787
1.430275533665615
1.4302319030300208
1.4302526030929483
1.4302641566108212
1.430272261550783
1.4302683840349029
1.430259226465591
1.4302666923129965
1.4302686222600725
1.4302792922723013
1.4302672382675594
1.4302572939584184
1.430267589225786
1.4302678414502086
1.4302634286407439
1.430266812956592
1.4302790850022467
1.4302747031994736
1.4302719345000383
1.4302645193265981
1.430244466125083
1.4302796063656915
1.4302777124503754
1.4302590111277185
1.430256528989398
1.4302648946693197
1.4302675224048305
1.4302647824677361
1.4302661352659143
1.4302577291785081
1.4302471401339423
1.4302834279465226
1.4302575630350705
1.430264768081521
1.4302678713698411
1.430237527305988
1.430254780760409
1.4302692105010706
1.430259062774189
1.430251770085352
1.4302787402388477
1.4302729979059503
1.4302761153215269
1.4302646086799902
1.4302627810088238
1.4302747014901704
1.430267946485848
1.4302694440019466
1.430256111935487
1.4302671428291136
1.430255641268737
1.4302460110820052
1.4302727432213298
1.4302696440845017
1.4302922743711601
1.4302702339880073
1.4302690478026057
1.4302748602071897
1.4302727502088224
1.4302589073572556
1.4302674711344956
1.430270517350297
1.4302610421133723
1.4302610871337427
1.4302756167536828
1.43025730758928
1.4302751823605533
1.430269744278561
1.4302647275563476
1.4302641651684
1.4302591543526781
1.4302557165496927
1.430268310234459
1.4302582681738263
1.4302692073925267
1.430259719375886
1.4302600625505424
1.4302787008338613
1.4302564023084043
1.4302487548216516
1.4302656297338603
1.430256601652744
1.4302556439361396
1.4302646122720126
1.4302687497045465
1.4302713153811735
1.4302652101487954
1.4302539959243605
1.4302740570166412
1.430265493038039
1.430273377271755
1.4302641968733931
1.4302691867118522
1.43027388566044
1.4302666706025662
1.43027162532427
1.4302571726923332
1.430249146553208
1.4302658056106552
1.4302597885652588
1.4302920919220883
1.4302483110035118
1.4302548984272987
1.4302674179926618
1.4302664898100128
1.4302631351955426
1.4302677321083357
1.430251964543376
1.430269565263843
1.4302660179339803
1.4302496450545306
1.4302659735098033
1.430248299043587
1.4302591031340435
1.430264297573643
1.430266652973709
1.430273514731911
1.4302632552111307
1.4302590452712587
1.4302533513970443
1.4302625670812328
1.4302633504248334
1.430263018192336
1.430282660896743
1.4302704929092136
1.4302642964952912
1.4302705904717892
1.4302561770015607
1.4302581293411178
1.4302643301191784
1.4302510717294372
1.430261377667722
1.4302590584191488
1.4302472511752793
1.430258418808574
1.4302452229147995
1.4302512806299277
1.4302697979058014
1.430255457136432
1.430258848129749
1.4302589277359956
1.430264169238643
1.4302527832559726
1.4302794060385726
1.4302670302333234
1.4302506925266116
1.430270398560325
1.4302592197836552
1.4302676480910308
1.4302582602036968
1.4302728355401455
1.4302548938897701
1.4302570301118411
1.4302647398066504
1.430252960863326
1.4302645987903768
1.4302604874117082
1.4302695251816757
1.430255332508319
1.4302650494078024
1.4302609164901001
1.4302703536191201
1.430252055171784
1.4302525346534853
1.4302643185426052
1.4302712717056634
1.4302601296039892
1.4302616128373709
1.430254781653753
1.4302759457103305
1.4302667869512027
1.4302613558944108
1.4302629010289982
1.4302645195862709
1.4302635292298136
1.4302573411679946
1.430253552766915
1.4302696953594434
1.4302763428752177
1.4302595238381905
1.43025749218982
1.4302584828668556
1.430260785430405
1.4302720094966772
1.430264833081897
1.4302584584438727
1.430254643423835
1.4302655331346648
1.4302533763935248
1.4302605846278988
1.430267940529009
1.4302550021641867
1.4302671378705882
1.430267107843292
1.4302709246661773
1.4302641296188623
1.430251841851776
1.4302657276351387
1.4302747604259476
1.430259622971994
1.4302652610228965
1.4302617724466928
1.4302610764800283
1.4302593392884944
1.4302675560248803
1.4302659382144538
1.4302559863863777
1.430257154634493
1.4302623409515487
1.4302676522467037
1.4302633693324553
1.4302528606135716
1.430265852338626
1.4302660004234098
1.430264343018263
1.430264455408935
1.4302592185956962
1.4302648268217057
1.4302648065392185
1.430257798178441
1.4302666562928943
1.4302740032401844
1.4302679402671339
1.430272295852454
1.43025455260368
1.4302651959004644
1.430262419706842
1.430251277672573
1.430268805966953
1.4302687074737708
1.4302664975541513
1.430264098038393
1.4302611521551345
1.4302639992485464
1.4302732087758747
1.4302614668341425
1.430261301119213
1.430262756846586
1.430260213220986
1.4302579085028846
1.4302607772735132
1.4302493096012112
1.4302642078522134
1.4302635266899721
1.4302593938129238
1.4302663120368173
1.4302601020753674
1.430260780471458
1.4302585738278863
1.4302604639155418
1.4302641301103756
1.4302605350310473
1.430266181132968
1.4302651960520345
1.4302539401104246
1.4302604038490023
1.4302677658999534
1.4302695396762526
1.4302670928683547
1.4302722788639084
1.430265794833157
1.4302635691726688
1.4302642066277707
1.4302585123473055
1.4302563331012006
1.4302724137214722
1.430263421175339
1.430269564700296
1.430261678171994
1.4302633360899253
1.4302665394154086
1.4302656739129198
1.4302593944503719
1.4302663550475714
1.4302670474196497
1.4302628082168631
1.4302626793259223
1.430258877369098
1.4302687150979057
1.4302666180624777
1.4302693025175781
1.4302634536639272
1.4302644166963556
1.4302569740153537
1.43026132799607
1.4302643673294206
1.4302605994786506
1.430261095766642
1.4302643910997732
1.4302550861854302
1.4302614517556065
1.4302643380559386
1.4302634450749678
1.4302613098721588
1.4302658657923644
1.4302620702306075
1.4302613795301635
1.4302578996793653
1.4302621106744673
1.430264152887454
1.430267398928124
1.4302645077418314
1.430265492982538
1.4302657583714602
1.4302638248706552
1.430264441975479
1.4302636261363304
1.4302659721809012
1.4302642901209164
1.430260805763405
1.4302651250278924
1.4302605980789496
1.4302650409372095
1.4302644721065672
1.4302614890890475
1.4302643915460425
1.4302649626790178
1.4302610906576563
1.4302608106439834
1.4302627539641903
1.4302629483768727
1.4302617448658816
1.4302629282393196
1.4302610435844834
1.4302632609031252
1.4302627854225805
1.430262692847892
1.4302642032418946
1.4302632960291448
