0.01035425482611245
0.007262991487770468
0.005978549838198472
0.005114636384746437
0.004630999277823442
0.004213081243972349
0.003908958919007556
0.003649077874493549
0.003414782352720006
0.0032377851343960234
0.003108018252671477
0.002949714377335887
0.0028413352720816905
0.002721660809817612
0.00263086476370549
0.002598102732456001
0.0024852740569732638
0.002412965334187941
0.002382628242887741
0.0023392156243698245
0.002266180979298406
0.002179260639409686
0.002124637730062228
0.0020820264414225047
0.0020671779139674936
0.0019935910246594545
0.001971955886614248
0.001916085185818025
0.0018951884724879185
0.0018368663286471585
0.0018280204284660748
0.0018213890700197384
0.0017774501784143574
0.0017461654308512226
0.0017296728921027949
0.0016880437363692132
0.0016801382475894768
0.0016349233105594318
0.0016373428333628151
0.0016022040034789442
0.0015764590324136637
0.0015648496101164679
0.0015358291966111747
0.0015345327809659418
0.0015133237765953599
0.0014854070582471237
0.0014772194386341077
0.0014525603229649327
0.001450029189980316
0.0014376621782559386
0.0014007280417477226
0.0013822787096353206
0.0013787509145007013
0.0013654630944735882
0.0013636632954787268
0.0013444172330283257
0.0013139491782816766
0.0013260191303122156
0.0013102033103747155
0.0013001250207488814
0.0012927314938330535
0.0012721728132333526
0.0012569247456439775
0.0012600930706976451
0.0012536233921310513
0.0012359265229236554
0.00122225539231025
0.0011964991831926687
0.0012020507288115503
0.0011962450895047867
0.0011797548745209538
0.0011582025183740118
0.0011603064341208856
0.0011667948700243513
0.0011590010967364416
0.001143056252054028
0.0011330645629884569
0.00112202572612324
0.001111778261964617
0.0011259975010260365
0.0010828057456768088
0.0010989442250321471
0.0010880304167247875
0.0010754758009883392
0.0010528799185852134
0.0010500796598053395
0.0010540819485991056
0.0010611607475825044
0.0010449848947525048
0.0010343866372039062
0.001034631302806941
0.0010247761860276902
0.0010242094160862589
0.0010200452919579483
0.0010082845064352535
0.0010027939344948353
0.0009874025389979134
0.000991229591967838
0.0009954880672167546
0.0009828307528943257
0.0009676786676035473
0.0009765175709437353
0.0009800918355645054
0.0009680269505525647
0.0009591528189260697
0.0009678612501452254
0.0009505285172752057
0.0009556459261563827
0.0009265959158383504
0.0009312077591780942
0.0009300579572105622
0.0009189312166549411
0.0009174641779913826
0.0009070877046465415
0.0009072754568267362
0.000904049049771983
0.000912993052578864
0.0008948367786666574
0.0008948865209141209
0.0009015471957973262
0.0008864198661003763
0.0008868019613334647
0.0008684439059158021
0.00088012477244866
0.0008602097092016645
0.0008678517747178233
0.0008565588216676733
0.0008515039202563994
0.0008514569657544247
0.0008504367824531195
0.0008421902033280231
0.0008376049209555716
0.0008387115989445646
0.0008317688351750719
0.0008388218557128988
0.0008216332844961082
0.0008131456691037203
0.0008156653994859745
0.0008154210436144024
0.0008178571306887839
0.0008072044259042167
0.0007992087108649812
0.000803409842468867
0.0007956268084363837
0.0007933774948732632
0.0007885633736639734
0.0007897199346152372
0.000783715069928096
0.0007825664088182563
0.0007795975350011341
0.0007901960294988068
0.0007767763374054334
0.0007733333308719241
0.0007619648544593587
0.0007727789459267886
0.0007498892592972178
0.0007662313231223337
0.0007507426262434291
0.0007584943998975571
0.0007473865441364852
0.0007453401180693468
0.0007428042960432634
0.0007416873893964241
0.000735009736263215
0.0007407409896760885
0.0007487992668054474
0.000734381329886174
0.0007291431530140226
0.0007304081158687923
0.0007321672563084802
0.0007186357943864777
0.0007206606355441917
0.0007222505027012546
0.0007128013457177828
0.0007156194186333519
0.0007020419716421271
0.0007086502186055853
0.0007145000533254012
0.0007026630631894322
0.000701426977648884
0.0006909619595131438
0.0006834289524036247
0.0007003833909222666
0.000690856927963053
0.0006875103870731671
0.0006889940159371168
0.0006842676125074418
0.0006788999939587723
0.0006794578275522426
0.0006776427942895405
0.0006685599290294053
0.0006683172115946529
0.0006703929129527033
0.000669230115075018
0.0006699818706840325
0.000659364049436498
0.0006594621062152934
0.0006580211981530275
0.0006509283285518692
0.0006555496073650114
0.0006573269444448861
0.000651101580882958
0.0006527926541416247
0.0006411875151874034
0.0006366351916470816
0.0006417214549222087
0.0006398383305619073
0.000637437530105996
0.0006361424697892591
0.0006281646583048918
0.000640063132688173
0.0006285140125163584
0.0006219384610053594
0.0006311938560826648
0.0006213546109954677
0.0006224474582487426
0.0006259015718242918
0.0006229074135977414
0.0006123819662754606
0.0006148882265682026
0.0006151834148976616
0.0006197340595054299
0.0006167013394771851
0.000618042093403507
0.0006088721145167772
0.0006060318927049379
0.0006065369671139993
0.0006037004365774276
0.0006061117663267634
0.0006013141012297915
0.0005962836461309886
0.0005927770367278496
0.0005935540120905832
0.0005914784972468147
0.0005931790010075361
0.000586292764848134
0.0005854111693145407
0.0005888539065395451
0.0005794372951028452
0.0005823622162642309
0.0005780229378034997
0.000580226898078352
0.0005820172945660254
0.0005761434904074122
0.0005728899765557033
0.0005780386075386943
0.0005704638218690516
0.0005620555932253992
0.000574056663948482
0.0005645964439569085
0.0005635842216344704
0.0005685095805243134
0.0005612275457003629
0.0005580962394494419
0.0005544555545002936
0.0005619589596232445
0.0005574341609166623
0.0005548141600957118
0.0005492694867983372
0.000553348649167326
0.0005544844575221298
0.0005491898496924231
0.000542342793952176
0.0005426440465442352
0.000550344549419573
0.0005404318005992185
0.0005425367820116354
0.0005441129793123335
0.0005453825889561901
0.0005346588847137773
0.0005346324024093235
0.0005302964182526714
0.0005369771175015202
0.0005314356313859194
0.0005381269874453627
0.0005324420704319945
0.0005308368986053381
0.0005187257361714059
0.0005343011248400696
0.0005299718944571915
0.0005218619056735993
0.0005255735136501696
0.0005254237082174261
0.0005250918306815457
0.0005196358805529368
0.0005141346978108971
0.0005165344655717626
0.0005147814500550005
0.0005083939689607111
0.0005079073614157792
0.0005143160586298331
0.0005143412585616836
0.0005053746453427872
0.0005112125610452432
0.0005118185000426856
0.0005020089209898218
0.0005076925118667277
0.0004990887513320191
0.0005007103418348293
0.0005028801093913707
0.0004979701879789814
0.0004965811186068615
0.0004951012586582347
0.0004937109133219302
0.000501335431462455
0.0005004868438847114
0.0004914768153763541
0.0004915856396164315
0.0004911571591594571
0.0004925122892044747
0.0004950552224855806
0.0004918456970242736
0.0004897076427549416
0.0004867018056861689
0.0004874805600536134
0.00047483903889253216
0.0004803240666139643
0.0004809826791041199
0.00048546141469843815
0.0004744832513371459
0.00047800746789114154
0.0004736615152405838
0.00047088304232214244
0.00046958810704133527
0.0004675813690938328
0.0004674736497589671
0.00047129993652776647
0.0004631561584799607
0.000466369399769453
0.00046369436014530833
0.0004586464762074989
0.0004650349493386534
0.00046573734742950344
0.00046241737153019486
0.00046164316820468507
0.00046099529951140544
0.0004571520948003765
0.0004518594899194859
0.00045201962567578056
0.0004584719211278493
0.000452804260860557
0.000456634664534324
0.00045153896192509017
0.0004540421736926629
0.00045683095225582327
0.0004535900440159698
0.0004452812149486353
0.000450096351066563
0.0004454419249802086
0.0004548395728503397
0.00044757615102820767
0.0004460175428099752
0.0004404993338771554
0.000440053851604104
0.0004400496362191871
0.0004375418547065384
0.00043891354856479063
0.0004378791472383105
0.00044095670189790053
0.0004445607216659003
0.00042795326463310586
0.0004331758291233762
0.0004351564534464399
0.00043356140159357345
0.0004284319687623811
0.00043296906979166307
0.0004291990838555736
0.0004346915127809903
0.00042693820634684296
0.0004248794646840185
0.0004325573950335327
0.00042770573089342625
0.00042173998023323217
0.00042592216390458854
0.0004220149406121766
0.00042374876682953097
0.00041994691539267825
0.00041959381674842817
0.00041950462096894517
0.00041587603658972715
0.0004191996950845232
0.00041588709203497
0.0004144896614955589
0.00041364329861208823
0.00041153433537847973
0.00041003578514837156
0.00041549323578556654
0.0004079969893590579
0.0004117367141947382
0.00040608159166253464
0.0004059795753600372
0.0004064849963609267
0.00040508134270656225
0.00040417842187595116
0.0004084746755846058
0.0004066101652619133
0.00040035476224195413
0.00040308940491590986
0.00039774372102705934
0.00040265570492684034
0.0004000498192469568
0.0004014583265694588
0.00039911771805894796
0.00039712095985136315
0.00039441237465144097
0.0004002888843424845
0.00039838041268116506
0.00039184323455383323
0.0003895756312525929
0.0003895083726837009
0.00039014866594728017
0.00039233104704315566
0.0003871351458600823
0.00038915770680940636
0.0003844621862484044
0.00038852472430930845
0.0003847365003101108
0.00038488924746316516
0.0003863693204195997
0.00038451865703985095
0.00037987196188640825
0.00037759327620644434
0.0003843189363913505
0.0003819725080953933
0.00037940635314833283
0.00038087189883721654
0.00037889855206444604
0.000377678134449741
0.0003781764231212197
0.0003784935614513822
0.0003781688086488903
0.00037671350007073714
0.0003728699304322886
0.0003747596707332509
0.00037454025181134703
0.00036904294152835645
0.0003710837573807317
0.00036761306408061075
0.00037193479038504645
0.0003692402371363772
0.00037169693420022784
0.00036508339844643745
0.00036528102107777284
0.00036411206922145825
0.00036482555844123145
0.00036100446177159736
0.00036955792688511067
0.0003615476364026456
0.00035849388711288596
0.00035858207836120536
0.00035999431992893337
0.0003589108401296819
0.0003629056098087536
0.00035869080291954937
0.0003583227161745905
0.0003589042748688486
0.00035968772889710855
0.0003544293345264326
0.0003518583578952301
0.0003545330315353295
0.00035164058450444003
0.00035069313999763676
0.0003500446102563517
0.00034777650262792956
0.0003480185845515599
0.00035072156251938976
0.0003533254391490067
0.0003479157603531759
0.0003441924460947371
0.000351482585702404
0.0003482473918479206
0.0003479598297611761
0.0003419383746812042
0.0003421819989284669
0.0003479484906694393
0.0003417259748210431
0.0003449323427078677
0.00034108532989027783
0.0003431439866464707
0.00033983886436955566
0.00033805255856451206
0.00033994047847829735
0.00033558000757407573
0.0003401863345380799
0.00033807342485865166
0.00033393342703383013
0.0003349114788601339
0.00033121048390821197
0.00033094798590259627
0.00033500775040521313
0.00032920425475173754
0.0003330756828135146
0.0003279118309971992
0.0003317681232122734
0.00032891028835779616
0.00033099845261950166
0.0003297522843124887
0.0003261514464785766
0.00032871774000212036
0.0003302479354808391
0.00032950693819832494
0.00032352360702184266
0.0003239647765387602
0.00032165768286873805
0.00032136820912232454
0.00032222360611949656
0.0003243472810862965
0.0003223178632589647
0.000317735480603224
0.0003202620362620424
0.00031895170669014156
0.00031881732018622806
0.0003169357596576665
0.0003183062913847415
0.0003145862261502983
0.0003155967780881081
0.00031787413892223537
0.00031667082305887877
0.000318400459936886
0.0003131103986729545
0.00031565067006581317
0.00031379192232535515
0.0003115421356372262
0.00030935941068855574
0.0003096871319092471
0.00031102341923938416
0.0003120916077065472
0.00031116543449286526
0.00030924617745134485
0.000310496346850064
0.00030708309430917997
0.00030536510985706695
0.0003040186606060485
0.00030607025300769523
0.00030207968072597555
0.0003045143705624092
0.00030324744361135217
0.00030513396307296797
0.00030239331222517587
0.0002985749780521165
0.00030273591606394523
0.00030334001023620276
0.00029872252962688653
0.00029997728184069324
0.0002989050785393276
0.00029914206815891635
0.00029872594137803033
0.00029899436036868234
0.00029260662867627976
0.00029898406151480315
0.0002945960809381183
0.0002985481644875928
0.0002911408966361241
0.00029463793864637915
0.00029267511284580784
0.000290612431355614
0.00029555167284220363
0.00029047724986027676
0.00028906304209166446
0.0002879358216064938
0.0002927568468892591
0.0002895370564301173
0.00028864312503601046
0.00028880264691575095
0.0002851727587380393
0.00028612022063388123
0.00028401773393839955
0.0002883521948689878
0.00028290681630141354
0.00028389135163499096
0.00028081684593102106
0.0002834277192872537
0.0002820821728134604
0.0002811368792124255
0.00027826260913209507
0.0002816860137757981
0.000278415373759484
0.000277201857582219
0.0002760965693596703
0.00027714951867636865
0.0002781779154615228
0.00027620595291704086
0.0002782231626971743
0.00027518692469069437
0.0002780360041602716
0.00027562852100251434
0.0002741066559474783
0.0002754012954294417
0.0002744204000376593
0.0002754547107267529
0.000272223711890913
0.00027205883651490454
0.0002691454254283215
0.0002710146888274796
0.0002699825079574218
0.0002690937968265473
0.00026846950673381476
0.00026829563155245507
0.0002669623698483717
0.00026557067460271664
0.0002672266083196791
0.0002653299733239079
0.0002641383320395994
0.00026336814430290604
0.00026536793487435504
0.0002622009816976706
0.0002603540129178522
0.0002613346071767656
0.0002653180835935165
0.00026295080300277476
0.00026020766241433837
0.00025823770452281365
0.0002575055771188273
0.0002646220490132005
0.0002591991624065682
0.0002595975676357579
0.0002603282470103224
0.0002552858070981487
0.00025498663541179725
0.0002521790405652121
0.00025464654340195275
0.0002549881816316721
0.00025452390235010044
0.0002571456296979201
0.00025519963974030056
0.0002549325505634854
0.00025111907876820144
0.0002521019377646107
0.00025148188366021235
0.00025047278153398294
0.00024929766661581186
0.00024883686522159543
0.0002478337635335386
0.00024463701444425154
0.0002508486939972317
0.0002482714802140034
0.00024375749605049212
0.0002478111970182609
0.00024597619455529675
0.0002445336277925439
0.00024690568875230883
0.00024423508613853026
0.00024412428493357995
0.00024286083872883122
0.00024104658223404106
0.0002407246446698311
0.00024144476948681278
0.00024178638292163206
0.00023915331566783161
0.00024186487546715683
0.0002401138822064382
0.0002347681636270322
0.0002392401406517027
0.00023688773184829922
0.00023655315823777133
0.00023535102891629787
0.00023404162419636478
0.00023555637252252427
0.00023387436997216184
0.00023553695486087267
0.0002355472763346935
0.00023201372393323285
0.00023476750692574502
0.00022928056916039563
0.00023400148659017108
0.0002286479039197119
0.00023235383025457047
0.00023040952392700036
0.0002293630905547734
0.00023315524579810127
0.00022828552736593112
0.00023063554714213726
0.00023117089919925452
0.00022722743317377543
0.00023002916434020936
0.0002266223529877009
0.0002254862143302708
0.00022845928020795358
0.0002259241724641527
0.00022586674730012366
0.00022346230827884425
0.00022366579874993862
0.0002198699285742859
0.0002225928924399958
0.0002195888810559019
0.00022048808525225441
0.00022049584939097443
0.00021780751927303458
0.00021816937205958216
0.00021519249608695774
0.00021891408951279752
0.00021697653324105598
0.00021572744819891253
0.00021617296117485376
0.0002144440255486083
0.00021372588323613086
0.0002147818497622265
0.00021443187934205792
0.00021439926009463552
0.00021363736356510505
0.0002147569285641561
0.00021339535838824057
0.00021355490970476027
0.0002105642533583724
0.00021082454195026212
0.0002109049258902642
0.000209741472432715
0.0002139624020731296
0.00021307858194559705
0.00020787393817197464
0.00021095337386422007
0.0002093269309670984
0.00020612179135860362
0.0002079188966645427
0.0002068669289873594
0.0002042192396405273
0.00020671698774725767
0.00020516807758087083
0.00020246920571616677
0.0002068207543359492
0.00020326959180974087
0.00020292740006913905
0.0002027402293951911
0.0002036602006822668
0.00020067294009358253
0.00020450660827781348
0.00020078281150064044
0.0001995486583823826
0.00019931055701501125
0.000201472938976095
0.00019967067508986874
0.00019856586415441973
0.00019789864732581866
0.00019644147069596772
0.00019576559283860883
0.00019701289450742445
0.0001963911695854232
0.00019509984279927198
0.00019719122688208153
0.00019497098064796793
0.00019343116440402648
0.00019583318565518314
0.0001930452197163501
0.00018941681835240852
0.00019256947941255053
0.00019008998914347834
0.0001876022825894541
0.00018926135804920148
0.00019049764528585416
0.0001879472528581806
0.00018658419694977832
0.00018972436434694438
0.00019047616623008438
0.0001880071984806313
0.00018517739982584902
0.00018621724058211057
0.00018562723385709626
0.00018499666863589761
0.00018391989482042403
0.00018309656928124793
0.00018172546243569652
0.00018122156028081536
0.0001837961558755254
0.0001822205893321175
0.00018408164355847658
0.00018009412857852605
0.00018172526123170875
0.0001808019912155216
0.0001771766022983017
0.00017881706312464582
0.00018024518176400678
0.0001800211695293446
0.00017952686260720575
0.0001772010935523781
0.0001743216036334317
0.00017612624718813872
0.00017466217178512146
0.0001749741796719756
0.0001738514059024323
0.00017461443872395234
0.00017160852092737517
0.0001725292179483894
0.0001728585912163157
0.00017262541822674673
0.00017032879010988615
0.00017085446108882225
0.00017085768131497368
0.00016739474235450335
0.0001709853604122628
0.0001696191172543437
0.00016800978619514316
0.00016719219162743848
0.00016799908766938564
0.00016635148478165058
0.00016593472648323779
0.00016548003567971894
0.0001641585333508285
0.00016538985660304433
0.00016421684601028596
0.00016484856205346946
0.00016094526968901798
0.00016187022476749503
0.0001592135993043456
0.0001610823813998168
0.00016183113975473155
0.00016063275632755816
0.00016080515357486797
0.00015913750216727337
0.00015985620686650198
0.00015920357847279193
0.0001570697423753696
0.0001579216745992962
0.00015727495529837738
0.00015774451891814137
0.0001536236462455407
0.00015481339373880413
0.00015354758881301386
0.00015499918501802449
0.0001543388720663661
0.0001530552378028278
0.00015421691346651276
0.00015162156307540128
0.00015272910590288487
0.0001513163393622279
0.00015111712774339262
0.0001491179944616688
0.00014993159552510502
0.0001494465525979569
0.00014811111644737388
0.0001496999084672527
0.0001486915949518965
0.00014482631264941726
0.00014544628303955602
0.00014661724467385706
0.00014706709536086462
0.0001450852052965603
0.00014436501580270133
0.00014429625101603457
0.00014451387522820112
0.00014203650819241784
0.0001431896272042729
0.00014088489736069725
0.00014087288754609004
0.00014067091852481805
0.0001408405218333608
0.00014008361653830144
0.00014029532144534614
0.0001380111560716959
0.000137461767260516
0.000137282473679221
0.00013635113091963505
0.0001369426502423409
0.00013521948809955639
0.00013498722099568525
0.00013432822712509907
0.00013387816798104016
0.0001334925117475449
0.00013178793029279998
0.00013170008585777424
0.00013184430286121123
0.00013153786390872842
0.00013119712916430514
0.00012889497560071442
0.00013031353987025233
0.00012959268728583086
0.00012780607141504372
0.0001287380305042878
0.0001277549335934402
0.00012492215381656075
0.00012688395763937294
0.00012572167893588947
0.00012474107168999716
0.0001259469966228267
0.00012255271910702938
0.00012387457301049208
0.0001219945243884239
0.00012201231760104302
0.00012359098121355653
0.00012101876116651362
0.00011972179565235261
0.00012037673578186591
0.00012041026280638927
0.00011989520384348829
0.0001176795437654965
0.00011812484679033689
0.00011708609963281426
0.00011766897873508428
0.00011555102428089962
0.00011461951369277734
0.00011480584898552099
0.00011453745428135441
0.00011357053848693598
0.00011304651621175806
0.00011289132417378218
0.0001122084848130988
0.00011082426178026432
0.00011174272834118493
0.00011059812039489559
0.00011096930860232267
0.00010832872645225906
0.00010837818143600233
0.00010769164425725418
0.00010755415324642416
0.00010481008626437755
0.00010665056757599292
0.00010387759777857825
0.00010455940178417452
0.00010330945713907065
0.00010273732766671268
0.00010358925356462961
0.00010148435244466295
0.0001009529125557508
0.00010167768244534005
0.0001013961246387065
9.882995167250126e-05
9.82624934917809e-05
9.768220126690244e-05
9.713612605032193e-05
9.72554665875825e-05
9.636732814629225e-05
9.5459093298349e-05
9.491620607084657e-05
9.448785428321689e-05
9.214931589738556e-05
9.222332673214189e-05
9.190886377268108e-05
9.204375139523805e-05
9.137645945068044e-05
8.985925945650775e-05
9.130473318472243e-05
8.870972432110888e-05
8.695391073192665e-05
8.841417698162812e-05
8.709012775356919e-05
8.619758399174831e-05
8.589534578608301e-05
8.54788671829282e-05
8.415474249836044e-05
8.343793373762725e-05
8.30498928180979e-05
8.184561870257043e-05
8.100880711286337e-05
8.025664910890757e-05
7.97042067330643e-05
7.928067525854579e-05
7.799995640307185e-05
7.706171131773688e-05
7.634136455144741e-05
7.624143902917891e-05
7.47860517745644e-05
7.42468068549636e-05
7.354954356058563e-05
7.421710056978973e-05
7.157954302293456e-05
7.152203150355496e-05
7.021218177777051e-05
6.968889701970456e-05
6.77546715403879e-05
6.755872820608501e-05
6.657687323045941e-05
6.5467038836286e-05
6.56410314751921e-05
6.453720855296744e-05
6.374485214967105e-05
6.180913409218644e-05
6.201614720580264e-05
6.060453612088537e-05
5.970919814180022e-05
5.994539537753309e-05
5.6834126822521646e-05
5.6355848539023244e-05
5.552332004312171e-05
5.371629487438068e-05
5.327197450326372e-05
5.234624083349838e-05
5.156289210918801e-05
5.0781678741295245e-05
4.9040928440925816e-05
4.810347293664934e-05
4.722105528432011e-05
4.546508835037318e-05
4.408168511063247e-05
4.272186921683503e-05
4.1684887671355064e-05
4.046622636065108e-05
3.8843556702909026e-05
3.763767774423717e-05
3.5956826028331814e-05
3.48018102065769e-05
3.304298451932152e-05
3.140103750200222e-05
2.8969035881298868e-05
2.7699196285869767e-05
2.5242784281333816e-05
2.323966348215662e-05
2.0671310014811293e-05
1.775022378042031e-05
1.4700439926086526e-05
1.038445162537566e-05
1.3546313339843273e-17
