0.9734849929412318
0.9734422248850196
0.9737697364391482
0.9731194796858552
0.9732009943331763
0.9733634684078681
0.9731250980934745
0.9733872594644403
0.9735400974781514
0.9733569860148628
0.9734222689144438
0.9738092591333997
0.9732154732377175
0.9727263615012327
0.9729157107470959
0.9731770186262334
0.972858128884344
0.9731741081797236
0.9733792939906177
0.973247997841876
0.9728087105059005
0.9730251595971907
0.9736097861032491
0.9731956163892371
0.9729866206145125
0.9730220977473154
0.9731475872434389
0.9732111381204103
0.973084310943888
0.9731445713674095
0.9733763400666934
0.9734171287577473
0.9731655829365207
0.9732915219711055
0.973211660959669
0.9730312151723947
0.9733225036181044
0.9730762568503587
0.9732194203447254
0.9731939846247792
0.9730363135901547
0.9729012543364955
0.9731639216231126
0.9730405867083369
0.9730376274313925
0.9729137636980355
0.9730384021912069
0.9734464824736019
0.9730146717781303
0.9732605002257516
0.9732385938084711
0.9731625169687063
0.9732262120007593
0.9731651661101172
0.973169119233634
0.9730734673383872
0.9731978489488688
0.9732855574363551
0.9730697168445144
0.9732509889451678
0.9730568216496315
0.9732739628022964
0.9733328126904085
0.9731624644922434
0.9732476004975068
0.9729538983257727
0.9731702193890466
0.9732315616155661
0.9732964007622399
0.9731749839802335
0.9730853398414095
0.9731046895219942
0.9729063961469734
0.9731926278546303
0.973068997497106
0.972968204603109
0.9731342141805784
0.9730036566825685
0.9731642592521726
0.9730085606903551
0.9731565842985609
0.9729652004170802
0.9732400969343553
0.9731160170711318
0.9731736523634097
0.9732492921262365
0.9730870295743697
0.973088775574397
0.9731014508462272
0.9732568945485118
0.9731452882816749
0.9729817848620828
0.9732053816227282
0.9732802141530723
0.9731638606409145
0.9729679908168144
0.9730281362268457
0.9731731010216763
0.9731174430426665
0.9729991690894206
0.973018257880032
0.9730235937379017
0.9732295569079422
0.9730571030476626
0.9731677975442588
0.9731794552358948
0.9732592897893648
0.973124099218306
0.9729876212912247
0.9731043570656288
0.9730282956622781
0.9730064925207959
0.9731312219221534
0.9731945872962883
0.9732217294481503
0.9731543418075613
0.9730406405821548
0.9730803506751649
0.9731620650123175
0.9731275057695266
0.9731574897808328
0.9730031449325895
0.9730125538333892
0.9732010961509119
0.9731687365513663
0.9731372924071274
0.9731217345177343
0.9730892013594843
0.9731147458528315
0.9731473939759863
0.9730908930005626
0.9731973603911747
0.9731187029403607
0.9730458283758495
0.9730727312438374
0.9730775036199658
0.973166117497256
0.973081319758399
0.9731779553356168
0.9730895185091681
0.9731695933470426
0.9731582164676534
0.9731949324437006
0.9730795709542283
0.9730628739195186
0.9730867223941363
0.9731768525466281
0.9731993385508014
0.9730522943365076
0.9731200129376056
0.9731203057923391
0.9731671447464584
0.9730762603059082
0.9730042557448851
0.9731041869142775
0.9730496989347109
0.9731302475043263
0.9731090426375182
0.973130848139998
0.9730805105502399
0.973130280373012
0.9729311029871808
0.9732517942093672
0.9731474926083105
0.973114327450265
0.9731758646219981
0.9731647115603363
0.9730882931607008
0.9731399664274797
0.9731114761846571
0.9731001325936585
0.9730639662284036
0.9731464683789661
0.9731919833328561
0.9732124709499287
0.973168017503111
0.9730697223856618
0.9731872783091925
0.9731207409521486
0.9732265185969363
0.9731137398308066
0.9731240730192546
0.9730538990642499
0.9730441341027607
0.9731056014554007
0.9731004897180661
0.9730054649806285
0.9730814021964923
0.973161658100704
0.9730936434223384
0.973136266404694
0.9731172311985853
0.9730929685002658
0.9732278837595991
0.9731357613731603
0.9732587217606878
0.9731182423775672
0.9731695029362625
0.9730832259953824
0.9730640145491188
0.9731488886485408
0.9731699619463652
0.9730884131547693
0.9731886345558565
0.973148225147371
0.9731750692305658
0.9731438209726518
0.9731429959300832
0.9731282278524461
0.9731192489156196
0.9731173939445315
0.9730133254369926
0.9731955725796626
0.9731686910436285
0.9731040400761216
0.9731256807990232
0.9731143590633261
0.973069102717697
0.9730842903042612
0.9730572157998906
0.9731539573713631
0.9731973906147557
0.97317657714639
0.9731287939120721
0.9732332982875666
0.9731279558317727
0.9731372059109277
0.9731794254803584
0.9732218787658541
0.9731774982741441
0.9731521991906539
0.9729995865111921
0.9731336656518074
0.973167218606352
0.9731954965905174
0.9731678297825392
0.9730342338204593
0.9731480132537994
0.9731464720935732
0.9730913199722548
0.9731924466337492
0.97316667698119
0.9731234614287764
0.9731576911765951
0.9731884666824262
0.9731390638197512
0.9731727626989448
0.9731777876397013
0.9731696486497771
0.9732043176038336
0.9731233019742686
0.9731208575511681
0.9731603400194632
0.9731913929255713
0.9731495542958268
0.9731450935534623
0.9731351216641404
0.9730860488857518
0.9731763061991231
0.9731437952381095
0.9732140445922715
0.973086492026049
0.9731504702027393
0.9731231168710063
0.9731602912587101
0.9731625866565217
0.9731198348204867
0.9731329525165303
0.973095085126976
0.973129620212129
0.9731418777086245
0.9731914657876763
0.9731583826483525
0.9731169034478491
0.9731282920813148
0.9731384811705771
0.9732044728337259
0.9731031052192739
0.9732165368094673
0.9731563042969752
0.9731283212737053
0.9731639306164427
0.9731706724552583
0.9731655106677912
0.9730578188742028
0.9732278785947696
0.973123620421761
0.9732140764443827
0.9731432465406576
0.9731715360719793
0.9731570258315926
0.9731832687844574
0.9731315072189198
0.9731134607136628
0.9731555593619934
0.9731733941671957
0.9731230684313472
0.973114676235235
0.973072333667969
0.9731293887872157
0.97317186194019
0.9730246330156964
0.9730858190673025
0.9731097709733334
0.9730869560406016
0.9732023744975188
0.9732856602465785
0.9730589760047227
0.9731220781079506
0.9732006592608684
0.9731933800070303
0.973167696055654
0.9731051975650831
0.9731180126024576
0.9731168509605858
0.9731919603714044
0.9731895822976435
0.9731383851574672
0.9731470726501397
0.9731400573473634
0.973157393172174
0.9730542655723707
0.9730893026248634
0.973133964421782
0.973122494210689
0.9730231669859514
0.9731566303556938
0.9731293703735401
0.9731048328519099
0.9731638113172184
0.9731827311543437
0.9731331779948187
0.9731779561039672
0.9730741175931714
0.9731571803982694
0.9730814099770861
0.973118493249164
0.9730954862335275
0.9731279254878867
0.9731060482643367
0.9731552296086554
0.9731317161003481
0.9731318355595171
0.9731371597864718
0.9731583187346027
0.9731298302433015
0.9731170618312069
0.973232625028156
0.9730898127594563
0.9731483238710964
0.9730901128246624
0.9731002264205959
0.9730578620201966
0.9730892307476785
0.9732150163934142
0.9731063792798588
0.9731608931070291
0.9731608424273798
0.9731334842097532
0.9731649983420649
0.9731558428895931
0.9731452294876912
0.9730940682279002
0.973078412730241
0.9731320274097854
0.9731120918545221
0.9731741424820594
0.9731126372632846
0.9731164298540245
0.9731434544481544
0.9731624208104913
0.9731172230787059
0.9731818738305228
0.9731633057959245
0.9730988202363423
0.9731233470920626
0.9731698656664063
0.973122745745067
0.9731137288805844
0.973159410743553
0.9731441073777409
0.9732056966409578
0.9731402469873784
0.9731416738776348
0.9731841411042865
0.9731391344898342
0.9730869506558376
0.9731407503336843
0.9730577275020307
0.9731675339045005
0.9731390250039265
0.9730758843873393
0.9731272245553064
0.9731013620231608
0.9731254394374399
0.9731512322904015
0.9730865334321421
0.9731697621765089
0.9731015770662416
0.9731608687341397
0.9731010550349157
0.9731081390074007
0.9731591293423213
0.9730536397440206
0.9731598965098296
0.9731388076437434
0.9731338543668672
0.9731401505928092
0.9731663461480011
0.9730909745866646
0.9731237978470737
0.9731390710350967
0.9731365682309444
0.9731454372405688
0.9730935718796266
0.9731195625335768
0.9731220016059564
0.9731157861940503
0.9730840033277925
0.9730314984019296
0.9731910623678672
0.9731184365793364
0.9731486226604226
0.973117020328383
0.9730771171901217
0.9730805946239256
0.9731557328623068
0.9731602774166762
0.97313201974609
0.9731530342704032
0.9730901995777611
0.9731147302805951
0.97313085864989
0.973124343742755
0.9731405014281618
0.9731499409313259
0.9730983668792045
0.9731229435585197
0.9732349692690954
0.9731285032643302
0.9731188582045625
0.9730865615370049
0.9731398228542354
0.9731078612472774
0.9731527030963285
0.9731476952296036
0.9731381245360275
0.9731325839098778
0.9731247994724911
0.9731553948313809
0.9730803297252323
0.973145528406023
0.9731088435432456
0.9731460768419367
0.9731117905949909
0.9731785242565535
0.9731329262648771
0.9731586607378796
0.9730650783829902
0.9731070603187197
0.9731282219644114
0.9731283881881311
0.9730895447768849
0.9732236922243029
0.9731699353664095
0.9731222899725759
0.9731280301602732
0.973160519703462
0.9731374164875201
0.9731706451508184
0.9731188173960298
0.9730844205301257
0.9731091279069102
0.9731108792510454
0.9731404205513354
0.9731198392286468
0.9730637656555031
0.9731260948036586
0.9730957317484472
0.9730647610170295
0.9731305891751217
0.9731086817135929
0.9731400022539513
0.9731355044950851
0.9732054391624606
0.9730978224437627
0.9731152307841352
0.9730898552079968
0.9731195062803623
0.9731635390134534
0.9730678710937891
0.9731378557786514
0.9731612145500627
0.97315874268752
0.9731477536729443
0.9731585594856815
0.9731188101725785
0.973089699698017
0.9730864532901109
0.9731338616960212
0.9731388749087855
0.9730973221765864
0.9731356781072709
0.9731221380241774
0.9731293748278981
0.9731228486661765
0.9731058048230686
0.9731147607119841
0.9731001026429753
0.9731303459263599
0.9731104675184944
0.9731018225543429
0.9731510187760732
0.9731451326983631
0.9731608551420348
0.9731540336628559
0.9730979629479636
0.9731106061422535
0.9730891473258535
0.9731093115501477
0.9731332157433573
0.9731125167961602
0.9731382704025578
0.9731414815755648
0.9731475136111927
0.9731036201023168
0.9731283931714979
0.9731360975402151
0.9731411394672663
0.9731449511206556
0.9731596147530887
0.9731280661242959
0.9730938260199622
0.9731346419319772
0.9731095860663321
0.9731290125895328
0.9731474877333469
0.9731533221051637
0.9731074720430563
0.9731241256187639
0.9731557404335165
0.9731455941060764
0.9731195806735643
0.9731350107197577
0.9731196839062309
0.9731012994314853
0.9730985478204297
0.9731225700291608
0.9731365520552056
0.9731283186396653
0.9731606545173664
0.9731261493530378
0.9730884025464229
0.9731435728232671
0.9731262219353782
0.9731427568982631
0.9731246082875754
0.9731724547438998
0.9731067748579352
0.9731307844124615
0.9731065421373575
0.9731325388478553
0.9731424332865845
0.973168205492282
0.9731753485875604
0.9731496907858916
0.9731447336684729
0.973116298263294
0.9731568151954085
0.9731296074255322
0.9731322093613116
0.9731443717401546
0.9731390024278126
0.9731339876489888
0.973149657067625
0.9731309543761723
0.9731109525682641
0.9731311800531716
0.9731738707964003
0.9731374928924248
0.9731123799503035
0.9731578621417464
0.9731156335722546
0.9731595337559862
0.9731235293235353
0.9731434891325056
0.9731313763696455
0.9731723338853852
0.9731030387955992
0.9731559326081435
0.9731157431541269
0.9731554599777679
0.9731328593840574
0.9731681150490327
0.9731232667871107
0.9731394555986878
0.9731580179219862
0.9731332858003229
0.9731116505751175
0.9731555994507446
0.973154592882886
0.9731397925074753
0.9731551778014189
0.973149536754068
0.973150046880915
0.9731259603582888
0.9731089661430957
0.9731363094588223
0.9731667211454702
0.973128474416917
0.9731247834132141
0.9731488487873252
0.9731174007635538
0.9731237916617611
0.9731495079254131
0.9731394760105019
0.973133605426365
0.9731294921530432
0.9731080043993942
0.9731584049862797
0.9731513719708178
0.9731483162373894
0.9731400473873321
0.9731189287314359
0.9731323218050205
0.9731638985977344
0.973110293271723
0.9731284745841865
0.9731163355842047
0.973113389049716
0.9731563630827613
0.9731071546178011
0.9731199965759888
0.9731250795534243
0.9731554496864803
0.9731217242967485
0.9731794858866238
0.9731441410325838
0.9731300580428984
0.9731568957753094
0.9731217772290125
0.9731572034227991
0.9731757651801796
0.97312269957782
0.9731584537261008
0.9731580826927871
0.9731248546591164
0.973117052554816
0.9731389118293006
0.9731192950415564
0.973154448298458
0.9731103752463667
0.9731020036676282
0.9731334363376892
0.9731447291654984
0.973166326248537
0.9731509113166463
0.9731149438507717
0.9731318817744549
0.9731223427973517
0.9731549450723634
0.9731232767093434
0.9731256166976622
0.973146357893719
0.9731018567342726
0.9731236457199397
0.9731337110567607
0.9731116993545029
0.9731332536017028
0.9731143672386559
0.9731091585333598
0.9731378073073809
0.973107432223877
0.9731307787542113
0.9731132435097425
0.9731646373792618
0.9731192279640943
0.9731607714522075
0.9731277452440033
0.9731199677703068
0.9731532750288782
0.973093096997521
0.9731336811001882
0.973121341367612
0.973112361183789
0.9731011731331808
0.973129718804669
0.9731620831451145
0.9731597593734951
0.9731266836916953
0.9731070045580845
0.9731013330135034
0.9731802747322127
0.973111000320484
0.9731328793915432
0.9730969828258943
0.97311825594332
0.9731531395194892
0.9731407832882405
0.9731730213752385
0.9731308283293778
0.9731352808835251
0.9731251161476182
0.9731038996621759
0.9731201944381566
0.973141852692734
0.9730988993008483
0.9731297808277143
0.9731493008369598
0.9730987463184699
0.9731727865972937
0.9731394471133371
0.9731152446606611
0.9731267956386415
0.973127426977596
0.9731441735736571
0.9731628696716541
0.9731148315661934
0.9731442573688469
0.9731312569604699
0.973144077606626
0.9731210765812409
0.9731539817729318
0.9731212924266369
0.9731319059688031
0.9731237070512317
0.9731428671997122
0.9731121899139719
0.9731215092669743
0.9731111809917916
0.9731116255297853
0.9731124684517732
0.9731138598002377
0.9731436933625959
0.9731341970499178
0.9731213055003208
0.973124690222129
0.973132835845662
0.9731283093432441
0.9731207497260853
0.973115721726733
0.973143482462654
0.9731499748636896
0.9731449361386418
0.9731334770347072
0.9731413507235762
0.9731392508200912
0.9731658119618067
0.9731332828118487
0.9731328254415074
0.9731374734087845
0.9731292812423271
0.9731504014394504
0.9731196228903491
0.9731373217668197
0.9731352832516126
0.9731427100334773
0.9731539485879728
0.9731329875941621
0.9731200679909853
0.9731313302071163
0.9731409874248657
0.9731413155774064
0.9731189787417206
0.9731450819734804
0.9731309335460272
0.9731267327972694
0.9731132173091163
0.9731308772227947
0.973154475329466
0.973135087667788
0.9731353257738404
0.9731475987442253
0.9731476128131726
0.9731457636899297
0.9731286462080783
0.9731456245709572
0.9731659904629294
0.9731639258544909
0.9731190026935117
0.9731362598917782
0.9731253017798739
0.9731321228221528
0.973118914254303
0.9731220347023993
0.9731597221382321
0.9731177145446401
0.9731398933556092
0.9731059896280047
0.9731531406767845
0.9731044892410415
0.9731199539215768
0.9731178740247965
0.9731384269828395
0.9731460173695483
0.9731599225219973
0.9731112352028766
0.9731292328665467
0.9731191212246753
0.9731373019917934
0.9731389622916733
0.9731451102342477
0.9731268120578119
0.9731263563801699
0.9731615988009423
0.9731254539776651
0.9731339059670435
0.9731135293605777
0.9731247163075708
0.9731243073745145
0.9730927993609434
0.9731379913572414
0.9731499852520805
0.9731142400527376
0.9731263572613646
0.9731282161549422
0.9731329802116867
0.9731506106369617
0.9731278449995694
0.9731118242156866
0.97313016952217
0.9731437147015848
0.9731160159494797
0.973132242956315
0.9731312424302945
0.9731317528133985
0.9731316887114418
0.9731177861345214
0.9731288343997033
0.9731495663334663
0.9731280795037707
0.9731329188704125
0.9731418162241725
0.9731202264809513
0.9731441702045293
0.9731230568165136
0.9731155062865015
0.9731310803679939
0.9731356501218308
0.9731050057771555
0.9731339045063302
0.973100178988804
0.9731448649629014
0.9731116493312335
0.9731491032686895
0.9731176317964159
0.9731197981825932
0.9731372537224395
0.9731278461406638
0.9731356607244755
0.9731336407776594
0.9731354143931689
0.9731300645756075
0.9731389988880806
0.9731549158052005
0.9731380703541663
0.9731073235090753
0.9731608929207115
0.9731245839811451
0.973142479541789
0.973120183314708
0.973141924795949
0.9731551357050477
0.9731294401085617
0.9731259774585047
0.9731282057618853
0.9731329831548341
0.9731240048477983
0.973130576375316
0.9731336350112865
0.9731244398734158
0.9731206128963242
0.9731177201678259
0.9731358878155463
0.9731210516962725
0.9731302999892667
0.9731410561342303
0.9731407260806162
0.973117140926691
0.9731379560266327
0.9731485888971807
0.9731282571559845
0.9731433473080877
0.9731487773042096
0.973159561751209
0.973120114694666
0.9731359338605063
0.9731375472112611
0.9731112592393186
0.9731191170242773
0.9731428901185047
0.9731427317962218
0.9731242860051776
0.9731426326646757
0.9731432057936316
0.9731371216759122
0.973139035472758
0.973122453404697
0.9731289425387404
0.9731364011195855
0.9731282208982717
0.9731307945469096
0.9731362168511934
0.9731257585292292
0.9731267944635259
0.9731510418460477
0.9731362464726288
0.973134934518475
0.9731249389356886
0.9731435041801424
0.9731280640097976
0.9731313806278966
0.9731234560719402
0.9731587069383835
0.9731322684449875
0.9731250409794139
0.9731194382104262
0.973127361239789
0.9731374246524581
0.9731186968534937
0.9731429648132449
0.9731330052485561
0.973129521492192
0.9731334832318332
0.973127028000617
0.9731280586731579
0.9731232412131697
0.9731241743327169
0.9731366481070481
0.9731178630811601
0.973135390394163
0.9731297162634271
0.9731382702860223
0.9731262936885862
0.9731393065655964
0.9731425012128097
0.9731288519958982
0.9731406039349051
0.9731345515533738
0.9731240464048475
0.9731283720271265
0.9731282543161959
0.9731356303069791
0.9731326671176306
0.9731167824764261
0.9731459373215892
0.9731327650870922
0.9731288252033673
0.9731299512220499
0.9731276115876651
0.9731239914015847
0.9731152736651295
0.9731267674228516
0.973136409376984
0.9731436772992252
0.9731220747624273
0.9731357543118625
0.9731270856418159
0.9731379236310469
0.9731251079023779
0.9731302705582368
0.9731326741458535
0.9731383798899779
0.9731333211081881
0.9731244038605926
0.9731393325384557
0.9731260365522343
0.9731309658586684
0.9731196207789861
0.973136164418362
0.9731385860509701
0.9731300839307323
0.9731341400279307
0.9731310329702603
0.9731288033295896
0.9731311547591127
0.9731471470933413
0.9731279860449104
0.9731272070697029
0.973131796435959
0.9731356743800242
0.9731301098900101
0.9731295410790616
0.9731275437529741
0.9731308926623258
0.9731315439987791
0.9731328743099881
0.973134308792104
0.973131995846744
0.9731336385371399
0.9731259177123391
0.9731353734116283
0.973133495634054
0.9731294567748769
0.9731331047838657
0.9731291972741098
0.9731313358320125
0.9731319040734671
0.9731322807824854
0.9731318349243518
