0.1096364474802267
0.07769935897751021
0.06414374979491767
0.054376061608216834
0.04842058797221255
0.044412610060855735
0.04146139892211232
0.03878677863790104
0.03630815398655463
0.03479734078438474
0.032868350963349044
0.031474406644979865
0.030736405021237038
0.029276291976861744
0.028522055603440163
0.02710845685158327
0.02649467985306119
0.02574308402699477
0.02501862660678242
0.0242069843696252
0.023353027471986292
0.023283564636565283
0.022505929481618697
0.022022927055290388
0.021696822066744004
0.0215097617459052
0.020780992899355807
0.020275234109835394
0.019916584696411797
0.01988887321454196
0.019290872096754553
0.019147504389079178
0.018897162646300508
0.018514590597021662
0.01812276834171691
0.018063459616545697
0.017724391735542164
0.017539575555808977
0.017215691323390025
0.017138508176566276
0.016648160941157276
0.016636082554806943
0.01627259422955022
0.016070588437660398
0.01606297858428442
0.015589482906909176
0.015681352240033922
0.015483402915737979
0.015302734434410182
0.015136628323194309
0.015081775535421312
0.014651132451826893
0.01461527657644332
0.014525999487698341
0.014299495221287073
0.014450669611204043
0.013959382181220021
0.013876677317003245
0.013908450597810998
0.013554639921819692
0.013686149810120146
0.013690335457692548
0.013536990031980875
0.013424258721827306
0.013290338731970183
0.01318188739418655
0.01289972516258391
0.012996288794245197
0.012887182035064827
0.012574251559769042
0.012798585447143412
0.012519531830696339
0.012484636752161599
0.012422864416210988
0.01225694907714288
0.011886249478447365
0.012224536774051734
0.011869605804472091
0.011936427822745812
0.01177989061899249
0.011687643995329367
0.011608479396609866
0.011588866717326868
0.011523992504015907
0.011418510218144839
0.011333572457305001
0.011380626459940047
0.011100005722529904
0.011097463569887547
0.010977413240958295
0.011062274919468406
0.010854397951402492
0.010843854242838255
0.010811336730226905
0.010670489671526362
0.010546460424253556
0.010597904192395228
0.010614802834270737
0.010429719636577017
0.010435704385136966
0.010416133670049623
0.010331125560293305
0.010255759796578725
0.010245031402877502
0.010183502949688254
0.01014064560494402
0.010084860397512958
0.010022711620957088
0.009991877259415555
0.009848203851469445
0.009819071035866952
0.009717681255921847
0.009697930601325247
0.009535900232222368
0.009506890251023298
0.009519400465376446
0.009552328443596573
0.009466564206993596
0.009478762186072829
0.009457461759223858
0.009362325451456727
0.009312282100805572
0.00913474644474783
0.009179529329897173
0.009225374279302527
0.009047664565564217
0.009096057161188201
0.009123118102736454
0.009013927111054913
0.0089862418193277
0.009016538316462106
0.008881231329879896
0.008834050721881983
0.008774416647929526
0.008810305968682406
0.00876353948475217
0.008712631476156547
0.008718943538835702
0.008697846876531998
0.008446423342561998
0.008583590489954303
0.00848421398899675
0.008546014681754326
0.008417124926400047
0.008392425616341617
0.008395363006995669
0.008294309410837716
0.008376098175874286
0.008303801226387011
0.00827846825003212
0.008151993897552456
0.00810734510012979
0.008145647181183132
0.008136918572226363
0.008165779901203554
0.008010281942189935
0.007992723645128241
0.008039902506718677
0.007983431468321665
0.007997523422471207
0.007982714659097008
0.007860518839769952
0.007901240541469968
0.007768886607932126
0.0077657009510268575
0.007919287697099445
0.007834280073587873
0.007817113395844205
0.007630244004609553
0.00777266896612013
0.007675853473149049
0.007564646224133868
0.007660827345783174
0.007573007936413536
0.007524490702090924
0.007481022717519409
0.007497231930148255
0.007428739804435435
0.007351294550782523
0.007408360729595568
0.007386847238528368
0.007361857829740196
0.00728677810889505
0.007330416489389543
0.007312905411949384
0.007197691352946621
0.007298723370731099
0.00723066541658935
0.007107742084061856
0.007169798809004487
0.007171865524446022
0.007106484157589493
0.007104733957558315
0.0071247712950229655
0.007092519743670389
0.00701119424996484
0.006929295463166815
0.0069468228776770865
0.006991004684372618
0.006762511485831078
0.006952240380246168
0.006846397244184787
0.006875733058176938
0.00688688159453356
0.006797798422520875
0.006921619764258104
0.006824533198143451
0.006766365690500284
0.0068532257587563886
0.006671464210758171
0.006726421878547695
0.006711037601779616
0.006615407083230939
0.006661352592592552
0.006627603275178877
0.006652147794980081
0.006656343439070719
0.0065913133390702395
0.006601573100607142
0.006490368103217997
0.006512461524375449
0.006426189847813633
0.006492322174323968
0.006454867416409268
0.006502893168252355
0.006357346990408272
0.006376676417420976
0.0064089896093507265
0.0063598898997367015
0.006375375827993423
0.006331173734813015
0.006296355463164224
0.006261704200439842
0.006258733204237844
0.006300727086657433
0.006262492965146315
0.0062180165926043795
0.006201828567162475
0.0062139555887933
0.006169779342503421
0.006154069773020677
0.006221917518334708
0.006109236041399389
0.006126212288898712
0.006108859741277573
0.006074890516489458
0.006053256077238167
0.006071773810388715
0.006125971733511549
0.0060564081377590465
0.006065433293505245
0.00594273296743992
0.005968977678553337
0.005984888079164696
0.006016535122609492
0.005916593079510736
0.00594373285552154
0.005900485691529885
0.0058892560580336645
0.005814154904839255
0.00579501520050894
0.0058335026156651456
0.005846979873333587
0.005756934128462233
0.005747192953717061
0.005816874263967499
0.0057861169443486175
0.005743508881570739
0.00574462815468055
0.005715897523645069
0.0056994710401448104
0.005603124194531685
0.0056519609090113195
0.005635943751572307
0.005657502374833012
0.005616605043427049
0.00562020470879038
0.005568477142255475
0.005612098553182224
0.005592433930712382
0.005538443183183006
0.005555221761518099
0.005562500304879644
0.005494684064879409
0.0055578485639701525
0.005470668955899
0.00543781944437634
0.005424162617616142
0.005409966752960936
0.005467076848875785
0.005442183206006737
0.005397981494076058
0.005421380742162709
0.00537313465169417
0.005361772150344759
0.005400338543665995
0.005235107939751574
0.005289518790209371
0.005318589300429614
0.0052585426640166825
0.00531561470791514
0.005325980838811933
0.005279773184977667
0.005241959625022917
0.0052893316302517635
0.005245356100246063
0.005196549613166461
0.005173050570971639
0.005237665977338268
0.00518328441771059
0.005165291124273347
0.005127954760268602
0.00512832982501952
0.005134240186774511
0.0051111430712905154
0.00509299205142427
0.00515299853302502
0.005064873495906806
0.005122114935810742
0.00504760200609021
0.0051411032565611145
0.005016448549830828
0.005004410519065975
0.004966965939757776
0.005049987542042339
0.004950981159346644
0.004927547589407768
0.0049775381340033
0.004999724419067213
0.004941777003473868
0.00498947752414437
0.004901745093924345
0.004901881532457727
0.00497045645806289
0.004878869337582236
0.004918526698880155
0.0048667766138147115
0.004849887902126581
0.004813115277513267
0.004841515504277039
0.004875664557788757
0.004852542698097152
0.004822447646071199
0.00474470917487656
0.004736684615712714
0.004739274174349672
0.004819695667634683
0.00469840893698997
0.0046900583472997
0.0047097107433208265
0.004683363562600661
0.004659236571151819
0.004730186294876557
0.0047176674337922895
0.004660123957093802
0.004617045017072114
0.004662628051818958
0.004672662963067437
0.004681249413397366
0.004628966937873941
0.004614506367127708
0.004570905051206396
0.004634858320894881
0.0046285420196855625
0.0046477994778682495
0.004551748102848863
0.004526053488458179
0.00455621003344207
0.004538292279052414
0.004576104097453806
0.004596842917668651
0.004512445801099248
0.004483456215790049
0.004460185061196754
0.004528821566652399
0.004485461870939064
0.004472236462466047
0.004410167336971081
0.004450612767792534
0.004462783424013276
0.0044244874159417216
0.004443821572747429
0.004445438383305826
0.004425593323254806
0.00437205136226797
0.004415801968849293
0.004462524119267845
0.004384023983726675
0.00434907773694614
0.004346825766260697
0.004342530753388219
0.004373598079390208
0.00426504759370074
0.004342597440736772
0.004323822793272367
0.0043333801121467055
0.004287032748118709
0.0042732204922218036
0.004281573866049203
0.004237628263482831
0.004283448413581154
0.0041930938167326634
0.004189977591792965
0.004239751645611679
0.0042070230011003
0.004214820345395805
0.004211161072571682
0.004145638891401135
0.004199318619983733
0.004193476317023933
0.004162163542951849
0.004203531373164639
0.004133389658608294
0.004179352294535269
0.004078781321651746
0.004076200573565361
0.004170913111103829
0.004118885572942727
0.004081583713503105
0.004103685564802148
0.004050004994849589
0.004076972459404668
0.004078738444512335
0.004063110840448936
0.004048244111930014
0.004058389360316064
0.003988235182982678
0.004038177233358377
0.003980949516311864
0.004030900372136444
0.003929377628542095
0.004004114707581929
0.003950882890886729
0.003955582202925499
0.004018220462527834
0.003935987832631377
0.003949455126486034
0.0039368907444460605
0.0038946186294178337
0.003937364226292852
0.003904677605744698
0.003854485257286408
0.0038932132593127314
0.003909910358092552
0.003842156919331221
0.003886262193851153
0.003888191980718421
0.0038329391090216047
0.0038473673282101834
0.0038376870431473687
0.0038263675574053955
0.0038535118652989146
0.003789226197764801
0.0038011191258909556
0.0037962939697958817
0.003807568280698957
0.0037622532664484103
0.0037668132780180504
0.0037603935479727144
0.003702771956918612
0.0037454919404355837
0.0036741589444775824
0.0037559676172173456
0.0037366643745199014
0.003718117454559683
0.0037400796621434645
0.0036719936062133926
0.0037195137184414598
0.0036922904376250486
0.0037053567980514265
0.0036950571796735814
0.0036905711100418937
0.0036489105606533245
0.003678772234555111
0.0036653096051197562
0.003649202970462487
0.0036060154029586605
0.003649669267636423
0.003628554721086661
0.0036262854025653963
0.0036281552621987875
0.0036074435036908964
0.003601542691193347
0.0036244853621714723
0.003543761141038435
0.003523023210243535
0.0035611159917348528
0.0035710512308893346
0.0035779840264381817
0.0035281835689418054
0.0035501258800784805
0.0035017434224736796
0.003517349947104703
0.0035208277435097384
0.00346869244843763
0.0035134096246598524
0.0034384464436211454
0.0034961006647465237
0.0034793734230429384
0.003486678503221122
0.003406995309239305
0.0034449760766288653
0.0034240215171094726
0.0034598205264015224
0.0034713114048712554
0.0034124007590867135
0.0034228123962117677
0.003399681574619234
0.003416460595761413
0.003386051809083998
0.0033997191904660377
0.0034081388120696067
0.0033921023079777693
0.0033989614591028177
0.0033636888501301374
0.0033372638648510463
0.0033272226842020187
0.003407744903542619
0.003360108104995611
0.003402562409023553
0.003330697551708969
0.003309558445869005
0.003295232642107396
0.0033117575227330585
0.0033392103449083055
0.0032795352289393597
0.0032760275773725455
0.003270264862641674
0.0032360351001801176
0.003282878232420695
0.0032654973370604304
0.003267173131219753
0.003226699080793127
0.0032297345829570335
0.0032160009951324544
0.0031889914241084866
0.0032507843349424874
0.003237636990561898
0.003212707046860521
0.003199588882425607
0.0031651371988363707
0.003231523704984132
0.0031517807617954356
0.0032057155735984466
0.003177700725925136
0.0031785655697283846
0.0031781352251101843
0.0031594958660922704
0.0031698875923594876
0.0031449325094904516
0.003134458028298117
0.003146583579349019
0.0030833752221465323
0.0031354822008607137
0.0031400143960243873
0.0031373670485263434
0.0031292773984737733
0.003050721906998431
0.003065669541667651
0.0030488089517763006
0.003076826133644813
0.003041993789022959
0.003050824439271837
0.0030708252150378193
0.0030644605038605147
0.003047452666449269
0.0030813485412038853
0.0030349286490586507
0.0030361888243004673
0.0029939403586491317
0.003001051051968656
0.002990706436753238
0.0029913176391729588
0.0029972009025899964
0.003020644246560511
0.0029652417247067625
0.0029804282833745315
0.002971512431486123
0.0029570818239914253
0.0029340363029022147
0.0029266411431470947
0.0029115410279881015
0.00294805426506756
0.0029477536150408668
0.0029221315617530756
0.002939576472192195
0.00290570454286102
0.0028689298153911718
0.0028967169691402695
0.0029111890794985156
0.00286797741041479
0.002895498071672588
0.0028919584389908853
0.0028929184340861203
0.0028862317740720065
0.002873542986163814
0.0029048601242069308
0.002848177950106583
0.002824952414152361
0.002848599928529581
0.0028399605311744927
0.0028396669056303015
0.0028128739497988195
0.0027962971661229553
0.002783988733760544
0.0027961077300294687
0.0028054473947946206
0.002789973787902058
0.0027759234363323817
0.002768867069143283
0.002753273766476003
0.002808701456233841
0.002748165256694045
0.0027641357910669017
0.0027363519105531317
0.0027657973765473983
0.002778782797069951
0.0027266794225978353
0.0027762959380892792
0.002725152912119826
0.0027218097545599904
0.0027099677222800485
0.002745964884992875
0.0027617315135048904
0.002706354017285575
0.0026634773618306766
0.0026848606174990236
0.0026629330334792967
0.0027040288950149452
0.0026468270336401857
0.00265985063060042
0.002613277311592045
0.0026668753275488582
0.002605315527959946
0.002620883194800704
0.002629999510592308
0.0026432974368491725
0.00260452185556354
0.002603753904729759
0.0025921761870893656
0.0026276915984212858
0.002604495053799678
0.0025624682923383697
0.0025624330088887238
0.0025756266889593806
0.002571281138476147
0.0025739996557512354
0.0025421401051194488
0.002569746297791104
0.002547632225418592
0.0025593118625362715
0.0025104601411929713
0.002533835685266932
0.002545342221437269
0.0025155199748250682
0.002481407615530897
0.002514650860437168
0.002496756793596073
0.002500625283342842
0.0025010809340829093
0.0024876175563648575
0.0025063616770924875
0.002488396022192038
0.002460593345293778
0.002461585625121702
0.0024497861174552584
0.0024602652186733157
0.002467353548659157
0.0024363287245020506
0.002438794775503465
0.0024437173337701792
0.002441410357906659
0.0024219197570322587
0.002408081965542359
0.002423282133269252
0.00241364895514266
0.00239474044504322
0.0023938025208302335
0.0023852683345045524
0.002392970425566381
0.0023824417083101387
0.002391498012842054
0.0023741288788865704
0.002357686836510747
0.00236279173761363
0.002313252511188607
0.002314104191868711
0.0023203836420339794
0.0023741533664484848
0.002319158305054877
0.0023178966897127494
0.002320615636080649
0.002325256591516838
0.002305962479753317
0.002298941306744982
0.0023143617898635977
0.0023244937351339545
0.0022935146322586694
0.0022626125565459528
0.0022915144829526238
0.0022799448908783666
0.0022537217204510462
0.0022513027569641755
0.0022860289371455446
0.002245966830736212
0.002218173233299599
0.0022338007781236824
0.0022134013930627354
0.0022100832188023728
0.0022211928858041825
0.0022038762918246825
0.002233457266909805
0.00219337084296646
0.0021929109018350235
0.002225409938464211
0.0021874618845661204
0.002190548619042041
0.00219020690719652
0.0021815640562065602
0.0021687344412430914
0.002145922091617453
0.0021543436050140306
0.002132170743863384
0.0021480350618879474
0.0021362721740913683
0.0021480579843760443
0.002121323235237923
0.002114237544496096
0.002120796725197181
0.002104114465929342
0.0021084007634826563
0.0021127352562906087
0.002083572881364079
0.002067706378227686
0.0020902045541530785
0.0020784382477899562
0.002088576100813697
0.0020935911239742355
0.002058091380115121
0.0020489256130212146
0.002076463965165463
0.0020646175821724504
0.002027688447322625
0.002026381874070401
0.0020167083643067465
0.002050720651738622
0.0020338212229954506
0.002020270341423185
0.001996533404101582
0.002010446759347455
0.0019940633857727097
0.0019924861238965357
0.002011184064604353
0.001971265541185476
0.0019614040028881354
0.0019848209681155434
0.0019680904806828126
0.0019721524910746107
0.0019621150372477144
0.001932742523597738
0.0019749231844163723
0.0019465180197942233
0.0019211989299559207
0.0019212103267961644
0.0019165955807988622
0.0019205772641466001
0.0019077667480181385
0.0019024542431159848
0.0018837552389117417
0.001891549244759825
0.001889053463522514
0.0018839047358810569
0.0018820512903279444
0.0018763394002548322
0.0018834098601983912
0.001870934191766578
0.0018486998671561096
0.001854790330500933
0.0018551674413206638
0.001840617549000622
0.001843674586364455
0.001845882158806195
0.0018132748195338253
0.0018324043057494563
0.0018162504375507035
0.0018009683711902485
0.0018108890855488514
0.00178438694509005
0.0017948184817492623
0.0018247151595413927
0.0017909616769227052
0.001779507131927653
0.0017828447221532916
0.001761606122874354
0.0017564609697060286
0.0017742847532014458
0.0017579185268540786
0.0017488813735607959
0.0017534455970912052
0.0017452905034612502
0.001738562567954689
0.0017407802611041025
0.001724803956750519
0.0017116166025843674
0.00171732572701276
0.001695598035951968
0.0017049932436792403
0.0016828378024625913
0.0017046621484501472
0.00168701991093789
0.0016883349083025145
0.0016617465674150164
0.0016825604442272648
0.0016652269455329854
0.0016535741638307774
0.0016570446670666607
0.0016376961943687662
0.0016500425403567366
0.0016400033908859344
0.001620608575315597
0.0016345389432450758
0.0016154350145535581
0.001609036898241887
0.001602588931310807
0.0016085286996300955
0.0016004952943535205
0.0015875227442971038
0.0016001699284274348
0.0015896901541120607
0.0015709482309050559
0.0015456409750291204
0.0015598204625015453
0.0015655407993593804
0.0015585994981742728
0.00154491955420822
0.0015246196168379833
0.0015217908915864393
0.0015181961572502596
0.0015191280352231263
0.0015116886920393546
0.0015153696003525187
0.0015062048083123122
0.0014845654287200017
0.0014993106928336047
0.0014661837564984338
0.0014787030556421784
0.0014719087608973944
0.0014642608312438225
0.0014696065094351306
0.0014569632671535108
0.0014589540020058297
0.0014401328796886184
0.0014421039293734984
0.0014378206373902795
0.0014322401297907363
0.0014292057228897886
0.0014089060057919578
0.0014409325804561224
0.0014115265400171675
0.0013949665892497515
0.001407727839222524
0.0014038304827078609
0.0013690704743231032
0.0013845568066688432
0.0013537075204849188
0.001375852552982465
0.0013594842861320993
0.0013545842140172148
0.001351227414267433
0.0013377371756873994
0.0013354707466384354
0.0013225145971269897
0.0013233592812787987
0.0013101053070934058
0.0013166715299352272
0.001297353346904068
0.001297597345913623
0.001294772058944957
0.0012835693358947972
0.001280975072947026
0.0012841664108205332
0.0012759986049520502
0.0012733770963792859
0.0012546100354114962
0.0012660232939040274
0.0012477396927750494
0.0012355458305094045
0.001225723207023237
0.0012381575834301967
0.001227406377998563
0.0011995598346779598
0.0012130994184541798
0.0011984776470176182
0.0011905846089314306
0.0011907073183965247
0.0011726873427265999
0.0011757959246385852
0.0011752208410909042
0.001159288794454827
0.001172138006173796
0.0011557794966725438
0.0011362037777620949
0.0011227268839819296
0.001127615049565711
0.0011240016481975947
0.001126779606639475
0.0011186992812463653
0.0010931411166667086
0.0010960878817480627
0.0010819469580318657
0.0010882824040866674
0.001083112175078244
0.0010732649363043845
0.0010521064395513217
0.0010550085557231087
0.0010511981908066755
0.0010483306467811947
0.0010413454756764812
0.0010238516384427027
0.00103466183331072
0.0010210909588248165
0.001001748071048068
0.001006526892701723
0.001015279821982161
0.0009842424647877905
0.0009919352493937181
0.0009633534156395408
0.0009865476970663666
0.0009598223467950205
0.0009408881407836797
0.0009449628389334545
0.000946164489848621
0.0009410317922205488
0.0009328332439775596
0.0009221345872947268
0.000914014630884427
0.0008967388984438109
0.0008890425759171778
0.0008908347540925402
0.0008751420186987337
0.0008730249887570041
0.0008569083466429034
0.0008451227110050857
0.000846061114346682
0.0008304905872231892
0.0008277918136044084
0.0008374372002577669
0.000807877465859548
0.0008032330124156661
0.0008017521003450737
0.0007848409267518723
0.0007962436529335709
0.0007744682408011553
0.0007614605093756064
0.0007525761578191084
0.0007482633149202583
0.0007320805073829725
0.0007272135005067425
0.0007135400079577101
0.0007078558480726373
0.0006924088083826686
0.0006851354415508625
0.0006867381805356576
0.0006724358575016226
0.0006611147071659875
0.0006519929707107305
0.0006485342416310477
0.0006297981094203978
0.0006203505788786136
0.0006162095739810204
0.0005980544126408568
0.0005917856839457022
0.0005848585930103155
0.000561559528364978
0.0005520816585292698
0.0005423433526211665
0.000532806667772942
0.0005227228436841701
0.0005132263012728345
0.0004877293601288327
0.0004844701392246757
0.0004679977169189188
0.000461305036808326
0.00044486440873293487
0.00042594800957442464
0.00041089019741172495
0.00039554154676602814
0.00038256717236674896
0.0003703341134373617
0.0003497435601024158
0.0003287557283843628
0.00031266560537084026
0.00028927797386473305
0.0002639228103256152
0.0002459071967801457
0.00022170189144303217
0.00019228379798006765
0.00015591806385797637
0.00011046523194499696
5.04907412184303e-17
