0.14599919432973044
0.10186472316546198
0.083772319881321
0.0718773656930808
0.06488387688560515
0.05890327239264099
0.0549889070121146
0.05114967421426238
0.04822240745009408
0.04550083324441781
0.0428153255174566
0.04073862821562282
0.040035613363737836
0.03855660008350327
0.03699940004841708
0.035834577846440806
0.03465672065247866
0.03395872436992891
0.03310050070282166
0.031981840888346956
0.031278466117119284
0.03021573180793846
0.030032022272787385
0.02926295271799216
0.028245693344455487
0.02797370882593154
0.027488934715050938
0.02690692466927881
0.026363391084928713
0.026073245448162294
0.02568691478270136
0.024820650675809127
0.02469968339631604
0.02409409101142523
0.02418012332412789
0.023793814037158034
0.023177131407053034
0.02297501692174892
0.022656982376523586
0.022234654902784177
0.022181169413462803
0.021504153273746784
0.02177051258921245
0.021442528011683334
0.02097822295322148
0.020627822115769107
0.020508068727976184
0.020283870279266807
0.020130128543201044
0.019703264564640978
0.019906865404008448
0.01978453772785862
0.019087821322418354
0.01901644202166999
0.01891388834057432
0.018588661629252046
0.018688756621458195
0.018318733105277374
0.018254214098515447
0.018083981184323514
0.01819317723206399
0.01773132837123129
0.017672752142620058
0.017466300906890317
0.0173087345230669
0.017185894293685285
0.016861532134448996
0.0169286931159342
0.01684853500596333
0.016606876096858212
0.01643374511767924
0.016420269819757874
0.016254706502220294
0.016140187002671374
0.016078093910214742
0.01584293770056886
0.01579959776637269
0.015744407857488277
0.015757661213590356
0.015355480385978698
0.015456963743887326
0.015253988391064073
0.01511838766575109
0.015226089330167603
0.015014943260874946
0.015059187981767872
0.014710800740472704
0.014659532418158993
0.014709165708707398
0.014716214823645714
0.014460040643129035
0.014380842303288698
0.014285761505092002
0.014151586935398012
0.014183126775790504
0.014077310014937063
0.013809055350440223
0.013822791616734857
0.013917240033744315
0.013919563490064677
0.013628492857717486
0.013593742301942793
0.013355922047834505
0.013481381226740967
0.01347810353491919
0.013060602227237596
0.013276924546649221
0.013229423374728143
0.01328064786833611
0.012958757223583925
0.012814664093356392
0.012984263022233454
0.012969391989511924
0.012851774364052378
0.012731026819052279
0.012644196506372952
0.012555251274012033
0.012573033380452915
0.012329865606326249
0.012195783886728687
0.012247529337152075
0.012493649880857617
0.012134531367820413
0.012148291250211586
0.012107934254655908
0.011960639930835603
0.012103284398539896
0.011978169761828273
0.01197623735542746
0.011956214630687112
0.01181510086723362
0.011606899100460113
0.011643845205889914
0.011609646011459375
0.01158627945287268
0.01151796564162525
0.011489327332693002
0.011342035041733457
0.01148136921650205
0.011275368700753878
0.011214475686937562
0.01106465511365437
0.011105849110425703
0.01102676562824838
0.0111249629368425
0.01083446119561522
0.010906057477078963
0.010862613954399488
0.01094183824619892
0.010732321323094741
0.010771498177375877
0.010814946497705868
0.010676637999348907
0.010747089495035552
0.010738770150691497
0.010662871293108089
0.010594539007232834
0.010550066805378448
0.010609146714933524
0.010622042488180152
0.010586511309136463
0.010364984139360552
0.010412644341977433
0.01037031907626002
0.010262828430860209
0.01025047392587085
0.010010208334877875
0.010204954685343522
0.010129325144830758
0.009998017258042903
0.010070195221242133
0.010044814040802343
0.00990552226937561
0.00987143960282298
0.010018793023651268
0.009850527287878424
0.009835718195424803
0.009774408945295757
0.009796999751140359
0.009602002918580415
0.009758810629946246
0.009654336002378958
0.009601972854238092
0.009609876222566338
0.00953630840562387
0.009464471719685839
0.00942445228749163
0.009457668143007929
0.009434088322955435
0.009381535360211942
0.009280067907050523
0.009512381443749975
0.00934656915885441
0.009313889292917335
0.009162679741457867
0.009288366769964569
0.009155478509235981
0.009161572362211934
0.00915756413458347
0.009162579683464516
0.009199149240597587
0.009191138934435062
0.009008068220538373
0.008990534342626188
0.008986765505408242
0.008948903953363499
0.008886004660033175
0.008864862622632164
0.0088776561020517
0.008799620770306422
0.008832798543084728
0.008803172961285554
0.00884254459936958
0.008645964677378366
0.008777395356269922
0.008657115887748763
0.008709925331741692
0.008635314479617913
0.008578898632115167
0.008479654699816168
0.008534993595395115
0.00849245452367608
0.008582059523092213
0.00857017298066947
0.008440248621725913
0.008397091530360319
0.008363038667694084
0.008326603695687716
0.008375843963181416
0.00827315482412448
0.008309719120279271
0.008272885257873747
0.008336012752106301
0.008195857282226606
0.008125731021348295
0.008095253815209435
0.008142160261000947
0.008317685461615959
0.008019357957972343
0.008107976295524738
0.00803311374563953
0.008104451385280017
0.008193830883033503
0.007984898448982146
0.007996583639603773
0.00792957197371882
0.00792579193599801
0.007985566472285157
0.007910195123871424
0.007805258850392199
0.007868880547273934
0.0077882414930067765
0.007917571067050077
0.007830228073979928
0.007818066785745831
0.0077532942064889344
0.007736276177106037
0.007767670526580059
0.007757966126998566
0.007748816218899503
0.007694070937719157
0.007688514141373586
0.007686832079182305
0.007633543490897283
0.0077228841492094046
0.007729079658804296
0.007548579768495857
0.0075343082492239696
0.007526823049543919
0.007459315815471772
0.007596985308795012
0.007364814537468563
0.007486611290749518
0.007381937735535085
0.007470497139543908
0.007449130308630554
0.0074066373828315345
0.007379892346135311
0.007266070544682105
0.0072823524248166885
0.007259956518417647
0.007331440023844705
0.007281558191519945
0.007238545258897039
0.00722909353855591
0.007268440321638044
0.007260894187697063
0.007213628600461389
0.007127016037955895
0.007165611692396554
0.007145255404597565
0.007193251743009879
0.007070301245798786
0.00704452975147438
0.0070020015672911835
0.007097305921781612
0.007037834039840879
0.006957827886376725
0.007013424390643657
0.007012047430007721
0.007011052836931318
0.007011936283770676
0.006857244689440001
0.006951991997502739
0.006908156719548062
0.00686917573092696
0.006870051552285474
0.006881979641982515
0.0067886464344873556
0.006802461087848508
0.00680046263620709
0.006857304660833752
0.006684129235665666
0.006759140245987534
0.006756597691447018
0.0067272460961004055
0.0067175574603781495
0.006689822289869474
0.006681295442569437
0.006698315231523624
0.006659942068206977
0.006584872941030009
0.00654581682927005
0.006634452002177283
0.006569436589730034
0.006588989071723946
0.006577972118971767
0.006545577041679133
0.006515274177201822
0.006457203422550995
0.006493336325299569
0.006478367495246339
0.006467017165675169
0.0064293925263259645
0.0064302552589287024
0.006360928025567482
0.006407226650394262
0.0063605397719323775
0.0064191757674819895
0.006379945990781783
0.006269138912206834
0.0062962410601018984
0.006356691426616387
0.0062731382825429415
0.0063004047996598625
0.006363106318605872
0.006260010167448749
0.006296395498250582
0.006173400634526713
0.006289077768109615
0.0061510555857088815
0.006144721062942835
0.006189839767159551
0.0061767498809796794
0.006083906428105276
0.006134676194768174
0.0060395100223469425
0.0061270475491500805
0.006126939962353265
0.006131975753172838
0.006053162682492473
0.0060119044557935125
0.00602512540976284
0.006161071954284346
0.006061609030663277
0.006025801811013683
0.006019585699061611
0.006026993462299098
0.006016687494699394
0.005965704346405606
0.005947016197082795
0.0059677021992855205
0.005984119675069966
0.005910846134091369
0.005927557117345047
0.005866788375853909
0.005899182127904672
0.005886961891057115
0.005852437901974807
0.005760622296346829
0.005759807943604357
0.005788852934429005
0.005708978593022736
0.0057183264049609165
0.005821752322525249
0.005742302324717077
0.005773126234567849
0.005690076641980835
0.005808784745786665
0.005674393461494991
0.005665031631335934
0.005736941733830832
0.005730362855315133
0.0056556065154400505
0.005648414459842524
0.005564459945926334
0.005683535916754717
0.005545295366766589
0.005654902795034299
0.005625236011372734
0.005515822047288011
0.005594406261481933
0.005536432799509178
0.005499887065455048
0.005539988201940609
0.005454983849569941
0.0055711009859502085
0.005499978370290541
0.005544206288602009
0.005441725488195584
0.005427220037176889
0.005457260927410863
0.005451826168702639
0.005354288164683194
0.005383467184696947
0.0054442087901454
0.00535888806968555
0.005384770422221568
0.0053876925377523074
0.005288536881511493
0.0054453289461917275
0.005367923780470162
0.005349406508522294
0.005289940080033297
0.005284566060153234
0.005271374020752293
0.005222022800430133
0.005261660597539236
0.005261734865231486
0.0052917577138702
0.005237193173402517
0.005175075641318733
0.005217007928703346
0.005171508243321674
0.005217257879150338
0.005244063366765441
0.005182418599358115
0.005217678055460851
0.005186906199338485
0.005168678959361194
0.005115882490225745
0.00517439821743069
0.005166662468668532
0.005104434774973441
0.0051342848395489115
0.005016119867196114
0.0051055060416108885
0.005115959523396385
0.005043023284483034
0.005059843749181585
0.005100141976698764
0.005074688810856242
0.005001224860272801
0.004957030083046153
0.005042171029978287
0.005009098938754484
0.00491946407649988
0.004967897296863334
0.004985844318908435
0.004973364634704297
0.004947679970227839
0.004894208936824622
0.004958931992413931
0.004839353237897542
0.0049074464347573414
0.004848876339181396
0.004902001760310123
0.004892110596884831
0.004824980082410291
0.004897757895027326
0.004866488130513043
0.004848782747589487
0.00480856152113064
0.0048296772791015475
0.004791437340890989
0.004714723718884115
0.0048303806402401365
0.004773967878466457
0.004696559901366353
0.004800894984471584
0.004749208427526707
0.00477389651761102
0.004731227802863466
0.004760800580660015
0.004703055064912118
0.004704591312939847
0.004649570509895323
0.004635171174540142
0.004671746050075269
0.004658794201569083
0.0046752125963819054
0.004627232749764906
0.004645213842902433
0.004627825576312717
0.00461462848114913
0.004562092087426039
0.004566482997199241
0.004516828613171096
0.0045898953328437925
0.004551530179874845
0.0045528200747421395
0.004565946184551748
0.004560078162806949
0.004522803791701335
0.004473111851959999
0.004531996976904131
0.004478048330969875
0.004525050125012179
0.004481051081958536
0.004468388461437639
0.00445772429910559
0.004464275068593109
0.0043878888394578855
0.004480334767158462
0.004401278341065864
0.00438925339498125
0.004425200429500282
0.0044285320837509174
0.004324817162743924
0.004429052748577093
0.004409979525767947
0.004333048394558518
0.004363509598902828
0.004373206360231935
0.004327169650936642
0.0043583885736962775
0.004288455750230537
0.004319235359626317
0.0042689593891547485
0.004288343587521065
0.004325129800290677
0.00433804453645676
0.004274145101749269
0.004271956168420345
0.004213410490772456
0.004207063625174723
0.004279994543839619
0.004195953743131524
0.004188784449242425
0.004207048764927444
0.004197970948592984
0.004226708868631546
0.004165973198379916
0.004131834286603364
0.004093677686612912
0.004140820428059198
0.0041684747942114745
0.004140598332449704
0.004190421097752726
0.004038913451347745
0.004133073847391121
0.004092907943701427
0.004066074948478981
0.004067606421801856
0.004108077794500416
0.004064033247164958
0.004107517080224938
0.004011329886370398
0.004042381974943064
0.004067026941642868
0.004070828135709488
0.004057612152643954
0.0040112672095099135
0.004050433461312696
0.004000541795322747
0.004023100438725663
0.003979841038860932
0.004057095547167589
0.003941219138379753
0.003978006513170812
0.003922386970646891
0.003981441779479468
0.003939478937586722
0.003927838939220992
0.00390958482130697
0.003906742885603069
0.0039057055672130437
0.003892372862945827
0.003913483965810561
0.0038952312541467686
0.003887838958877305
0.0038489449706864414
0.003801960993951573
0.0039040508238497897
0.0038424851178878137
0.0038145798805273557
0.0038405524322172365
0.0038295650471078363
0.0037991933616296227
0.0038209862137555564
0.0038219367099817884
0.003780731323729384
0.0038132012268164814
0.0038098638376152546
0.0037590712198486047
0.0037528558242991583
0.0037831348150338963
0.003732725310172348
0.0037911051785996987
0.0037368556505823877
0.0037427326990504923
0.003739584258398022
0.003709013032632679
0.00370602694185146
0.003672163787777195
0.0036534482321068447
0.003662441073687841
0.003646279631413135
0.003661819691027196
0.003604981598675827
0.0036534988887332314
0.003588017093262452
0.003648586167808255
0.003635838554029021
0.003628306154753905
0.0036064047960462325
0.003564203933779436
0.0035723246385454778
0.003562335185788668
0.0035427397709127876
0.0035912279700521777
0.003544252088477671
0.0035326694874572764
0.0035490878356803624
0.003570240472440862
0.0035339744023765223
0.0034753096818816256
0.003544475337129751
0.0035732383765599562
0.0034601645123064745
0.003467145643615625
0.003511241606990423
0.0034675868847569287
0.0034475913382609157
0.0034650040171558057
0.0034599081348641813
0.0034699017203486896
0.0034627497562574362
0.003390028214898704
0.003422473491691967
0.003454203836072585
0.003392016223143784
0.0034261307478928153
0.003387332851656492
0.003427249296982
0.0033906796119211476
0.003338244116347559
0.003346255204839864
0.0033688662046803403
0.0033344239146883906
0.003361953390891002
0.0033581340298148112
0.0033410011404901817
0.003312195175284273
0.003297040115478185
0.0033131738318783713
0.003297130270032182
0.003337172800272205
0.0033284192281898503
0.003303498209316919
0.0032833327819364387
0.0032435965622894147
0.003245890922523293
0.0032256719071461623
0.003240183667272509
0.003232293545214237
0.0032443578074141852
0.003197013018584836
0.0031958126979890573
0.0032453194813340434
0.003174551068361282
0.003208926842420177
0.003188817841815723
0.0031537989840924787
0.0031730701815293853
0.003167976892512261
0.003142104050432831
0.003130450279434906
0.003140581615804948
0.0031220866687652234
0.003134083657709809
0.0030966664150450978
0.0031017648328356025
0.0030912812925551507
0.0030616269562648594
0.0030910082848508913
0.003085608273288244
0.0030702256508209004
0.003053991117441332
0.0030931564182598795
0.003068906919729052
0.003062221863013251
0.0030704836344251194
0.003039238760202432
0.003043183418514932
0.0030111978346600682
0.003003699153487415
0.003010600833692092
0.0029858105826128995
0.002958355493954983
0.003010431364884421
0.003017548906078167
0.0029474690808477806
0.002953175351872843
0.0029272163227517895
0.0029347123184926037
0.0029628035161061283
0.002952417797181453
0.0029430420314145093
0.0029174689465449135
0.002910205620301562
0.002915701861699958
0.002906291814420298
0.002884775173928303
0.0029042999788517626
0.0028799841239421256
0.00284505512968742
0.0028722037536623446
0.002851188941530564
0.002849599681433608
0.0028361745113986057
0.0028419854791051522
0.0028165225773454355
0.0028180483581918547
0.0028192882934420754
0.0027776400465113495
0.002821543180895385
0.002806444216413026
0.0027706673662500274
0.0027882274547925017
0.0027723625289668803
0.002770241539197423
0.002786629012317103
0.002750464615120993
0.0027155588055046863
0.0026968179672148475
0.002733197415070109
0.0027261226684406215
0.0027415244176793646
0.002704514778746488
0.00272089484026345
0.002710880534388375
0.0026924735769849697
0.0026797761406889544
0.002659512239633328
0.0026645082152614093
0.0026435150338378574
0.002651577172918198
0.002618888874033724
0.0026603240127526565
0.002603496578350613
0.0026056985865798546
0.0026341690471348663
0.002583075413298902
0.0026313859432713525
0.0025517948433450392
0.002584305799173954
0.002620384054668526
0.0025433795675316173
0.0025706812215263654
0.0025468416845024584
0.0025642204202186375
0.0025491187657196196
0.002532442949185705
0.002505403773408867
0.002539885578709038
0.0025108197686020198
0.0025295118339422468
0.0024988793638550857
0.002522216488396937
0.002495115698536315
0.002458126146733502
0.002461544886137589
0.002474801428036851
0.002453204928716425
0.0024506093545126435
0.0024558957763273124
0.002457986803513506
0.0024361424013589817
0.0024373147898391727
0.002463462257950633
0.0023842192502753793
0.002405115894851023
0.002399908845413983
0.00238036054279894
0.002371898063251484
0.002372128363510965
0.0023834418709195613
0.0023446659015969045
0.0023468147613540996
0.002346264085199969
0.002359252814826238
0.0023161314380365818
0.002345771536607935
0.002303702664300006
0.002324283253003254
0.0023041252695468442
0.002275995073249105
0.0022852973820009126
0.0022887985267645823
0.0022882870355433833
0.0022762039539293024
0.002268966274506751
0.0022544323765099103
0.002255666839131139
0.0022364426397197272
0.0022281511467172476
0.0022060061548477635
0.0022238365363441478
0.002193654391107133
0.0022362153824294646
0.002236633112237188
0.0021612034014993455
0.002199727399922787
0.0021701040522671767
0.002149759053244963
0.002169208750551612
0.002156581446481699
0.002165845702652874
0.002153192579161355
0.0021479815336072606
0.002123592812918124
0.0021174814361856822
0.0021242619619108714
0.0020908088035280787
0.0020942383188118645
0.002092882137085444
0.00210096859059106
0.00206763049073945
0.0020795123880163633
0.002048861857780989
0.00205554437588434
0.002033421660786392
0.0020607201906225445
0.0020404874060387427
0.0020080296939202886
0.002027997341324339
0.001989484502095934
0.0019987238230537467
0.0020131265867341123
0.0019956052154060295
0.0019954239728027117
0.001981158374213527
0.0019415629541208097
0.0019382572471521595
0.0019450443548188507
0.0019665860404160474
0.001949408417319258
0.0019363097264427289
0.0019201298829930342
0.0019013946612072132
0.001900235746269011
0.0018927724516784453
0.0018789002162109118
0.0018729867715976149
0.0018743539093220368
0.0018859818066219451
0.0018650291206102042
0.001830050866718709
0.0018327171649604613
0.0018351703581717255
0.0018325110101011528
0.0018198604125125588
0.0018199365240498847
0.0018183099580201456
0.0018097206063279483
0.0017925777006506127
0.0017927027434272793
0.0017714303799411658
0.0017732847017441148
0.0017733917805075007
0.0017699671650146696
0.0017276545258858042
0.0017246123270444201
0.0017240657074991653
0.0017075029478476646
0.001707902785503085
0.0017074432283357521
0.001703511183647054
0.0016985137187720037
0.001674960349068359
0.0016776310535041462
0.0016247960897643363
0.001659797641404964
0.001639859631613111
0.0016265626276753297
0.0016377000660322604
0.0016222767821872282
0.0016283124682723367
0.0016035570377146977
0.0015920981988244041
0.0015820111782484244
0.0015909820010914736
0.0015729034875104574
0.0015576397893768898
0.0015524181574910023
0.0015564945008753406
0.0015210150030410068
0.001530053240511997
0.0015327252181557935
0.0015199134705500437
0.0014953887214057165
0.0015149536689158783
0.0014796595258685444
0.0014688282030435042
0.0014613629408776457
0.0014660219501025288
0.0014539310328815242
0.0014543957134365048
0.0014475563405211488
0.001437998433457268
0.0014054280736781068
0.0013962756443049549
0.0013974122821936307
0.0013758886548741684
0.0013610417087657894
0.0013602270790158753
0.0013615282803235104
0.0013392444893030337
0.0013447825871568942
0.0013498489507959039
0.001334507010790123
0.0013293213986382993
0.0013265209283628788
0.0013151945465786081
0.0012990993841610723
0.0012694650013761735
0.0012668936601479032
0.0012553776975645372
0.0012502590459940988
0.0012359359437724145
0.001233194248581989
0.001227173420051689
0.0012218602869998522
0.001213256858472564
0.001181483476515442
0.0011897484139648073
0.0011783056439771005
0.0011594522484032496
0.0011627415449241962
0.0011482943433402011
0.0011353071318380762
0.0011122375374275747
0.0011227062212564572
0.0011008606733634884
0.0010845090071851336
0.0010778717732316423
0.0010767720265445154
0.00105350444257808
0.0010457759829649539
0.001039259169088428
0.0010215279906244557
0.0010136646230516873
0.0010012382013229561
0.0009921004749085384
0.0009931381867981088
0.0009726405458129354
0.0009575464189121038
0.0009335033904593941
0.0009338448888957695
0.0009207193457521998
0.0009144902231455826
0.0009016234827402219
0.0008855603911205568
0.0008830281280363424
0.0008592278962343462
0.0008502716844058175
0.0008291812389356194
0.0008147506507133884
0.0008019444602663882
0.000795244173655053
0.0007865829772742143
0.0007596295441061271
0.0007419179165214701
0.0007211029734912379
0.0007077195094099719
0.000696106288643496
0.0006828308257890098
0.0006662902356907163
0.0006510428863575133
0.0006482933831473445
0.0006153669642144308
0.0005970396239364542
0.0005802957866531366
0.0005683327627451288
0.0005521479639056605
0.0005262587387765858
0.0004984880227892595
0.00048197237736570823
0.0004620094980023493
0.0004360114852254719
0.00040768798878238036
0.00038589120880667797
0.0003540130988261721
0.000325684062645264
0.00028975510030307335
0.00025167231877785414
0.00020285790745315738
0.00014381031841907355
6.51272383565713e-16
