0.01102475683721732
0.007690867790484047
0.006282551865168794
0.0056358233128440275
0.004950501114684776
0.004545868251102059
0.004119799932589839
0.003872079895567126
0.00366253466566168
0.0034861202144235042
0.003321501848059151
0.003175043510873743
0.003072114397773462
0.002916248144713685
0.002871227405296446
0.002815424751499699
0.002707957422022025
0.002610855879656005
0.0025457870533387153
0.002463156964098096
0.0023633959567187315
0.0023711427759267145
0.0022951074233669255
0.0022457680696614086
0.0022187501462892023
0.002165713485600108
0.0020979000172767583
0.0020633108574506587
0.0020205513128940616
0.0020052971278722432
0.00198303193278148
0.0019286265384763528
0.0019097750935497836
0.00188877214726172
0.001865413042344887
0.0018093024033909728
0.0017875099408083447
0.0017776969883085737
0.0017576806008452522
0.0017087987199812208
0.0017024862626885248
0.0016814487798209714
0.0016517959291224905
0.0016541659857893215
0.0016276803822970628
0.001586703106004011
0.0016057300946332228
0.0015827963128383098
0.0015403338086252267
0.0015586490909351243
0.0015266693204436254
0.0015114267189020676
0.00147702390752916
0.0014614911955043363
0.0014550760209436422
0.001456701737453985
0.001428499291962942
0.0014158627063777488
0.001419968335196737
0.0013973913631431915
0.0013957576660774823
0.0013779869715208196
0.001357998713155632
0.0013390628328083243
0.0013337244612807522
0.001310845721790171
0.0013132896361195653
0.0013093171929460172
0.001312675948281346
0.0012985959515192614
0.001284500750633372
0.0012705042451371053
0.0012537773375670247
0.0012436465726463435
0.001233986624727686
0.0012282329485532617
0.00120983319858528
0.0012103345880897062
0.0011954569949981942
0.0011889017479130117
0.0011849210169055562
0.0011932454889184122
0.0011791984969938194
0.0011717670497898224
0.0011486446677757543
0.0011484994655058492
0.0011398492980376053
0.0011305751974296386
0.0011146656185166506
0.0011234908274954341
0.001125249325091058
0.0011222275623138532
0.001107601362196249
0.0011024623600139065
0.0010968111439661748
0.0010889301966462675
0.0010612646595851375
0.0010614154827905036
0.0010520373604586196
0.0010572690292311629
0.0010517394038311995
0.001043752113314716
0.0010521792196040028
0.0010230994068666551
0.0010214584305383225
0.0010183971509035638
0.0010186961969687125
0.001009794100810576
0.0009975557553446957
0.0010090494912231769
0.0009903398401186888
0.0009960710139482376
0.0009871706547885564
0.0009836477514551787
0.0009793189494371167
0.0009688628595940564
0.0009689289134010977
0.0009636304914375306
0.0009508454617888622
0.0009601998564193393
0.000956308447120492
0.000943528287027382
0.0009313403333800564
0.000936167091909624
0.0009100294037141273
0.0009332159246963098
0.0009288935886655082
0.0009110126409786884
0.0009097675409112053
0.0009027122444580886
0.000910199225172789
0.0009034961509977956
0.0008900375216461097
0.0008969225922381099
0.0008974936894749115
0.0008851993343388053
0.0008726650816328761
0.0008846420639118076
0.0008877256280156656
0.0008796362663292854
0.0008687462207231086
0.0008624062494432168
0.0008639487796059239
0.0008571424775052562
0.0008567434643098048
0.0008439248215389065
0.0008524926438331453
0.0008396386340603517
0.0008411474572699152
0.0008376073481646474
0.0008367199956617752
0.0008458559676541505
0.0008248669186637781
0.0008280468146473476
0.0008284807014998075
0.0008228426254724498
0.0008199200334277616
0.000815266121817779
0.00081427065454883
0.0008097023961052357
0.0008129375902937126
0.0008013882915446519
0.0007910770904833095
0.0007994511725844435
0.0007882128928007808
0.000802963503689159
0.000797057666685195
0.0007834805121610101
0.0007877879508946866
0.0007781759575844658
0.0007779500747675026
0.0007718871414086651
0.0007645632929190637
0.0007676151003601819
0.0007643580325528861
0.0007569811526798658
0.0007637200369234621
0.0007475184323689559
0.000755873579923603
0.0007582146464843408
0.0007504680637440318
0.000749225151605264
0.0007343818882733248
0.0007433763959966433
0.000737217924910387
0.0007290233273214204
0.0007359262835395916
0.0007317873425444952
0.0007309893232539037
0.0007291044230392753
0.0007155207404913705
0.000726157130861656
0.0007266173191084058
0.0007194096050419809
0.0007164867943358148
0.0007123704906496843
0.0006974400491396803
0.000702353789150382
0.0007101098077269962
0.0006996692404498581
0.0007020928967091511
0.000696288789751414
0.0006869282512568291
0.0006966306647510028
0.0007006239064593466
0.0006858703711103177
0.0006803553461478563
0.0006904987546318011
0.0006781183559874195
0.000677718971030405
0.0006861359173755547
0.0006774999500637086
0.0006829669171142622
0.0006749275242150521
0.0006737060672567263
0.0006722698913850705
0.000670519586637456
0.0006696972409624695
0.0006634634109706527
0.0006657388754840577
0.0006539801935983527
0.0006650593658025633
0.0006613497278939109
0.000645325260690416
0.0006536048549255772
0.000649626253596856
0.0006504339696365127
0.0006510017149921874
0.0006430984479905076
0.0006485006991112872
0.0006342361598495441
0.0006424055985555198
0.0006416286998402407
0.0006353754495467115
0.0006378284827217091
0.0006337251839147063
0.0006368682260121935
0.0006279786074383201
0.0006281055416768401
0.000627981157768963
0.0006254808521445838
0.0006240698554648587
0.0006237311020636592
0.0006222359630736916
0.0006141373210761525
0.0006184619674987696
0.0006202489325385406
0.0006126128546324129
0.0006064835309702071
0.0006079662613772146
0.0006037851750835016
0.0006075089125041964
0.0006112899893744303
0.0005986103011107022
0.00060273791018087
0.0005933904764322422
0.0005942807834347106
0.0006013590064220738
0.0005959930510435764
0.000589751963402701
0.0005858497341235563
0.0005872119317437248
0.0005900865239678953
0.0005860349890515503
0.0005849213711736459
0.0005827359233788741
0.0005899262025902117
0.00057558447940779
0.000576726561519884
0.000569745567275873
0.0005791967723482979
0.0005776430768156927
0.0005768924771992433
0.0005738971638655618
0.000572216605453493
0.0005673250996715474
0.0005662213308796787
0.0005628982391795151
0.0005661690180409417
0.0005653051212517798
0.0005623495263652115
0.0005591195054925098
0.0005612556043300387
0.0005537331389950714
0.0005608053278006324
0.0005497317852800826
0.0005485647631259547
0.000559806328771591
0.0005503821586182072
0.0005497233478053322
0.0005446849089653324
0.0005568313994422558
0.0005418803678535654
0.0005462327354088992
0.0005414706179402269
0.0005476656059910682
0.0005407766110902556
0.000542092428909365
0.0005440679688498135
0.0005419578499621059
0.0005346111491806189
0.0005348939967213437
0.0005346155993738852
0.0005345356603722441
0.0005259224141674946
0.0005274314443213547
0.0005300507180791786
0.0005310887709193295
0.0005271453726278354
0.0005167611055729394
0.0005229570528648691
0.0005222419665644568
0.0005228597621002953
0.0005155447310713154
0.0005146973977108248
0.0005178909942799125
0.0005157993816902713
0.000512680773541561
0.0005140800624830316
0.0005145153783536761
0.0005077135621437802
0.000515513759695053
0.0005127576704784904
0.0005019610159906364
0.0005089059841192875
0.0005018896756349613
0.0005038306448262066
0.0005054670632022758
0.0004996519539854096
0.0005056903472053301
0.0005043821561510307
0.0004958834624001025
0.0004964050640811968
0.0004978154584377913
0.0004915656796417691
0.000499144005147067
0.0004910018771720846
0.0004914464427879639
0.000491806199557419
0.000488682643073527
0.0004917154307411583
0.0004843883466433112
0.00048628077739821797
0.0004872645197751832
0.0004773590753110743
0.00048389524300809756
0.000483666125357337
0.00047713246277465465
0.0004773971025304434
0.0004849742650888535
0.0004834686830974003
0.000472459549384629
0.0004733578283458596
0.0004804699681104674
0.00047448243829698115
0.0004762948879146795
0.0004759590693005961
0.00047318163349285126
0.0004707532485035251
0.0004714827859720296
0.00046450901401950956
0.0004681260495981306
0.00046640628896549275
0.0004647941142025826
0.0004661349071727733
0.00046201904318018397
0.00046064171580548007
0.00046229760339256705
0.0004581060928149317
0.0004599828081889338
0.00045652816858020225
0.00045844971943200305
0.00045423962853859546
0.00045526472957356284
0.00045472757341638077
0.0004548448714952838
0.00045165384816070426
0.000452260789911227
0.0004485031294431238
0.0004488089601612436
0.0004504898635526229
0.0004540932833590218
0.0004487197243084122
0.0004467280106793689
0.0004563741232476814
0.00044593348095214316
0.0004436179056942041
0.00044167125582976176
0.0004407106412764583
0.0004451264295987259
0.0004409335172616511
0.00043882357128012067
0.0004403500282172602
0.00043738480963339155
0.0004383560279497027
0.0004320081982446053
0.00043472384632862
0.00042924235221378096
0.00043505703195872763
0.0004305853811061553
0.0004326770540804239
0.0004248609679561308
0.0004222362986825232
0.0004270841427749444
0.00042434952156335156
0.0004263388723185431
0.0004221939326481804
0.0004253259726851512
0.000424873516189594
0.0004220922033536087
0.0004195668489738663
0.0004191859704783669
0.00042145068136454527
0.0004178873158430951
0.00041590423057951504
0.0004202386713852098
0.00041809488927655125
0.00041254436290653543
0.0004158732802066223
0.000410083983712641
0.00041206025503223064
0.0004129384561355666
0.0004070761051624411
0.00040893333128025117
0.000407145459690147
0.0004082928305566914
0.00040430792571734134
0.0004068658356847246
0.00040310872459561127
0.0004041486145455962
0.0004080137620472596
0.0004043811440457576
0.000404715642924535
0.00040029453311756234
0.0004000899876157226
0.00039636192705932896
0.0003997778261669
0.000398786945479554
0.0003986030401274764
0.00039861258529309444
0.0003981484783694162
0.000393862124841466
0.000394221693119651
0.0003886369304329987
0.0003914740488932581
0.00039244037326914463
0.000391893074741692
0.00039320446794533626
0.0003906313449065514
0.00038513228354531087
0.00038720742150228515
0.00038693222686864967
0.00038798323618588834
0.0003910849351935885
0.00038844466420727566
0.0003857862087163937
0.00037976170502640943
0.000378309381841797
0.00038261226525383306
0.0003795481336603365
0.00038017932681512403
0.00038220111636751283
0.0003770417586299606
0.00037620169440543913
0.00037963503759184014
0.00037810021981076847
0.00037125652351434243
0.00037626920234603396
0.0003735283809855862
0.00037251969781008514
0.0003732043107452135
0.000373978024017103
0.0003767871785233904
0.00036971313731922937
0.00036472476384487036
0.00036706166224689704
0.0003684786269114249
0.00036695202457087456
0.0003675885238311486
0.000364751433776851
0.00036688368025439164
0.000364177398209331
0.00036321577860153276
0.00036158566247954007
0.0003624426718789514
0.0003636436766111939
0.0003626760080101424
0.00036271313150020365
0.00035955460507658947
0.0003586363125390749
0.00035753892112880514
0.00035420865749959194
0.0003571099576288058
0.00035836220890949326
0.0003563529145001757
0.0003550720136039986
0.0003539765497660935
0.0003518321555382126
0.0003510919765582592
0.0003482184690601728
0.00034999800556408
0.0003527589176620448
0.00035232501738316605
0.00034692852066257077
0.00034747164561672183
0.0003477676661667976
0.00034542159366297414
0.00034513333818793227
0.00034433421955604946
0.00034407369982235493
0.0003398066225201451
0.00034439222861127304
0.0003425009119254887
0.00034379590170636846
0.00034000235997896043
0.00033986604811313774
0.000338937953583318
0.00033702898747660343
0.0003398559108586092
0.0003405274700253807
0.00033744429039123797
0.0003378062296554947
0.00033665663540277104
0.0003347494496692711
0.0003317255138471678
0.0003353039982977975
0.0003369088866502156
0.00033028944912286216
0.00033321252478248444
0.00033061314498188777
0.00032988815262838364
0.000326837956520602
0.0003306328907922348
0.00032676077716180924
0.00033044685752936216
0.0003313977928208374
0.00032349837049745663
0.00032506144006123937
0.0003247547940649895
0.0003262737444111909
0.0003221073829286769
0.0003235449413320183
0.0003200572147169491
0.0003244175212985239
0.00032063020672736306
0.00032061096497063024
0.00031862969711227943
0.0003198022732686657
0.0003184802608536024
0.0003172278482175783
0.0003185965601480191
0.0003175145149321649
0.0003186761042293853
0.00031983624137607114
0.00031385907360805
0.00031490255578478564
0.00031766431928232914
0.0003127930103360124
0.00031113531004389614
0.00031316750580441923
0.00031203069657933244
0.000309941736284632
0.0003091241060819551
0.00030570832332405104
0.00031080207162676864
0.00030384789003568127
0.00031224630190511296
0.00030634114249842226
0.00030359879977270003
0.0003097052019525978
0.0003060467412500413
0.0003051021868309896
0.00030539745745141773
0.0003050045740229352
0.000301585053342038
0.0002998877318923485
0.000301041620921711
0.0003002664083116308
0.0003011960702319256
0.0003008240901569789
0.0002965954796096508
0.00029823701776261475
0.0002980574913665876
0.00029382576928598344
0.00029700587907189945
0.0002966578907663823
0.000292701280114575
0.00029480816592207385
0.0002905305811922681
0.00029475968779937525
0.00029471363088654504
0.0002890193633827885
0.0002909600967777824
0.00029189559968992464
0.0002880117971981877
0.00028867757697340903
0.0002899307391483474
0.00028708020129217514
0.0002899861798139518
0.00028799859035968207
0.00028716269589254296
0.0002858850710080393
0.00028410177100182666
0.0002836133599410316
0.00028555155536667473
0.0002821481891982417
0.0002843274413506868
0.00028049239470120924
0.0002798893441026221
0.0002807110763762928
0.00027903598992513293
0.00027709708591083646
0.00027737098657554834
0.000278974517830119
0.0002781615604882486
0.00028044900603267414
0.00027711677055582975
0.00027377740405009753
0.0002796799644264525
0.0002766588616739365
0.00027410625311851555
0.00027420811964907284
0.0002741032229090422
0.0002775751644447224
0.00027309937835468033
0.00027196574819280056
0.0002696485063973567
0.0002706500096210572
0.0002709965756693655
0.0002681305935909837
0.0002708576791640931
0.0002667112253532247
0.0002666235188900056
0.00026915956094737665
0.0002641167526088677
0.00026562177700378055
0.00026371857824207377
0.0002638115072874543
0.00026638876217031124
0.0002654756657878452
0.00026384843207751484
0.0002652456218815625
0.00025697883866067107
0.00026071242225569733
0.0002625077038383637
0.00026198106939327145
0.0002607911197441786
0.00025930594278153826
0.0002616693808641945
0.00025956755434043764
0.00025753317104054165
0.0002563221859684953
0.0002578103706654658
0.00025356118505219624
0.00025777790759976574
0.0002561392743086555
0.00025555152226691306
0.00025428907942096334
0.00025351178404223244
0.0002511906701092202
0.000252662241688401
0.0002491073779680521
0.0002519981975338785
0.00025217087324973193
0.00025188354683441044
0.00024987947073919117
0.00024989929171346034
0.000250403827550246
0.0002463347617954379
0.00025111922153029807
0.00024583100963304394
0.00024772108978741655
0.00024500597300747214
0.0002450132955335019
0.000240335905445101
0.00024284253550414158
0.00024375357373227977
0.00024405504438385146
0.00024148108677303113
0.00024411479138468153
0.0002393650482465583
0.00024122228000114177
0.00023871134106201778
0.00023893616579559105
0.00023901229013421026
0.00023926634422423754
0.00023771201258549702
0.0002379784240517741
0.00023460481709201915
0.00023483085792302152
0.00023400381505269026
0.00023538169280760187
0.00023258388586034322
0.00023603346656901971
0.00023510761286359724
0.00023217365728154583
0.00023149218314904324
0.0002301411309267022
0.00023069055419595096
0.0002275751575778969
0.00023020266825133005
0.00022956405914143667
0.0002282004386941027
0.00023018984193352182
0.0002261117199239533
0.00022595846424850767
0.00022676665764713403
0.00022665346641384692
0.00022734912870573775
0.00022483132575408033
0.00022352272456040278
0.00022508611313809922
0.0002259868946345934
0.00022484541884515254
0.00022118816529396638
0.00022007941764101054
0.00021972611395062287
0.0002191765090202781
0.00022109468497467398
0.0002194264953456418
0.00021688467466247455
0.00022074700695911452
0.00021961623410050708
0.00021803226263928662
0.00021707321902783377
0.00021515835308033931
0.00021611404354295816
0.0002171712822216797
0.00021325058526794097
0.00021460147397715437
0.00021344828396101343
0.00021246029710203545
0.0002141928246638082
0.00021257772553851176
0.00020955903213176402
0.00021212494666721855
0.00020996596521529604
0.00020981395398903538
0.00020881436191226314
0.0002084195338012721
0.00020688138686627265
0.00020801557643514311
0.00020793001799486634
0.00020731396446946115
0.00020911615742665415
0.00020273563795502532
0.00020710181829519453
0.0002026511423235276
0.00020226444776188534
0.00020440446276414614
0.0002042822265153887
0.00020281688633019197
0.00020277865628446956
0.00020034488691402872
0.00019956673082268298
0.00019934865440129603
0.00019990686824320356
0.00019907492362077628
0.00019812582575787715
0.00019699687500509543
0.00019967029769990628
0.00019403230701608282
0.0001985600736178308
0.00019513612412724757
0.00019477093297239493
0.0001945839620925577
0.00019634367476218195
0.00019627901871638857
0.00019385152764698132
0.00019478578279787334
0.00019200139582961555
0.00019154655209487005
0.00019103776639471833
0.00019157618284832768
0.00018699957667230017
0.00018979327739758453
0.00018698650837185426
0.00018737429672476515
0.00018633824154932547
0.00018647082499131967
0.000188627074263727
0.00018543957817307354
0.00018524550392554428
0.0001855764976462726
0.00018147169381148504
0.00018420867624483842
0.00018305508790747468
0.0001844457712426314
0.00018136376804371476
0.00018285450791965423
0.00018102871948220845
0.00017919852652126305
0.00018118754855614156
0.00017677321742248672
0.0001797931694859518
0.00017917920087436978
0.0001769947695228759
0.00017563661894636265
0.00017811831549951495
0.00017446802758233596
0.0001740719192887371
0.00017493503678405188
0.00017425703513215398
0.00017418010111152818
0.00017288375678706046
0.00017302794097698258
0.00017296362702306218
0.00017101167066936815
0.00017070608678208877
0.0001727320049059817
0.00016979206120592302
0.0001687382066388924
0.00016921173770767208
0.0001691371983596026
0.00016578961517295387
0.00016797972547889605
0.00016720174565497368
0.00016425407202662126
0.00016557920348969312
0.00016579769238592604
0.00016540985486883
0.00016416920125607597
0.00016326992656029508
0.00016223398801672065
0.00016186853393908968
0.00016293910186203448
0.0001636081951804482
0.00015918358884588213
0.00015861507478439366
0.00015935828996592043
0.00015830173682358217
0.00015893470415255065
0.00015645748877749863
0.00015453195657330463
0.00015679844969737416
0.00015814106416602968
0.00015534710614812557
0.0001558647375520542
0.0001537915495982513
0.00015530919170179215
0.00015388631318918997
0.00015300921284366987
0.00015050011483315652
0.0001495710386206647
0.00015239082167370845
0.00014974468172861407
0.0001484224664027853
0.00015128344604821458
0.00014989787799221416
0.00014771254481095282
0.000148537223680802
0.00014863415615182606
0.00014614786348077834
0.0001457998447727836
0.00014654991987824066
0.00014246006322710851
0.00014131458948716277
0.00014271193340715935
0.00014372663757933186
0.00014309737952109322
0.00014187625928786796
0.00014019242646294824
0.00013992215053003156
0.0001394861110512501
0.00013848084013838238
0.0001376042954980186
0.00013934302950589303
0.00013726961561672782
0.00013567720484666302
0.00013671855030297628
0.00013677215136194564
0.00013586023446734936
0.00013432596424682057
0.0001329548036990815
0.00013264661386281726
0.0001344442013128277
0.00013192859622083324
0.0001305688516224088
0.00012947850753440544
0.00013028657792753812
0.00013064433333482932
0.0001289569873793988
0.00012895695690664998
0.00012745373412692855
0.00012849813392894015
0.00012619221195639266
0.0001266490774032207
0.0001249459142770947
0.0001249725007376594
0.00012426359328730007
0.00012406139043314942
0.00012239681431628236
0.00012192652560271294
0.00012004220905603767
0.00011953418558530587
0.00012066949694143759
0.000118986872905656
0.00011859574356417116
0.00011731313414690445
0.00011878156267352481
0.00011676075547968063
0.00011677706498880196
0.00011624209730899268
0.00011508967802597438
0.00011221693042387451
0.00011390096214666749
0.00011401223623465513
0.00011281931080207488
0.00011169038576759077
0.00011143519042580622
0.00011026840695637936
0.0001087056893458175
0.00010710304079599033
0.00010766132241823481
0.00010591443986096082
0.00010735899426643876
0.000106448463229175
0.00010652923937995592
0.00010479644752458953
0.00010229852039288456
0.00010366393206855607
0.00010380642793415744
0.00010214617425488665
0.00010122856507785265
9.93284872260921e-05
9.954058686638256e-05
9.891204311601302e-05
9.809031153301529e-05
9.813062213578085e-05
9.656520353519821e-05
9.712316987498699e-05
9.549429463854288e-05
9.408661788369448e-05
9.412777830400885e-05
9.267063787991532e-05
9.146879741744945e-05
9.206980073533125e-05
9.038600194471336e-05
8.984216567080405e-05
8.934520094986737e-05
8.757884049750511e-05
8.592090028617271e-05
8.711375674592094e-05
8.454994763240781e-05
8.343969512628841e-05
8.387131766286759e-05
8.338743841084897e-05
8.346616992201471e-05
8.017197275905606e-05
8.085354839517402e-05
8.065745012018669e-05
7.861248421978726e-05
7.797719503029941e-05
7.732569843549165e-05
7.579540475767323e-05
7.497510622014731e-05
7.500215637594893e-05
7.435886693075449e-05
7.193015365483796e-05
7.166097080563358e-05
7.108174135529553e-05
6.940782841382405e-05
6.879076070760918e-05
6.812471805497212e-05
6.660886964889503e-05
6.623004461581809e-05
6.47815486920491e-05
6.382107038891114e-05
6.292114553820923e-05
6.141309367627974e-05
6.096497709008575e-05
5.941608643370023e-05
5.829023284255365e-05
5.732631850550176e-05
5.6094589995781325e-05
5.5472292683844846e-05
5.3981165409851394e-05
5.278566520994656e-05
5.07116194044722e-05
5.036545756278351e-05
4.9512916402232333e-05
4.793718285702162e-05
4.670791800137967e-05
4.4880194400316256e-05
4.316753437268694e-05
4.1746475235055684e-05
3.9856437442334105e-05
3.9111806101056476e-05
3.700558734471396e-05
3.4937317499085475e-05
3.325651848688377e-05
3.177060411880771e-05
2.985394239288382e-05
2.748294853660126e-05
2.5326207458490526e-05
2.225814601003187e-05
1.9134617752045386e-05
1.569487464467931e-05
1.1207766918660393e-05
2.0268488901383002e-16
