0.1351739476306832
0.09441660906146686
0.07739523437645204
0.06730950783574687
0.05938481366777772
0.05451664307542876
0.05031903273183173
0.04684404590667654
0.04456729335403417
0.04217001169544211
0.039520401726426714
0.038311044616874894
0.03717146695632374
0.0356540429824606
0.034505942022729025
0.03327682348572
0.032041445568095676
0.03140459316125417
0.03041431187076128
0.02998501528915842
0.028791849695328324
0.028478412079717057
0.02798423551368954
0.027042459164762948
0.026817143720055378
0.026103386527897864
0.025364552278915972
0.025208138250340538
0.02433742639124526
0.024105340030794637
0.023751359805071277
0.023430577341968704
0.023200448233844043
0.022376297431278412
0.02229346436828564
0.021905350507400424
0.021694410506797275
0.021361573576050695
0.020976186185103992
0.020952395787047124
0.02065356674600171
0.019897615801938506
0.019893008976873242
0.01980864532906273
0.019553991327768337
0.0193216379148761
0.0190212348547783
0.018921714802429972
0.018595787790953874
0.01848648268948645
0.01839879606714104
0.018112016836757505
0.017859393578616187
0.01775536248320043
0.017473655581056527
0.017563195008536186
0.017194663929961638
0.017171470436422087
0.01694554690680953
0.01679274044774178
0.016791243013067843
0.016329134535358298
0.016321423700229574
0.01616123111824871
0.01604572865984944
0.015842912774291795
0.015795695582543574
0.015593203966169563
0.015659792599546408
0.015446082229435236
0.015451474890741836
0.015058058247299633
0.015045596432633465
0.014930803235987859
0.014862473773249894
0.01480317285654884
0.014628512929486581
0.0146405256730448
0.014565823894482485
0.014361233016435236
0.014441086635938225
0.013971049528508684
0.014038884468162776
0.01407015477085521
0.013912280577432828
0.013793061825190632
0.013780946187817363
0.013837755927634901
0.013647636824594734
0.013465942373681015
0.013471800620721827
0.013207724165257362
0.013219723470534473
0.013268906273168766
0.013278070358445757
0.013146052836666493
0.013064945271179532
0.013038784141059362
0.012893935694547196
0.012634754977922769
0.012542910298589309
0.012486008564063967
0.012589285566832267
0.012411248474048798
0.012309102002619778
0.012333536045173201
0.012323257540428042
0.012178081983241645
0.012171830059474762
0.01196730380559224
0.01194640043524321
0.011948117350865362
0.011848452384142736
0.011803774089971752
0.011807081809754953
0.011815528423449876
0.011797877707766252
0.011660019189075534
0.011509465124682629
0.011466099900901937
0.011575507790628346
0.011358682090348264
0.01123970498839043
0.011306995094957804
0.011215996647724914
0.011269751393866718
0.01115382075590282
0.011132888042213912
0.011093324227617784
0.010919599699764651
0.010911269643886102
0.010806879904414807
0.01076606710507575
0.010816018617359315
0.010829710779863723
0.01072409292463623
0.010673212761302495
0.010694505835976628
0.010595986193868487
0.010620105531100687
0.010519598689988589
0.010389254337391894
0.010281316574328491
0.010278627424337645
0.01036123967385693
0.010307439698746252
0.010212249463463866
0.01028336675434637
0.010209191960135816
0.010015285515571144
0.010118370499792972
0.009920142841987025
0.010023978172981089
0.009995304129756539
0.009913400353787469
0.009934987061778882
0.009902339753290756
0.009833214921231922
0.009772691728578831
0.009760146386191692
0.009648385672394016
0.009686311751576665
0.009570476235767173
0.009763639949791448
0.009537207944548135
0.00934648252861106
0.009539722840546732
0.009321878166533962
0.009363910168568544
0.009508316538808187
0.009327818584124266
0.009386443941141189
0.009225065199822564
0.009189036231035463
0.009171482361353069
0.009147581654752051
0.009140010108597196
0.009092170920470669
0.009073814268977493
0.009170256588261039
0.009031736288988297
0.008999227201681545
0.008870670122531673
0.008965566168108136
0.008875146260722083
0.008827766157884926
0.008789865841201613
0.008819500788224466
0.008817553329532091
0.008723217061248652
0.008772798360972084
0.008682034308627629
0.008623444796780608
0.008592148347975375
0.008593952583604611
0.008654498084226987
0.008569246975190802
0.008570666693328826
0.0084174530939574
0.008431905058577502
0.008427990863251897
0.008342261836246603
0.008404533075165253
0.008386954001746548
0.008322756176919972
0.008428958283914205
0.00830747955477898
0.008293884503244446
0.00818627637303538
0.008236085944001041
0.008230291062863633
0.00817138687057937
0.008087516901018783
0.008142711062767313
0.008154698803241489
0.008020583225807992
0.008056066732301971
0.00790829868382316
0.008027206964894467
0.007902563259838808
0.007991059094824008
0.007914839923002388
0.007931947440562736
0.007866936989303769
0.007900650918317301
0.007961073163916421
0.007880976257097503
0.007781198688366511
0.007855644211521457
0.007800546831082692
0.007667991709607785
0.007720739300868903
0.00774185512082116
0.007649820789315043
0.007621134562967426
0.007599501432698896
0.007625148669754809
0.007537168137213461
0.00759641096974281
0.0075611474597192885
0.0075196736266640645
0.007574288747607801
0.007432452298965754
0.007532653269463821
0.0074106266408019835
0.007509222233282204
0.007332712258436137
0.007411795309608883
0.007276672022364864
0.00736202214343516
0.007302201208762944
0.007263288426128815
0.007291375711328165
0.007303079099984235
0.007395941285117942
0.007209811834490399
0.007259465661087192
0.007129732380849931
0.0071612739786433375
0.007122120438046643
0.007056920679456334
0.007138454351232093
0.00714003328381775
0.007078758366823234
0.006942720879444224
0.007044282121430397
0.006970664447555942
0.006999822699392443
0.0069965030904489516
0.00692653078606826
0.006937587533510114
0.006885977219596104
0.0069384308650186285
0.006879448491009689
0.006866738490550504
0.006865428908402991
0.006868449848548342
0.006845269248548936
0.006903936690683527
0.006824074253142015
0.0068015712773982565
0.006766711851147152
0.006733924752536479
0.006784436068639893
0.006755161021216799
0.006774244286395335
0.006738230552004707
0.0067131266018125935
0.006635140131760115
0.006703337664983344
0.006652048538633492
0.00652210996764923
0.006561670489514636
0.006535798496230813
0.006587453327743912
0.006633491338878815
0.006511959906199323
0.006483229430402838
0.006425700626107394
0.006523362297434736
0.006413281603071247
0.006450483714710991
0.0065281228908912955
0.006382891825993256
0.006419527505350192
0.006388700518843938
0.006367753120534637
0.006320875912228499
0.006379681837317304
0.006313615645454155
0.006343368169840258
0.006331280239638837
0.006329216801951503
0.006317616904327814
0.006246370479061336
0.006256567806876531
0.00618694639005537
0.00622575990605514
0.006175979227495003
0.006202928711585358
0.006185436900571586
0.006173372379634688
0.006123515447652587
0.0061121244861637655
0.006129082591512957
0.006129497767394918
0.006065971688235363
0.006075325220243804
0.006094391200323351
0.006029911673293522
0.006059589635362987
0.0060081346801295855
0.005984581087673544
0.006013998228568717
0.006051196639533651
0.006010144870892664
0.0059866672947390355
0.005870763578918525
0.005874510678019289
0.005910725206524869
0.0058575798926813905
0.005791447137167559
0.005922310875577964
0.005880018989553528
0.005853853665219012
0.005777299849451252
0.0058696608578252376
0.005813101443912312
0.00580401211682809
0.005775603020744411
0.005741140464549718
0.005736006011696346
0.00575393143835644
0.005733136758820167
0.005753149857041575
0.005745336263547047
0.005765154219421151
0.005720880129634013
0.005691578032038022
0.0056720666989915425
0.005612605206491638
0.005642185344050834
0.005562562538099653
0.005611002586271951
0.00562946419583538
0.0055264053092083255
0.005564759471311359
0.0055162700990276335
0.005567722439662248
0.005560096094115518
0.005608615167436202
0.005516361198121968
0.005480703558170997
0.005484586485293991
0.005473725513082796
0.005540596321261645
0.005370578427654833
0.005436834797821366
0.0054789181024230554
0.0053783223811650965
0.00541825991994902
0.005294550907485023
0.005434893892193037
0.005354635767707366
0.005415364727072878
0.005283788264812308
0.005336442053044592
0.005375520859614137
0.00532417312367222
0.005285594469893971
0.005305484059840499
0.005334595027700852
0.005324849458049406
0.005273240229384455
0.0052339047363584605
0.005209139790516678
0.005195001254991084
0.005270143562249827
0.005195633406697542
0.005170729502028553
0.0051920086461078084
0.005164201889240356
0.005154050534424124
0.005102973676040107
0.0051123350134039
0.005127606280680352
0.005083717147738413
0.005124547764051387
0.005096361002504597
0.005087508373827271
0.005098826661870483
0.005131149371754774
0.0050795703015085215
0.0050752257323092055
0.0050635360729765965
0.005024512683293223
0.004989040851900552
0.005016412300344668
0.004972440346136313
0.005006049514178277
0.005030769993985197
0.004932809876454157
0.004877496221760508
0.00492524221377248
0.004925336193731177
0.004918110236117761
0.004894946344237177
0.004886333792318422
0.004918371046971823
0.004888221686154983
0.004861173585160444
0.004841347857287359
0.0048184719883233
0.004754307951368288
0.004811777675491895
0.004832578578438731
0.004750977054267071
0.00485673638327406
0.004794021614814726
0.004723091019255452
0.004790313847780727
0.004766366441222155
0.004747484924473885
0.004755352582075282
0.004724635704686555
0.004711736074008428
0.004690276973574908
0.004720067656632644
0.004707096534927667
0.0047160618587836125
0.004672148369247554
0.004649762431999942
0.004626266917434408
0.0046133276097722956
0.004635113303348137
0.004704747743412932
0.004589159672142821
0.004605374558908844
0.004595043395908328
0.004600934546712656
0.0045992246648260135
0.004568401364164238
0.004571143103298022
0.00457235615303881
0.004551453875149997
0.004550358026268849
0.004459864363566161
0.004489152317759858
0.004521213910611603
0.004508290752486386
0.004489589252242008
0.004501473547861805
0.004506417560322081
0.004395868454363712
0.004431012218084304
0.004395221822430805
0.004464811313768451
0.004431095352160382
0.0043934514616215
0.004445777469320156
0.00446766042011773
0.004427626407250368
0.004435646693658269
0.004400804634857835
0.004363397925911358
0.004390315529491029
0.0043662081787802865
0.0043213567847212074
0.004375320868937882
0.004321434182105245
0.004311083612917949
0.004312503430314118
0.004281119716937425
0.004295058137841261
0.004295822295188283
0.004266804377875497
0.004270095872087652
0.004287087921337698
0.004257396870858698
0.004236845513417628
0.004261399611319921
0.004224006893103547
0.004211115683089072
0.004228754219241136
0.0042064309425562125
0.004192862492353203
0.004206267591757258
0.004200328500441889
0.00414568209007885
0.0041765862770445335
0.004092346288397698
0.004140901223312817
0.004086439707401351
0.004159839958575291
0.004127979385901747
0.004090925609230578
0.0040588570083888685
0.0041278407579871685
0.004061426240503403
0.00403398402565598
0.004051099745443372
0.004101320223516973
0.004062981288875918
0.00403654423032987
0.004021152417688956
0.004008036670105783
0.004079208810425141
0.004007304251021944
0.003998869066886752
0.004001385388462834
0.003961618520836773
0.00401707433028676
0.003998299529826478
0.003984134319858017
0.003944470588339867
0.0039434970815843155
0.003970806302383278
0.0039548065644578875
0.0039400233157465304
0.0039181148348807
0.003946687544670874
0.0038881000855940677
0.0039324452971391125
0.0038693184903426116
0.003864161549366719
0.003859154048994982
0.0038676538062434726
0.0038265465152453465
0.003827191861905324
0.0038726275733269888
0.0038415988592793698
0.0038161699420062615
0.003750721848339295
0.0038057886396506246
0.003784284811224204
0.003815200594325197
0.0037886153439609885
0.0037582589204561154
0.0037469880144728645
0.0037429621084273637
0.0037653423992197728
0.0037750881729787904
0.0037142384178326725
0.0037250093760573515
0.0037182379318539747
0.003670258720398599
0.003697376888962354
0.003707218250564185
0.0036913858649376477
0.003703992620434208
0.0037072916859101925
0.0036388748609526493
0.0036706314960259787
0.0036797912002070805
0.003648121780158371
0.003641592437696733
0.0036152877192037053
0.0036260150087359007
0.0036013833363089712
0.003569236792064213
0.0035924005330948707
0.0036142464923987257
0.003612494360921235
0.003561469957010535
0.003583458657494032
0.0035878667841343593
0.0035485805850554255
0.0035437416884351374
0.0035629436099466607
0.003573324368056425
0.003535217560579933
0.0035409136654502705
0.0034580462901364997
0.0034959830481065307
0.0034977438816591166
0.0034715113485763215
0.003486597341906158
0.003438091478970211
0.0034196619390746788
0.0034402429881594185
0.0034660500764686912
0.003438474986701201
0.003425999235866704
0.0034666610718319378
0.0034084611315844554
0.0034142210584874673
0.0034015410413330764
0.0034268581608826285
0.003387340430139321
0.003407343150725396
0.0033843481193529847
0.0033854357757464896
0.0034008804932126606
0.003334858983392746
0.003312903435803713
0.00333483318146574
0.003320321269973294
0.003370033824086022
0.00335028414844958
0.0032906961577025204
0.003323378595777459
0.0033024237512382097
0.0033055125631825237
0.0032381804223464033
0.0032767252788335585
0.003293600974523957
0.0032197454433701483
0.0032491332653223678
0.0032854228217947287
0.0032282324376621276
0.0032965009594386188
0.003237704109599275
0.003237422240688453
0.0031963941987871395
0.0032334909747997994
0.0031405058895543876
0.003190630812328494
0.0031785336166481226
0.0031905068846020098
0.003185363555287421
0.003170600845967531
0.003149382838545614
0.003163349745183467
0.003133587912968969
0.0031636731523389146
0.003120234206508217
0.0031282634509934627
0.003133185793301554
0.0031402371651260692
0.0031361049200816287
0.0030739414248965855
0.00314469551705471
0.003087916781026171
0.00307662123353506
0.003062282121994409
0.003059144760464058
0.003061675357255581
0.00303529653699772
0.003041820318086353
0.00305136228919314
0.003053031096950057
0.003049365802841109
0.003027665706390639
0.0030377184580858575
0.003027649276133409
0.0029638822098724737
0.0029858016605587862
0.002991074543001315
0.002961226835378375
0.0029678694421328955
0.00296879548584911
0.002960227257570677
0.0029548211655632092
0.0029441528794905748
0.002946243415507307
0.0029322750393781876
0.002918280202078744
0.002950883258785709
0.0029307469619686906
0.002909038083147965
0.0028615725001042195
0.002901264111184352
0.0028425675010639766
0.002917955859877842
0.0029134455131516494
0.002873088686225217
0.002894637309185038
0.0028061131291011497
0.002814861689034975
0.002832009411474387
0.002846764627159113
0.0028416772724719225
0.002817535984603134
0.002833035423375138
0.002807338491154444
0.00279284216664796
0.0027895131348674917
0.002760376756795475
0.0027689120994811075
0.0027806395136366372
0.0027745649577553587
0.002755121030950558
0.002775010530697839
0.0027313291025086576
0.0027647096985595485
0.002714229495088591
0.00275856269301322
0.0027055130056339366
0.0026905736924988793
0.002697671196845066
0.0026871006701909544
0.0027166758327515504
0.0027345258375082947
0.0026573636278423582
0.002691188392530475
0.002668783083801687
0.002651335039833149
0.0026665750374381377
0.0026233554703260237
0.0026492871507161463
0.002645940576454284
0.0026867466439947263
0.002604273872934612
0.0025904398280439827
0.0026201118827236304
0.0026102557152869865
0.002606440575735526
0.0025875750492573898
0.0025697312881331705
0.0025940159269626966
0.0025746446208469768
0.0025603621712226047
0.00253736177920739
0.0025252795583731564
0.0025353567468494303
0.002511753810285669
0.0025232538811717086
0.0025492751775938174
0.002514762426878088
0.0025059112179505326
0.002487766657704905
0.002502815302029109
0.0025041578598303535
0.0024958377274031957
0.0024831272748228658
0.002500794952241104
0.0024659793541204154
0.0024570115231540134
0.002456712522624614
0.002459171497854507
0.002442472972225114
0.002421485632396271
0.0024384757965110744
0.0024314298533230274
0.0024399656386325493
0.0024370064029184835
0.0024213253117177226
0.0023798444590399444
0.00242827473737444
0.002384193942224265
0.002391224144656489
0.0023993769222706287
0.0023844844172695263
0.002355184043516618
0.002363305571288751
0.0023783083166875932
0.002356875694059897
0.0022867252543008637
0.002335941061382447
0.0023101596466715674
0.0023068188854937495
0.002312118365152126
0.0023247354279754334
0.0022872605234536417
0.0022978731874275593
0.002295968182415574
0.0022807738692339967
0.0022415450187868555
0.0022697494015997766
0.0022843337411640905
0.00225730322489654
0.0022272498558921377
0.0022487373154272757
0.0022192255996370796
0.002228803138779124
0.0021951307437782686
0.002181482975352064
0.0022131996150251587
0.0021846096097791813
0.0021884909952304904
0.0022007223417971926
0.0021821739271361963
0.002166700707523318
0.002150691663444015
0.002156658407535477
0.0021332489662197036
0.0021286041565357927
0.0021477661740052644
0.0021012528446602893
0.0021088693884742716
0.0021050314540522297
0.0021196456512154608
0.002081698744435019
0.0021232535599778153
0.0020895619196518163
0.0020755748945581434
0.002065450096451461
0.0020557621497943783
0.002045691486746161
0.002057406801132365
0.0020590845467952494
0.002042129935999969
0.0020352862526671492
0.0020289225218534566
0.0020204851203059694
0.002003393772138847
0.002020156034948846
0.0020034213412248713
0.0019932024045936883
0.0019841953891353826
0.0019771948811091486
0.001961299305474794
0.00197334013668239
0.001952638356285548
0.001961977310398531
0.001945603683800483
0.0019158276159977636
0.0019365131831199105
0.001928428789709169
0.0019101575243870397
0.0019403563762936168
0.0019168785425547395
0.0018951328180607167
0.0018655022177026946
0.0018996939335673665
0.0018873317609719822
0.0018598146277555884
0.0018620142988974566
0.001838391731986453
0.0018291818418796639
0.0018575017630085469
0.0018313699102892936
0.0018381084383968435
0.0018464542854664601
0.001806392523075583
0.0018262353860005532
0.0018075128601850998
0.0017774822198170807
0.0017970065248772416
0.0017882567656795135
0.0017577018948954789
0.0017718258427322647
0.0017579013949929423
0.0017356346051226232
0.0017542868338488431
0.0017486939838485464
0.0017332326531789076
0.0017260606848099663
0.0017091180635276553
0.0017091140131096118
0.001708423949852552
0.0016869995193795357
0.0016933839658225308
0.0016982484552852232
0.0016855159886933516
0.0016615904367043677
0.0016588320651433257
0.0016528547048431318
0.0016464796346328404
0.001639197229878183
0.0016263570038863935
0.0016388706821806286
0.0016104938708626465
0.0016229476781088254
0.0016164008171213726
0.0016163970465631883
0.0015932611065061402
0.0015759976223507983
0.0015515309887949643
0.0015649226954172334
0.0015718852813023602
0.0015429939388516187
0.0015393864192302998
0.0015362268052309352
0.0015096961327621817
0.0015255424818162134
0.0015201260157912512
0.0014838324317561274
0.0014960890183631035
0.0015011714680201558
0.0014887225293551203
0.0014699400522702702
0.0014699040848842018
0.0014429455359865695
0.0014556856357352608
0.001459267828829588
0.0014463114292071185
0.0014226974994177581
0.0014326877442253003
0.0014102641960391294
0.001420018879091685
0.0013925180589036982
0.001378709205552741
0.001379353634912302
0.0013620480181793745
0.001381055516537621
0.001359451128067871
0.0013612754257348954
0.0013450744469821643
0.0013478002198695012
0.0013388252145152513
0.0013268788146596213
0.0013006593238081559
0.0013056190055294897
0.0012998121469071746
0.0012804552630924465
0.0012714079460200555
0.0012652536610853774
0.0012534736756043227
0.0012321112287722216
0.0012292812085028415
0.0012287846661392017
0.0012344190774445096
0.0012159971532639349
0.0012231698095029437
0.001195705602236576
0.001197460999040456
0.0011668832230960697
0.0011718080452860827
0.0011532069259283016
0.001152403784791189
0.0011644675297637767
0.0011452160216960264
0.0011159121735917871
0.001111234032988253
0.0011027170000053443
0.0010871548770980159
0.0010914733284658313
0.0010815501610260542
0.001069382802683198
0.0010616126713838536
0.001046608494536675
0.0010518382865904326
0.0010293312072291176
0.0010257201061736718
0.0010129335214832077
0.0010056642355099508
0.0009929709584484516
0.000993263461126312
0.0009723546245779825
0.0009577326212742912
0.0009520155159427611
0.0009408707551373553
0.0009237569112733702
0.0009042450029250253
0.0009044022278665548
0.0009008358090626022
0.0008835174283937721
0.0008778249528313955
0.0008674609652200524
0.000846054376400229
0.0008405798242343369
0.0008303840813099456
0.0008236372251196772
0.0008152244961524017
0.0007865439267401854
0.000787136318982939
0.0007796461615138589
0.0007601098847339146
0.0007492070773132724
0.0007291384323417757
0.0007270183900215045
0.0007050337485549416
0.0006912027305564796
0.0006794590485637746
0.0006675879388016645
0.0006509973301823354
0.0006353512840968727
0.0006173397575398535
0.0006045672664596125
0.0005876791928220915
0.0005748880033507135
0.0005641316322268128
0.0005390549227458843
0.0005243899282572932
0.0004998102525869938
0.00048534652526176827
0.0004673761229060259
0.0004432390681637596
0.00042563935753863277
0.00040349029628963
0.0003788766742558646
0.0003558738863057862
0.0003287036641501156
0.0003012003740693492
0.00026378489303849784
0.00023142595913080391
0.00019207813712812338
0.00013344792856676574
2.1069681402743716e-16
