0.4167654722203667
0.41692598478283954
0.41703634099517983
0.4165975477281827
0.4168452852568451
0.4170357845462833
0.41649454545023984
0.41684780415861217
0.4164940015483133
0.4168659810467657
0.41676096008940433
0.41667724813160784
0.4167105900191418
0.41650391555145105
0.4167943368490227
0.41674517199200073
0.4168039630389664
0.41667678206737657
0.4165962669756859
0.41672177489284096
0.4167969710845968
0.41665031060342245
0.41670863002040404
0.4166232032496624
0.4166130819015704
0.4167393025328971
0.4167261346847342
0.4167246312703227
0.41678717517319475
0.41675374325838893
0.41642880449029035
0.41660645094317833
0.41689104036459085
0.416811918260794
0.4166834058798915
0.4166420956701135
0.4167502578094927
0.41681534203162374
0.4167518361854267
0.4166984620966701
0.4167193852405955
0.41662424798805375
0.4166045942052747
0.4167374414269174
0.41665135955760335
0.4166795438824215
0.41672595281543673
0.4167422605300939
0.4166828391717714
0.4167394523177405
0.41675693792768487
0.41685360989809006
0.4167437115023851
0.4167215937551603
0.41672838904794507
0.4167164763579416
0.4167619204650533
0.4166453681841156
0.4166908764041746
0.41679348985881554
0.41670036707540087
0.41674531380469615
0.41662672930688716
0.4167493159603312
0.41677932540917645
0.4167656683738627
0.41664372447430215
0.41674952097174656
0.41670682156391775
0.41670282593216745
0.41662595122304785
0.4167362688999842
0.416750428420326
0.41673464189293974
0.41665276332984186
0.4167525673616754
0.4167612567104985
0.41669498714765507
0.4167152877552389
0.4167346538099477
0.4167745459965111
0.41677003968846865
0.4167385795882179
0.4167161406221441
0.4167834783361329
0.4167526943539748
0.4166664053221814
0.4166991458263468
0.4167621146039887
0.41672641938998584
0.41661900721193196
0.41667145832980657
0.4167144585033519
0.41666673447674785
0.4167136889277442
0.41675729579126064
0.4167169906751413
0.4167267342369726
0.4167401152469113
0.41674389561822445
0.4166843169119692
0.41673043661910203
0.41663062131364115
0.4166578278005102
0.41668462795618144
0.416754189817371
0.4167529413675173
0.41676578266513814
0.416625457454192
0.41677616460372946
0.41669914212475834
0.41670614051276617
0.41669213621020007
0.4167261923029825
0.4168090267248431
0.4166777718426647
0.41677787693034063
0.41675506322451283
0.41671955099026453
0.416687444452065
0.41668740951065836
0.4167316035170453
0.41670358269881136
0.4167679658736891
0.4167239812024984
0.41676938597369273
0.4167523611308671
0.41667003123423346
0.4167496927477408
0.41671117402865177
0.4167548316193623
0.4166341801981297
0.4167365207521747
0.41665357505382933
0.4167244962894205
0.41674218263077856
0.41670214709591047
0.4167002375455822
0.41673837854298657
0.41669009582215294
0.4167002099995414
0.41678825021140964
0.41671005013516943
0.4167082432778755
0.4167470221341776
0.41674894022575554
0.4167138218814361
0.4166872671215657
0.4166480153959712
0.4167369236850396
0.41667061160752944
0.41670588084778337
0.4166936472248588
0.4166597734054031
0.41673167373727893
0.416714261834953
0.41663022381427645
0.41676215757392476
0.41673207034503723
0.41667582604390635
0.4167104286298246
0.4167170918617969
0.41674988252689543
0.4166944606633637
0.41670288003850503
0.4166787071192621
0.41674342937428055
0.41664136917807354
0.41670450859131886
0.4167151149225615
0.4167005083738617
0.4166859458346986
0.41677555067825994
0.4167564468405501
0.41669301824224075
0.41673950722151465
0.4167746691683153
0.4167407530270264
0.416734640546441
0.4166971521961942
0.4167325658313833
0.4167520744324808
0.4167198119829972
0.41668199590768557
0.4167093336739471
0.41675343720585334
0.4166864395218866
0.41674455717976705
0.4167219645287446
0.4167166354433383
0.4167421991034792
0.4167133520353243
0.416762291482105
0.416729755324409
0.4167492951500526
0.4167254112613943
0.4166425412181099
0.41671049217761985
0.41677283303122187
0.41672537109856755
0.4167711736554308
0.4166687721729064
0.4166882926058788
0.41671698591954975
0.4167417459976378
0.4166853151346527
0.4167127335226849
0.4167380222766771
0.41674265320236137
0.4167009921038254
0.4167411163167959
0.41672573068621394
0.41676875912951716
0.4167370935373504
0.41673647045124773
0.41666886151516336
0.4167170616744084
0.41668119298422096
0.4166450610096019
0.41672795419953573
0.4167125489435917
0.4167663961659915
0.41671143053923554
0.4166849191975383
0.41678021579880986
0.4166870108414142
0.4166792205585818
0.41672539109012124
0.41672197885111517
0.41673981156925155
0.4167390603724096
0.41675361878021877
0.4166424901076762
0.4167019586269917
0.4167368749520626
0.4166788031130899
0.416747551074036
0.41670089523772824
0.4167360461220829
0.4167035629335516
0.4167096146835929
0.4167211052826226
0.41666919859922935
0.4167342906233779
0.4167598311194003
0.41672070984894927
0.41672741110564204
0.4167444958465604
0.4167149331739335
0.41666441840747576
0.4167287095311026
0.41668615946882637
0.4167313260845449
0.4167177927157336
0.4167131129973001
0.41672258477832447
0.41674687496024354
0.4166986984896156
0.4166715326940174
0.4167330962153544
0.41673803118112734
0.41672966723706456
0.416734895761326
0.4166834379754005
0.4167592548134523
0.4167219055645683
0.4166759527450673
0.41670707761117376
0.41671452279513604
0.4167624838781239
0.41673609512804943
0.41671547493221667
0.4166936863352305
0.41675235443048314
0.41673697818640376
0.4167213258042142
0.41670147507416716
0.41671823305893047
0.4167175668529826
0.41672062489513456
0.4167517442169779
0.41667049046251303
0.4167491377785608
0.41675241923508827
0.4167282288158277
0.41671508876370017
0.4167058572255067
0.41672757711509695
0.4167048854205098
0.41671725056905495
0.4167280457962745
0.41669768170990945
0.416687756566402
0.4167522698246147
0.4167326229611739
0.4166938561025669
0.41672199419572326
0.41672589720431635
0.4166855304654606
0.4166480629832181
0.4167293827003031
0.41667880872168034
0.41676085246987915
0.4166815356791123
0.4167436311365268
0.4167448305900356
0.41665755237079266
0.41675952933202914
0.4167148240170447
0.41671663129055125
0.416693527238145
0.4167566451901149
0.4167311908787374
0.41673626946454434
0.4167046480624547
0.4166595402058836
0.4167134636502335
0.4167187053762829
0.41673326521071713
0.41674399902367004
0.4167167935618472
0.4166992296474038
0.41672907059453884
0.41668148364035307
0.4166848602541546
0.41671810972728474
0.4167237759800974
0.41671880887233265
0.41669143439275197
0.4167348546810911
0.4167127178561007
0.4166870578525331
0.4167067264334171
0.41673562407677317
0.41670540432090436
0.41670012869210077
0.41668654255803766
0.41671524293009127
0.41670913062038434
0.4166963575034475
0.4167337691410815
0.4166895131364894
0.41672413098530414
0.41669542764469614
0.41670162431226837
0.41673211902653
0.4167408386581686
0.4167479325647068
0.41671800823796273
0.4166955761453007
0.4167121730360046
0.4167150594160596
0.4167037145588384
0.4167338890467744
0.41668036227385463
0.41673689099741834
0.4167118589975482
0.4166874432417828
0.4167083583038088
0.4167217585034437
0.41669672480029285
0.4167025277078762
0.41670616153865503
0.41673899070014486
0.41670546638967254
0.4167178346614625
0.4167349431607361
0.4167226260589146
0.4167049131926192
0.41673196086508485
0.4167243270235096
0.41672756320248117
0.4167469422788131
0.4167051107001678
0.4167041827701583
0.41672612623028615
0.4167499153251874
0.4167328148021411
0.4167373219228849
0.4167227404589814
0.41671353794644184
0.416723984647036
0.41671257338496287
0.41671805515301885
0.41670254425582526
0.41669632385399447
0.4167135974448793
0.41670266962765656
0.41674066213514327
0.4167000046625164
0.41672323947704354
0.416712884877959
0.4167136098928143
0.4166738450467445
0.4167092809958089
0.41670544886065347
0.41672320882949226
0.41670532733286547
0.4167063768162373
0.41672642034977964
0.41672669836195037
0.41669955651943963
0.4167273407280746
0.41672242089589656
0.41671144972440527
0.41670234202105105
0.4166936975133627
0.41672289471411705
0.41674396797304597
0.4167387886857415
0.4166907893826546
0.416716180251307
0.4166877270652455
0.41673362577000855
0.41673664072443134
0.41671612578229544
0.416721842377242
0.4167422478383869
0.4167308328693998
0.41670055276775564
0.4167710871541918
0.41672299654630285
0.41670242503968014
0.41669336001203117
0.4167281394165205
0.41674096370345304
0.41672092430735486
0.4167043815782114
0.416700236093684
0.4167149395230981
0.4167079723846682
0.4167360880161371
0.41672808958824464
0.41670374603670535
0.41668878610015947
0.4167006210577013
0.4166906518747105
0.41671290200425354
0.41669503384134493
0.4167127962480002
0.41670843623418985
0.4167018004702196
0.4166768179943101
0.41671053064560964
0.41674450138558616
0.416724032788682
0.4167136921093974
0.41670611304062993
0.4167294836413039
0.4167138446957577
0.4167064032748954
0.41668248916777684
0.416728076791072
0.41671537274439835
0.41673088042292383
0.41670624599717476
0.41673795292755633
0.41673673258366617
0.4166992847529891
0.4167051901489663
0.41668444284550044
0.41672032467577474
0.4167071067603766
0.416752509985715
0.4167291281196082
0.41670636360832425
0.4167199755371452
0.4167074862967331
0.41670927288554704
0.4166837876951984
0.4167200057777269
0.4167168874348966
0.4167088388566835
0.4167222375802341
0.4166938602859319
0.41670050595009617
0.4167190560684749
0.41671777517381625
0.4167128839124427
0.4167354081495503
0.416718808270784
0.41671718571162075
0.41673488814220994
0.41671384951103735
0.41673628892380293
0.4167073042515023
0.41673260401393125
0.416702815966897
0.41670883046479895
0.4167165630835586
0.4166999118353544
0.41672472916215564
0.4167343203058569
0.41673523285514646
0.4167080282134429
0.4166885145519882
0.41673782327594755
0.4167181133011684
0.4167279105853153
0.4167401057247569
0.4167320082153062
0.41668966773378807
0.41673154178492844
0.41668366851957317
0.4167276815135754
0.4167385235715179
0.4167375333603766
0.4167262525404094
0.41669333370428074
0.4167363452176602
0.41671810830041595
0.4167322561553381
0.4167100922582521
0.4166921080919124
0.4166973829910886
0.4167220245983377
0.41672219849382447
0.41671428697198043
0.41672553844200894
0.416681583233476
0.4167082721299242
0.41669583791763354
0.41671564552542356
0.4167132888480119
0.41672720558436815
0.4166949343967996
0.4167207036986797
0.4167422299390329
0.4167284916544301
0.4167107855567189
0.416711638444662
0.4167282786935065
0.416734033911796
0.4167208726802638
0.4167101664762686
0.41672078047671096
0.4167146173820999
0.4167226900247223
0.4167092827713074
0.4167029662828485
0.4166997894038687
0.4167110972148994
0.4167467321575432
0.41672708730299046
0.41671973509235904
0.4167007953604893
0.41673286522968866
0.4167232609721583
0.41672605919995304
0.41671799410088395
0.41670751043944
0.4167237530459396
0.41671587241412333
0.4167002678306736
0.4167305754930896
0.4167248900944979
0.41672418329677646
0.4167310020088937
0.41670895591059126
0.41673233637385537
0.4167115948302214
0.4167158994690686
0.4167029043324248
0.41671546014669375
0.4167336029663588
0.4167117152944812
0.41671306216359033
0.4167246986127201
0.416706453450965
0.41669136838037274
0.4167052504710359
0.4167170038490179
0.41672280900358294
0.4167222943206395
0.4166934972388655
0.41671318137274654
0.4167160706972514
0.41669602590649446
0.41671389891017824
0.4167063348867916
0.41670661966436817
0.4167105400857028
0.416711362221471
0.41672591138754206
0.41670604765337177
0.4167015128006555
0.4167228328638789
0.41672353623204433
0.4167193504965265
0.4167069212614304
0.416705836041648
0.416721813335945
0.41672049199759803
0.4167074716426383
0.41669965371313183
0.4167287739822982
0.4167184084177257
0.4167244163907626
0.4167058663882108
0.41671497412890757
0.4167075354263861
0.41671760736031027
0.41671353346825846
0.4167311065741299
0.4167302064021475
0.4167204872244289
0.41670294820806286
0.41671736611863824
0.4167218730351714
0.4167595937022905
0.4167193265576502
0.4167212948990217
0.4167239024727858
0.41671469885452017
0.41673459127300055
0.4167142161516793
0.41672981497885875
0.4167302048496108
0.41670830321515695
0.4167097711131486
0.41672818089980956
0.4167381031200901
0.4166840789308262
0.4166909878640084
0.41670946051283037
0.4167246020572954
0.41671648741257405
0.41671748604576914
0.41672674705586304
0.4167229651778713
0.41672400041869834
0.4167099099074338
0.41670735807144754
0.4167205505099244
0.41671187769771195
0.4167221293720093
0.4167005977758706
0.41672181061251506
0.41670059424096517
0.4167124570367435
0.41672532635270426
0.4167156813849384
0.41670859428496215
0.4167009701620045
0.41670764441471064
0.4167249220882876
0.41670845575257
0.4167353222641678
0.4167269722798517
0.41672334003751993
0.41670473548701165
0.41671682419979234
0.41673781708905683
0.4167121320532556
0.41672225618602077
0.41672660697009717
0.4167024023236739
0.4167091439928217
0.41672047392602046
0.4167088000755545
0.41670763554463575
0.41672093344955413
0.4167028875766043
0.41671762819021635
0.41670885366024885
0.41672422821270283
0.4167147669103389
0.4167156913280359
0.4167264773853469
0.4167207353507758
0.41672976305078646
0.41672099245169286
0.41670050735783953
0.41672455380429635
0.4167133851118413
0.41671650842004804
0.4167161018283701
0.4167140279896579
0.416698155273196
0.4167153941789767
0.4167017928712838
0.4167189623770624
0.4167227556091581
0.4167196080202168
0.4167082754377417
0.4167108047668892
0.4167175779614986
0.4167058237701411
0.41671132158065693
0.41671739651032047
0.41671752671055556
0.41671642606196146
0.4167097807258973
0.41671187659291725
0.4167203755827616
0.41670303065835423
0.4167168527098327
0.41670743343117495
0.41672200340770044
0.41671201025665705
0.4167117107860507
0.4167007717543187
0.41671420757119265
0.4167033711362439
0.4167100183507413
0.4167159882363535
0.4167170348143387
0.416722426859996
0.4167019709854434
0.41669544361488886
0.416721835892731
0.4167038068886094
0.4167201474315431
0.4167171662187445
0.416714417473121
0.41671781687112763
0.4166981458527589
0.4167188547146059
0.4167401013185304
0.4167250304029102
0.4167276062753725
0.4167111382334648
0.416711049818223
0.41672271380636955
0.4167238197934636
0.41670498382531385
0.41672885265912835
0.4167139536817814
0.4167128241048835
0.41670851305108797
0.41672103575891595
0.4167257279296711
0.4167279832396868
0.41671155795307024
0.4167145949565392
0.4167202104851391
0.416725124947896
0.41672059811296147
0.4167012836742476
0.4167023223456099
0.4167180896263917
0.41672938942575183
0.41671987587935
0.4167133763938243
0.4167149571571989
0.41670539692018665
0.41670790647666045
0.416717229204682
0.4167190266963448
0.4167188584856315
0.4167274022301617
0.41671091866854004
0.41672503127636545
0.41671154481531586
0.41670747424048243
0.41672254420780547
0.4167116273942711
0.4167042438190171
0.4167365755832639
0.41672100311541715
0.4167065984739509
0.4167212325647861
0.4167168425228754
0.4167147721914772
0.4167334306141246
0.416706452290756
0.41672581013132387
0.4167126404940229
0.41671897782077305
0.4167160612965551
0.41670298715026893
0.4167193894944911
0.41671289424038177
0.4167204554564538
0.4167151165331141
0.4166931760842499
0.4167080552912776
0.41671440851674096
0.41672179282627786
0.4167143012945742
0.4167190554460292
0.41671749094354155
0.41673179891417533
0.4167253556865784
0.41672113518100934
0.41671719154656195
0.41672688799949154
0.41671821842817963
0.416716323176953
0.4166912587279727
0.4167222392182408
0.4167116889212557
0.41672876612223825
0.41670569268037877
0.41671545399406296
0.41673225267166997
0.41671906103623724
0.41672421925865166
0.4167095881922103
0.4167066401531153
0.4167141535157249
0.416734347095252
0.41670478210803724
0.4167040425869322
0.4167181749497281
0.41671894133768667
0.4167144441479135
0.4167293445182944
0.416722155855071
0.4167250030814899
0.41671677907974153
0.4167278789241303
0.4167165449923102
0.416706142720756
0.4167178751138322
0.41670017534053105
0.41671664443036105
0.4167095412356569
0.41671638459274074
0.4167183493394597
0.4167137975166782
0.41671284825957755
0.4167152333015319
0.41672317792953106
0.4167130313340801
0.41673070940763157
0.41670633011218616
0.41671894295571354
0.4167115683954873
0.4167182850319687
0.4167130411544953
0.4167069981435696
0.41672069092591146
0.4167199696549829
0.41671354575226216
0.41671585186041965
0.41671803934454565
0.41670743133405275
0.416705292874379
0.416715479928293
0.41670694039232514
0.41671816997580674
0.4167263855145716
0.4167307750794154
0.41670112445058877
0.41672931222065224
0.41671269351441503
0.41672947686930567
0.4167222377080554
0.4167169337195018
0.41671035424439723
0.41672675609718335
0.4167059689527717
0.41671395879955314
0.4167148332935044
0.4167176450160502
0.4167206406168915
0.41672293026297064
0.4167036049099073
0.41672251401703436
0.41671795820040936
0.4167196590803565
0.4167136023410505
0.416715212074761
0.4167101090400244
0.41671347046501706
0.41671852004135335
0.41670553086422113
0.4167161952052863
0.4167199310082564
0.4167182067521402
0.4167247052020119
0.41671125807950704
0.416718925399736
0.4167202225239542
0.41672230038679897
0.4167174206440661
0.41671437581652554
0.4167160254607671
0.4167070660222655
0.4167200277353253
0.4167168516445524
0.4167188261780639
0.4167082894057162
0.4167177097281747
0.4167213987738938
0.4167191611260467
0.4167095736737233
0.416706070230401
0.41671579090642524
0.41671434171300786
0.4167213608721645
0.4167191827898325
0.4167232431279478
0.41671436243826565
0.41671778661528636
0.4167148720070376
0.41672879206044033
0.4167109348064937
0.41671453712757567
0.4167216216663022
0.41671918955510007
0.41672335008620737
0.41672240207946
0.41671626112912036
0.4167162598718277
0.41671821648039914
0.41671810525967273
0.41671156472430504
0.416716936774839
0.4167172984108881
0.41672387706857755
0.4167297465321265
0.416720090831071
0.41672302880320355
0.4167196919592413
0.4167131562356863
0.41671699226184267
0.4167077067560519
0.4167229607761813
0.4167186252636202
0.41672003287323806
0.4167247805920741
0.41671211196680713
0.41671640469319093
0.4167117375882276
0.4167189164923607
0.4167188170863601
0.41671696897935817
0.4167212575315661
0.4167132656355612
0.4167202964064618
0.4167156705413483
0.41670975665503285
0.41671461952505817
0.41671732993883914
0.4167207656759216
0.41671639453032355
0.4167205676959198
0.416714075968448
0.41671561303819843
0.41671536833236134
0.4167183539613521
0.41671556368414314
0.41671675276868225
0.41671666009244573
0.4167148451754879
0.41672000798835435
0.4167172742362634
0.4167184629854065
0.41671762805418994
0.41672213766715904
0.4167172649397522
0.41672241968523965
0.4167164559433821
0.41672069996974487
0.41671468177508186
0.4167196546934946
0.41671657873216916
0.4167167117273153
0.41671568356823757
0.4167153306233955
0.41671955483097434
0.41671916197539377
0.4167168533030139
0.4167165578051169
0.41672240259754617
0.4167183098575449
0.41671966534839683
0.4167166920554241
0.4167170659955407
0.41671894278703675
0.41671750506886673
0.4167167738603872
0.4167213943214013
0.4167155647060136
0.4167181560892667
0.4167158229861461
0.4167169602500601
0.41671695619282156
0.41672011683851223
0.41671733896829855
0.4167198106149096
0.41671624883803576
0.41672006299006914
0.4167192852527809
0.4167149988380317
0.4167206334009303
0.41671797858248383
0.4167183960746199
0.416717378823048
0.41671905741869675
0.41671550871434937
0.41671850113629544
0.4167175010898538
0.416716083250474
0.41671688812522095
0.4167172352956648
0.416716601848477
0.4167171608796396
