0.1658557252044193
0.1658248328501103
0.16579344529167306
0.16582235080243105
0.1658961315960845
0.1658821849507894
0.16585103578964167
0.16580337944183857
0.16583161216614248
0.16589804674455172
0.16591241397081302
0.1658310313216589
0.16581624078835278
0.16581947061133753
0.16584062476526784
0.16581916001268857
0.16588797497287075
0.16586005811359944
0.16583867124913587
0.16578884146352202
0.165814772287398
0.16583767117807652
0.16583017662559063
0.1658324559837068
0.1658490812224199
0.1658575296600282
0.1658397164001356
0.16581950701025944
0.16585593326270773
0.16581523428393233
0.16583821660687686
0.16588025106964893
0.1658466370013482
0.16583882838212777
0.16582437957152688
0.16583915545348832
0.16583019201122443
0.16584489951874296
0.1658158953995875
0.16581775256395612
0.1658494173387375
0.16585180189440352
0.165836697581709
0.16581243869487144
0.16584371115152263
0.1658485957902489
0.16584629774452547
0.16584763601696015
0.16584302104995421
0.165848910088921
0.16582508494142612
0.16584589212114176
0.1658245141908417
0.1658418926869413
0.16584607173639754
0.16583164327216063
0.16582810016921956
0.16582097376105917
0.16582578558282945
0.1658410774749269
0.16585892485841205
0.16583449469474534
0.16585056369608764
0.16584116451553568
0.1658185327711574
0.16581568741758515
0.16584078393326504
0.16581830132085096
0.16582365481173647
0.16583745718056334
0.16583458712752341
0.16583422146499124
0.16581655019051036
0.1658304680410421
0.16584076827057379
0.16584620549054374
0.16583218360258897
0.1658388567442295
0.1658315716824764
0.16583047943954854
0.16583906415538394
0.1658327020006618
0.16584640133344572
0.16584057079191608
0.1658326506531983
0.16582790035146996
0.16584250503799589
0.16584191853417324
0.16584164477494634
0.16583110510801033
0.1658103046518106
0.16583334535241356
0.16583410069694718
0.1658410391394862
0.16582099943880238
0.16583464889202001
0.16583260226674723
0.16583002086200258
0.16582618610116173
0.16583245870116248
0.1658366399311343
0.1658276534983098
0.16584066644940249
0.16583321764805706
0.16582410505233333
0.16584388666307007
0.16585210895935582
0.1658471883220399
0.16583218522793433
0.16582098853785696
0.16584026608218733
0.16583875667487089
0.16583046766443763
0.16583989663219426
0.16582900822026714
0.1658489313091764
0.16582791857331564
0.16582598534558143
0.16583438951343743
0.1658408369496087
0.16583143549004703
0.165831461886347
0.1658343690690159
0.16583758631343384
0.16584360908652182
0.16583037973797113
0.16583147476326696
0.16583893645490283
0.16582865488393303
0.1658424324741756
0.16583842415682212
0.16583609437067462
0.16582968678193677
0.1658377623423779
0.1658356134516148
0.16583685585050192
0.16584545968900047
0.1658195847728343
0.1658292834034278
0.16583009725485798
0.16583605568211343
0.16583730250764872
0.1658317519823771
0.16584400812368477
0.1658455669776175
0.1658389211935703
0.16583384357511186
0.1658376023506854
0.16583491415283783
0.16583094424583336
0.16583901474115822
0.1658270982304326
0.16584038139720256
0.16583300068250892
0.16584804097112177
0.16584151287356452
0.16584148696914547
0.16583635399189903
0.16583617156748134
0.16583028611234293
0.1658463314191909
0.1658367382144028
0.16583732901535855
0.16583553085961736
0.165842381858546
0.16584155928710234
0.16583051594933815
0.16583216670162287
0.1658276066291883
0.16583345928927126
0.16584107111384477
0.1658372103827152
0.16584608800755274
0.16583675538223774
0.16582986759249857
0.16583474341290202
0.1658219900918037
0.16584122737346021
0.1658303783814399
0.16583997081797713
0.16584074952999744
0.1658385154041146
0.16582899411677282
0.1658361568342528
0.16584407042885016
0.16583055568031888
0.16583398345438466
0.16583361589829532
0.1658355430008911
0.16583267224670387
0.16582689854751914
0.16582572904379594
0.16583068975072685
0.16584342407553784
0.16583944999904265
0.16583530668263033
0.16583949640275528
0.1658326764274231
0.16583697278683507
0.1658359593938129
0.16582774167909464
0.1658347857925732
0.16584273405588928
0.1658373044543681
0.16582611869633104
0.16583111137315065
0.1658421825614105
0.16583387926103582
0.16582942332550574
0.16583312244208756
0.1658321580203044
0.16583332708496254
0.16583777233761826
0.16583463249289582
0.16584042523868983
0.16582797374234134
0.1658323770589713
0.16583412947599857
0.16583338628080452
0.16582732070981654
0.16584623778158603
0.16583421010010246
0.16584057221866527
0.16583459544227866
0.16583454253781613
0.16583995740402793
0.16583289854446379
0.16582662794700864
0.1658403588561201
0.16583260226421975
0.1658321846659808
0.16583703731549845
0.1658270875142853
0.1658411843816647
0.16583321837595258
0.16584326284054046
0.1658369428241831
0.16583737694642722
0.16584329457300068
0.16583368451591562
0.16583798580851525
0.16583154685387552
0.16584894225703564
0.16582997369813474
0.1658403422686584
0.1658363022494249
0.16582247819383952
0.16582676056566337
0.1658244701056482
0.1658424740571554
0.16583582993174664
0.1658417065455871
0.1658395899792932
0.165835787150109
0.1658320659445445
0.1658319354375868
0.16584168291957863
0.16583873989754055
0.16583281712195744
0.16583665351485907
0.16582758404062403
0.16583908321773666
0.1658318375343275
0.1658329508232971
0.1658420307995675
0.16583357298166235
0.165841862607172
0.16583889215680753
0.16584528020042708
0.1658284298804909
0.16583370560845828
0.16584040436803507
0.16584076150414992
0.16583442080600955
0.16583327431983508
0.1658277514563423
0.16584083073649666
0.16582873545187213
0.1658331064367821
0.16584037602956223
0.16583880567089226
0.16585239664330942
0.16583351189228074
0.16582959004413547
0.16583476238660283
0.1658321504868268
0.16583431007708488
0.1658345635728973
0.16582387256841224
0.16584279641459682
0.16582969002529108
0.16583104962443468
0.16582962223600684
0.1658376853062172
0.1658328832487747
0.16583349636031341
0.1658360351548585
0.16582828102777025
0.1658416418174842
0.1658392701070454
0.1658495990295674
0.16583827241014346
0.1658348860795977
0.16583914090695598
0.1658314320668317
0.16583748421283395
0.16583345859506757
0.16583808560782426
0.16583608168736538
0.16583996474404
0.16582440566216988
0.16584686709661237
0.1658296679842703
0.1658333889579955
0.1658365044632653
0.16583385825092511
0.1658261485789421
0.16584127120184847
0.16583343042088985
0.1658437927150876
0.16583236310905813
0.16583316890799363
0.16584140907047767
0.1658405525148851
0.16582825210680519
0.1658338290241563
0.16583270941684644
0.16583667168594352
0.1658396780746904
0.16583260993328283
0.16583393644849206
0.16583325788880512
0.16583029052211187
0.16583926865863272
0.16582749955570225
0.1658347489360749
0.16584133746216834
0.16583491007697176
0.16582585599537963
0.1658335196940874
0.1658389736245963
0.1658283137461652
0.16582712278037248
0.1658309263144984
0.16584014806314068
0.1658368824762274
0.16583581511434062
0.16583744047231047
0.1658375376550294
0.16583954815096694
0.16583381116981577
0.1658324860671965
0.16583129946241953
0.16583334768144758
0.16583473943449753
0.16583270891808038
0.16583519803135388
0.16583721001904747
0.16583574323658076
0.16584118537834366
0.16583355217827475
0.16583925561527232
0.16582792723074918
0.16583551947231404
0.16583415915393634
0.16583288102408697
0.16582898513128788
0.165841463809823
0.1658387538593474
0.16583904178434677
0.1658366948788609
0.16583283402878768
0.16583536830441628
0.16583448940494805
0.1658349809979163
0.1658321885358811
0.1658446451381822
0.16583919918930734
0.16584248786554653
0.16584477130910874
0.16583317998198144
0.16583575609350046
0.16583744672599
0.1658300227420237
0.16583331107852656
0.16582647622464178
0.1658400331492681
0.1658403172382434
0.16582560906925123
0.16583318685903067
0.1658330815678585
0.1658360178961111
0.1658383175437589
0.16583420156953516
0.16582957928455744
0.16583269348635668
0.16583279211652227
0.1658310784412528
0.16583509133387025
0.16583627096332115
0.16583409267495258
0.16583910140857622
0.1658302762917093
0.1658332765875987
0.1658304327211201
0.16583221780809568
0.16583588249693867
0.1658342226605527
0.16583354445548215
0.1658371966968986
0.16583359896995253
0.1658351170093618
0.16583221693943423
0.1658381753215157
0.165832820583196
0.1658290470117153
0.1658316125615511
0.16583735452493212
0.16583494114252126
0.16583603728146923
0.16583935489791674
0.16584158355694895
0.1658339257867174
0.1658296839312654
0.16583066148928322
0.16584379396585808
0.16583255937937844
0.16583735549266634
0.16583106294642133
0.16583509249002418
0.1658401379230105
0.16583630894360105
0.1658375692441569
0.1658408262829228
0.16583089052534686
0.16583558116712901
0.16583874882929486
0.16583240522978016
0.1658373475724841
0.16583202464996333
0.16584375392324327
0.16583094632039447
0.1658322975233184
0.16583504836596802
0.16583651711170588
0.16583241323489897
0.16583594819629918
0.1658358475406639
0.165838407472093
0.16583517704521006
0.16583263475016227
0.16583431378659572
0.16583458845905116
0.16583565737342887
0.16583532962971229
0.165831068041021
0.1658274868675126
0.16583628894698682
0.16583570780170107
0.16583346724651316
0.16583371377094977
0.1658371657034171
0.1658364202932244
0.16583088935735144
0.16583879217317235
0.16583216589938418
0.16582848752110213
0.16584230701301864
0.1658341005620751
0.16583810666148835
0.16583563094794085
0.1658375076073599
0.1658359096329664
0.1658361028740612
0.1658385601604213
0.16584048042256533
0.1658352136881177
0.1658381918086691
0.16584104018889242
0.16583557050881714
0.16583058791834643
0.16583541136463648
0.1658305379152166
0.1658321780679043
0.16583766279667195
0.1658350750377679
0.16583033632228025
0.16583711046944333
0.16583734716657983
0.16583662080250453
0.16583415574003474
0.16583584312728547
0.16583459113619273
0.16583316263876569
0.16583338302303247
0.1658309289254694
0.16583326546083052
0.16583251302860375
0.16582936473245594
0.16583851117251616
0.16583461140341474
0.165834328827033
0.1658359205379762
0.16582737923481297
0.16582897459743065
0.1658329826603003
0.16583316935001985
0.16583335724741538
0.1658358619453423
0.16583997584445848
0.16583183551719893
0.16583761390051271
0.1658380137834797
0.1658397054799756
0.16583359760052885
0.1658283566348005
0.1658359255884254
0.1658328053094206
0.16583199471686724
0.16583878408525735
0.1658348243718966
0.16583602284304708
0.16583774946245022
0.16583972849218995
0.16583226501875264
0.16583336925899664
0.16583693031154328
0.16583875895449915
0.16583594524418477
0.16583601272925957
0.16583544229002375
0.16583583632963508
0.16583597570420205
0.16583377280695014
0.16583485016690466
0.16583928882399104
0.16584143875101318
0.16583735376542919
0.16583493292405063
0.16583519158700064
0.165830985120992
0.1658286083816124
0.1658387502891571
0.16583267322512618
0.1658384905756997
0.1658349764744875
0.16583850979529233
0.16584181883739407
0.16583276271252662
0.1658329395698835
0.16583549897037123
0.16584027618970287
0.1658355777669672
0.16583479520367067
0.1658343262560622
0.1658324717334262
0.1658355802352896
0.1658339558577278
0.16583477015084186
0.16583577161501406
0.16583595800534726
0.1658359492115175
0.1658281661674466
0.16583353528691938
0.165837703183343
0.16583219832380358
0.1658354971019518
0.16583695493952608
0.16583436030718324
0.1658358770793202
0.16582956871139423
0.16583365355620774
0.1658344210829149
0.16583498981139277
0.1658344276393878
0.16583638450450308
0.1658316567980475
0.16583871391027574
0.16583770494060693
0.16583578227948764
0.1658386681985553
0.16583849103996176
0.16583522055110103
0.16583383313463076
0.16583632736897988
0.16583841116214407
0.16583797720316032
0.1658333964949914
0.16583376665304603
0.16583467953898703
0.1658333758279501
0.16583196822217186
0.1658360629409837
0.16583867960825974
0.1658349286299451
0.16583527446290935
0.16583780645025967
0.16583460414158038
0.16583281932868954
0.1658346677574766
0.16583459648741775
0.16583873015589243
0.16583897761226513
0.16583416707735263
0.16583047346670568
0.16583613539267267
0.16583726075877725
0.1658312391844559
0.16583903416642676
0.16583627861716682
0.1658339981974712
0.1658370864987123
0.16583301868861153
0.16583628254242722
0.16583455361216917
0.1658372939252968
0.16582793240042634
0.16583467246421363
0.16583292981969538
0.16583256170237587
0.16583253387986333
0.1658387603677295
0.16583537917715274
0.1658312248513761
0.1658326011321858
0.16583972280936238
0.165837646028737
0.16583558604016801
0.16583212694082772
0.16583214908427957
0.16583302044621423
0.16583279306693835
0.16583349313281676
0.16584230161760016
0.16583594558749792
0.16583755509227976
0.16583466905775124
0.16583699555071899
0.16583957232750685
0.16583356954086292
0.16583628133115833
0.1658393608823881
0.16583250687695836
0.16583373692293263
0.16583420397268497
0.16583563924836575
0.16583433817700166
0.16584010886601336
0.16583460792426807
0.16583762023396223
0.16583227250268825
0.16583746258042462
0.16583390499978454
0.16583589927489786
0.16583427439409074
0.16583389794458836
0.1658360890420578
0.16583747599587723
0.1658376782285991
0.1658325808534897
0.16583815279916297
0.16583513250964219
0.16583306793249383
0.16583503295223978
0.16583222536612888
0.16583466057362098
0.16583673540976124
0.16583610071367239
0.16583737497487014
0.16583478789816963
0.1658345718455514
0.16583304316187103
0.16583675063675976
0.16583385289613842
0.16583670712980303
0.1658383417222237
0.16583317424538369
0.1658365198638034
0.1658360678851375
0.16583404740502353
0.16583378890833997
0.16583460031412758
0.16583534767745267
0.16583522828923006
0.1658358638336159
0.16583549878008697
0.16583667068171298
0.16584042389722198
0.16583599317445913
0.16583776650011908
0.1658349053674785
0.16583230009514485
0.16583284970039092
0.16583849162345032
0.16583849037766518
0.16583806393447054
0.16583524604220853
0.1658398846689101
0.16583444283885684
0.16583026453854718
0.16583203114306447
0.16583577387374077
0.16583603181617063
0.16583842356518572
0.16583470891558144
0.1658344557100451
0.16583369544451154
0.16583258646407859
0.1658323118884148
0.1658351858956152
0.16583351818409145
0.16583457670061233
0.16583412877317844
0.16583431101462903
0.16583589991716285
0.1658381083804972
0.16583620261349943
0.16583946207347666
0.16583258971327677
0.16583337834912426
0.16583358576440754
0.16583328265988276
0.16583625420634068
0.16583770943968312
0.16583782926217316
0.16583627349952804
0.16583599492412074
0.1658305123685794
0.16583570844649745
0.16583420066800822
0.16583286537283812
0.16583489397015325
0.16583616274239038
0.1658370950190611
0.16583240682362307
0.16583708966136965
0.16583427336847267
0.16583293502431906
0.16583321945339177
0.1658330584944516
0.16583554341590917
0.16583764694883146
0.1658352470812415
0.1658361026475961
0.1658340123831697
0.16583631477367813
0.165833433582501
0.1658366185627137
0.16583625646365668
0.16583431516405261
0.16583671415215784
0.16583206501086642
0.16583802906505288
0.16583504006870337
0.1658350512689844
0.16583274153575445
0.16583879400484722
0.1658380200452614
0.16583689625659764
0.16583145234286872
0.16583463650928826
0.16583638582406043
0.16583354573115594
0.16583140431858145
0.16583071792085538
0.16583674597648768
0.16583653578897037
0.16583510108765398
0.16583533439999873
0.16583574836957118
0.1658334555781133
0.16583389761029518
0.1658325704919347
0.16583434940549577
0.16583654201386558
0.16583192586483475
0.16583502915112566
0.16583597969342742
0.1658330559079181
0.16583311521338173
0.16583479992474656
0.1658337881797457
0.1658335438838563
0.16583583283236664
0.16582990743081308
0.16583573419205305
0.16583647405218735
0.16583610004977237
0.16583582580548026
0.16583527064659737
0.16582900783246987
0.16583525375053573
0.16583788219158357
0.16583919433151195
0.16583589172635277
0.16583578359284457
0.16583737759599446
0.1658347418095352
0.1658345406718429
0.16583529582221918
0.16583404957790104
0.16583630174308792
0.1658347839745586
0.1658367534864512
0.16583343754517194
0.16583431460793527
0.1658348277108355
0.16583645906802552
0.16583495324149122
0.16583460258236926
0.16583598483049053
0.16583467317727052
0.16583424109607192
0.16583605981916216
0.16583548565116837
0.16583567021388215
0.1658356796169434
0.16583441499122437
0.1658331508940822
0.16583384144791935
0.1658330433445846
0.1658351096465975
0.16583626960967632
0.16583612861214703
0.16583872922003268
0.16583748114891111
0.16583516123495462
0.16583479246086671
0.165836913188771
0.16583548487479788
0.16583586837400918
0.1658336483839484
0.16583419208321487
0.16583602387961588
0.16583541479003497
0.16583581486084664
0.16583444084416168
0.16583487693536425
0.16583596878498258
0.16583415317796263
0.16583744752664473
0.16583341917644057
0.16583539109222667
0.16583324422411275
0.16583694286844847
0.16583503042068273
0.16583309354800277
0.1658369413157448
0.16583489172974228
0.16583544703855096
0.16583411183768265
0.1658348952875936
0.1658369317967861
0.16583366791601634
0.16583632433286566
0.16583389720873323
0.16583333520786922
0.16583572669019608
0.1658337810144874
0.16583611025039202
0.1658344160040042
0.16583637134400675
0.1658355113566497
0.16583335140074504
0.16583617307993836
0.16583288727269538
0.16583410737230592
0.16583503275344683
0.16583438671804765
0.1658370417918139
0.16583609348944495
0.1658341909164026
0.1658364191202227
0.1658344401908
0.16583417299890826
0.16583649380606785
0.16583528525632124
0.16583460508813436
0.16583533891639068
0.16583562804627136
0.16583628360742053
0.16583474833326634
0.16583445412208572
0.16583678143496855
0.16583511636164255
0.16583401559248567
0.1658341320757766
0.16583535902866042
0.1658353193942194
0.1658358780678895
0.16583561805827116
0.16583340072424294
0.16583442197341483
0.16583508599270708
0.16583549866653535
0.16583535565126575
0.1658357069226103
0.16583546365462834
0.16583584693032952
0.16583518798021746
0.16583431136662233
0.16583614541506114
0.16583728122680996
0.16583516896574466
0.16583513488739973
0.16583572803736413
0.16583520725280917
0.16583497984126894
0.16583424272124517
0.1658366098241713
0.16583750201186626
0.16583606382131347
0.16583619691019905
0.1658372494930889
0.16583573801071924
0.16583420013773498
0.1658352264150436
0.16583544256002988
0.1658353329401049
0.16583663226513548
0.16583436713106595
0.16583556461378557
0.16583648867549156
0.16583623730401906
0.16583697563511252
0.1658343209658844
0.1658358266614917
0.1658338739695601
0.1658369019375186
0.16583493721735282
0.16583395846971094
0.16583537502032747
0.16583430472668292
0.16583461033097804
0.1658330740785967
0.16583674807637827
0.16583547836357146
0.1658356177030297
0.1658360309824114
0.16583514576364164
0.1658347255080084
0.1658334611180067
0.16583573156221437
0.16583569922986374
0.16583574037517015
0.16583573845570787
0.16583522130081907
0.16583444952245874
0.16583385860844843
0.16583410615771094
0.16583454457258306
0.16583569549878766
0.16583429422090193
0.1658361011773716
0.16583514797854154
0.16583566112587697
0.16583402950344217
0.16583538036670623
0.16583373423235057
0.1658347015485684
0.16583586020261895
0.16583481144191503
0.16583341713087563
0.16583530323850337
0.16583444628719612
0.16583396223635666
0.16583514756149567
0.16583469939502013
0.16583489528378137
0.16583542590980943
0.16583496719362442
0.16583514199033306
0.16583575375450574
0.16583491677806095
0.16583498035913014
0.16583557517971906
0.16583543221501237
0.16583438402134607
0.1658349311859664
0.16583502312250864
0.1658349452669194
0.165835545554855
0.16583528202271772
0.1658349413077059
0.1658356959902654
0.16583486939927664
0.16583547112245273
0.16583422715753438
0.16583545171770026
0.16583550608937359
0.16583536752357836
0.16583494605206123
0.16583574543396631
0.16583515540405575
0.16583488135572774
0.16583547204492144
0.16583552846210847
0.1658351697366261
0.1658351615930816
0.16583517166479522
