2.5030563672136092
2.5038248439094826
2.503120946666168
2.503706921189963
2.5031025414821197
2.5032519542031086
2.503777143183547
2.5038756760333616
2.5028600142165707
2.502790788536009
2.5032134648009188
2.503192923876105
2.503534402639779
2.503339264311353
2.503442507991102
2.503205221673663
2.503148856182337
2.5036913608366027
2.503169272995138
2.5034080462066086
2.5032537338574
2.5033531380565663
2.5033269301655534
2.5033858215000953
2.5034628629876106
2.5031208432854597
2.503179488890253
2.5033320713792935
2.503361916780926
2.5036590555810725
2.503183293291716
2.5031226594007814
2.502980992767858
2.503491523792094
2.503158151976677
2.503180239733099
2.503431214138331
2.5031197546617996
2.503326177955098
2.503204709208965
2.503433263375892
2.503186406142104
2.503539183783938
2.503213537346136
2.503376175133068
2.5033613808821475
2.5034546758319864
2.5034063038613787
2.503329427210306
2.50319083972207
2.5034223338693837
2.50330547600176
2.5030347256291745
2.5032068956039804
2.5033660397308037
2.5034019966017085
2.503229111230074
2.5034389712035257
2.5033396498432134
2.503210030823004
2.503186478040157
2.5035796947416267
2.503315092999595
2.5033010795745403
2.503213081152208
2.5032770892290688
2.5033787648154058
2.503165129937948
2.5033483540598436
2.503279786626066
2.503105873692784
2.503300544932285
2.5033522936757553
2.503328642380375
2.5033036491738656
2.503191368468112
2.5033170089807633
2.503315474423521
2.5033456905898364
2.5034983803509783
2.503306471224929
2.5032465039579628
2.503576246811519
2.503375869987628
2.5031281415934257
2.5033941330856524
2.5033718657050903
2.5032853998060016
2.503248085247296
2.5032671744439
2.5032137117927857
2.50325616302136
2.503330886940659
2.5033802032864476
2.503349772814262
2.5032171673623473
2.5032292458996057
2.503298792103196
2.5033745559201135
2.503346173080693
2.5030855932507645
2.503259267364603
2.5032281480176786
2.5032001740371257
2.503306167636763
2.503268735044368
2.50327294610495
2.5033301225723354
2.503283512075378
2.5031658785858055
2.5032606955802006
2.5031882282501163
2.50328724381985
2.5032951614335945
2.5032317441211047
2.5032452443011106
2.503280510111544
2.503193528632039
2.5033138203429903
2.503305295775565
2.503275861170832
2.503380656884926
2.5033366589762625
2.503285890916709
2.503155767442595
2.5032271753539623
2.503218484332114
2.5031988778359424
2.5032892212581226
2.5033373899660853
2.5032550498873194
2.503264952155802
2.5033489601877585
2.5033322792705475
2.503425999546218
2.5032159439444803
2.503269258976956
2.503357470333242
2.5032859971789287
2.503244086596167
2.5032351314869383
2.5033276417662287
2.5032015569381723
2.503261041691902
2.5032418253305497
2.5033026283781195
2.503225033289879
2.503328190829074
2.503201674047636
2.5031016467533687
2.5033457634584573
2.503286569438857
2.5032320384847773
2.503340422715935
2.503255329689702
2.503248412509075
2.503258638894593
2.5032162081849725
2.5032432447089175
2.503362339770231
2.5033514603591045
2.50323548412592
2.503370721710736
2.503268026063762
2.503316893537022
2.503324627054861
2.5032629368656156
2.5033908767936524
2.5033144869917594
2.5031899340447192
2.5032680992179714
2.5031934491181302
2.503213287302234
2.503264119146882
2.503341223500688
2.50327463591862
2.5032913059153494
2.5032752459080467
2.5032788741824836
2.50325927521581
2.5032159345386686
2.503291044915845
2.5031945379188545
2.5033395432096355
2.503287937613757
2.5033480074640004
2.503211237626981
2.5032666017816902
2.5032816295130984
2.5031877237031064
2.5032780343879044
2.503194556970919
2.5032277115690786
2.503151780726791
2.5032819025583355
2.5033572353694358
2.503284293206954
2.503268367359997
2.503354745215738
2.5034267591046118
2.503319226394755
2.5031991434743346
2.503203441555719
2.503279076553442
2.503276440500424
2.5033068377321834
2.5033530362759615
2.503245470099213
2.503157868639467
2.5031935874078366
2.5033239151533193
2.5032481842020804
2.5032840604784314
2.5032237756086197
2.5032714887380165
2.503372574000449
2.5033409210948454
2.5033136597769468
2.503344443128656
2.5032350265610503
2.503198446494713
2.5032475442347533
2.5033059549121326
2.5032658495927085
2.5032163521953943
2.5032724605718233
2.5034497403068543
2.5032118443591536
2.5032253176801578
2.50331830954688
2.5032310337920904
2.5032335327929207
2.5033050391679152
2.5032719863296347
2.5032765814754194
2.503242120028808
2.5032612461255064
2.5032304647811863
2.5032562674052183
2.503315897690736
2.503179399129715
2.50332768256602
2.5032719497228277
2.5032677678414514
2.5032123662636026
2.503321671878654
2.503220396983757
2.503294983752263
2.5032089643217836
2.50323368523326
2.503307211084591
2.5033328103561603
2.5032623449487197
2.503330876123077
2.5032029833028866
2.5032500745689052
2.5032569197819865
2.5033284852756625
2.503237380283538
2.5033388102657153
2.5033266982221645
2.503335199342507
2.503305103707375
2.5033034946544386
2.503314304649879
2.503319162981347
2.503371410019161
2.503264931214566
2.5033150897917613
2.503319655837439
2.5032239802006466
2.503276455039916
2.5032488267111197
2.5033473624158558
2.503296384699335
2.5033282227637255
2.503330647729307
2.503274942681883
2.5033326585572997
2.503265362561956
2.5033044389495602
2.5032858265770885
2.5033017418143757
2.5032690519093346
2.5032448774304017
2.5032626238855946
2.5032295444290065
2.5033099157349583
2.5033570879386216
2.503287240314438
2.5032539926299897
2.5032889439885517
2.5032771910972027
2.503343109530148
2.5032946539424663
2.503271235541256
2.503295498516358
2.5032314155544495
2.5033305124449416
2.5033123912597586
2.5033306417061523
2.5032776824654444
2.503303087918947
2.5033264931958024
2.5032904237645632
2.5033502066815254
2.5032717654058456
2.5032690551411325
2.503276495134801
2.503264194159871
2.5032646099714233
2.5032887825818118
2.503291306138696
2.50333865169007
2.503331529632627
2.503299425242843
2.5032873810622447
2.503310527150047
2.5032169033868734
2.5032768841948374
2.503314292092099
2.5032711933369898
2.5032588871198196
2.5032242105290625
2.5032698610876576
2.5032777086968765
2.503245600954875
2.5032959759481623
2.503274468792411
2.503282564456261
2.503310149361707
2.503262499098863
2.5032799126479186
2.5032885069572703
2.503182975856935
2.503337945707596
2.503213553942812
2.5033447254172674
2.5032616532378373
2.5033083104002207
2.503270976837214
2.5032193615128127
2.503279121952771
2.5032907227306485
2.5032873276109533
2.50330193578252
2.5032514224369717
2.5032952331545366
2.5032809252637795
2.5032368038465753
2.5032637320563205
2.5032965334904174
2.5033436474552184
2.50328084722601
2.5032300535894088
2.5032414422489127
2.503283749141605
2.503236947091108
2.503267607693769
2.503330995363921
2.5032610453644897
2.503286493791121
2.503255850841432
2.503235973664816
2.503263285996882
2.503268185116622
2.5032981269142582
2.5033019249628694
2.503336015675733
2.5032565505427917
2.5033019278481623
2.5032240025590515
2.503233698334801
2.503248187214655
2.5032799772373395
2.503254705335934
2.503284912186093
2.5032984742711877
2.5032984367482225
2.503235096746168
2.5032146811641423
2.5032700993252814
2.50324725577356
2.5032691563764873
2.5032271155164527
2.503273357889757
2.50329046549357
2.5033518666088868
2.503324455368561
2.503259040237653
2.503266182711491
2.503265567171267
2.503243951798186
2.5032531830006515
2.5032894265617056
2.503267044048481
2.503290438001916
2.503307184841035
2.5032554516897045
2.5032476374144097
2.5032274736381535
2.503234076487272
2.503313319032103
2.5032632387662446
2.5033543833880065
2.5032832448233187
2.5032691480977443
2.503221253857937
2.503268586428112
2.5032779474106888
2.5032532867722788
2.5032244487676856
2.5032405445537353
2.5032704401643726
2.503210154774753
2.5032683945127423
2.503258337038591
2.5032223089217727
2.503250960617692
2.503303375605905
2.503264769454893
2.503292088867313
2.5033479229289504
2.5032917496308635
2.503323792773669
2.5032388628266817
2.5031762115278835
2.503339135263904
2.503266858197151
2.5033464061168402
2.503298992076204
2.503292536529106
2.503315646113242
2.503288742329121
2.503309998375492
2.503291063914874
2.50327883298809
2.503234682843525
2.5033173007850933
2.5032471183688147
2.5032310278805214
2.5033096613052126
2.5033299015650927
2.5032669262616656
2.503321447674358
2.503260225332407
2.503309255789862
2.503250129505309
2.503213978742792
2.5032999983946707
2.5032969076064484
2.50325336722236
2.5033111666863106
2.503284903233775
2.503334951999763
2.5032893710627637
2.503317551596315
2.5033644030613855
2.5032576530529806
2.5032886382691153
2.5032345276372774
2.5032303332910986
2.503326365232963
2.503283530211184
2.5032684585061564
2.503318498339085
2.503282367207467
2.50330066273861
2.5033256923130014
2.503263243324061
2.5032514691790926
2.503303496488421
2.503332964446532
2.5032332815619465
2.5032328035614806
2.5032868745185937
2.503293276757714
2.503306874692503
2.5033284438298615
2.5032763298397875
2.5032758862621605
2.503303028618624
2.50326615388091
2.503282195676818
2.503282230723126
2.503277409938464
2.503252343623747
2.50329665831961
2.5032961471316257
2.5032584409132017
2.5032949078105906
2.5033089760008562
2.503270276700184
2.503296326955085
2.5033153844343143
2.503293442128532
2.5032672595918553
2.503299214260726
2.503266202763421
2.5032404379344584
2.5032966086790918
2.503282879803478
2.50325551237235
2.503282950576417
2.503301626238832
2.50332637754151
2.503294575246555
2.503268925419915
2.503223395574912
2.5033154351531737
2.503251238467666
2.5032450246503744
2.5032903506626223
2.5032760648582393
2.5032822682330615
2.5032862611849063
2.503319769509016
2.503285390329884
2.503277597429702
2.5032639225220366
2.503273152018859
2.503340861593787
2.503286827618866
2.503272397940362
2.5033032189749047
2.5032923512734477
2.5032900451157603
2.503242662980329
2.5032550261493456
2.503287935845109
2.503259406440297
2.503292116547174
2.503315558275001
2.5032448726083407
2.503308932914174
2.503218311619382
2.503300819331975
2.5032861135309257
2.503295917219842
2.503250685403593
2.503315071537651
2.5032638129880995
2.5032601625054487
2.503286432505936
2.50325532209703
2.503319185644279
2.5033216172131754
2.5032585271650496
2.503285530909028
2.503264390282286
2.503253687415832
2.5032661893086123
2.5032766430746176
2.503288822990793
2.503256585528694
2.5032676551430555
2.503288787697982
2.5032738151225935
2.503291295615662
2.503278748964864
2.5032601946966757
2.503243321793837
2.5032827221688514
2.503303559320475
2.503299221035256
2.5032688595254693
2.5032770588390942
2.503282091764433
2.503234764293839
2.503239082973613
2.503227581838933
2.5032479697961967
2.5032760789950497
2.503267421985439
2.503307682045047
2.503262487259743
2.503262590965645
2.503268779844686
2.5032872925302234
2.503316335384872
2.503269813460544
2.503270202433394
2.5032852180573006
2.503260612001202
2.503253327657487
2.5033219647661404
2.503303209992926
2.5032948874842895
2.50331682690286
2.5032944840495244
2.5032824648684744
2.503298129569863
2.503293411058399
2.503275314458727
2.503268651513014
2.5032968541550193
2.5032927093400956
2.50331334904305
2.503241009065046
2.5032908780690013
2.5033080534344045
2.503271896585203
2.5032908572663803
2.5032813976396273
2.5032602521889062
2.5032625725890667
2.503280638635788
2.503276878933674
2.503267660158043
2.503279072499076
2.5032603228969497
2.503306088332754
2.5033047506882737
2.503319799670139
2.5032720556536763
2.503296006901054
2.503244956720993
2.5032845146013747
2.503261471103692
2.5033151266099574
2.503291307416678
2.5032784908599295
2.5033153132674104
2.5032945699742775
2.503264328865252
2.5032981809401043
2.5032642736582753
2.5032683222956504
2.503292067789773
2.503259694797609
2.5033331266341685
2.50324886498996
2.503252171862322
2.503274049576352
2.5032928454463903
2.5032656092779195
2.503235786616909
2.503306298747303
2.503259288362907
2.503317389506765
2.503248230466728
2.5032387744345392
2.5032462883201245
2.503233291481557
2.503318028888552
2.5032894191548114
2.5033098382981787
2.5032656819047925
2.503300963139977
2.5032781051964954
2.5032758946003226
2.5032660370962843
2.5032979000976296
2.5032903663395785
2.5033141059417283
2.5032754826297356
2.5033080408568567
2.503269863147794
2.5032671875696533
2.5032556391992604
2.503261306618903
2.503319721144326
2.503313388187445
2.503295683006218
2.503272580100302
2.503290132221474
2.5032941407942415
2.503283338198043
2.5033119775343757
2.5032809122617166
2.503295410090762
2.503267301614449
2.503277126523378
2.503287510894094
2.5032656141115432
2.5033018648363585
2.503245768654017
2.5032534198651253
2.5032942155041877
2.5032747953662873
2.503288167988693
2.503318092613482
2.5032896879260065
2.5032738298814987
2.503280021914783
2.503276793230364
2.5032810340361693
2.5032569492016963
2.5032537006039193
2.5032536123548814
2.5032953338769555
2.50327758764568
2.5032462063612853
2.5032815816717573
2.5032885348349914
2.503288751186609
2.5032520530144056
2.5033040541622933
2.5032728568856855
2.50327174553023
2.503316416560678
2.5032930954315256
2.503296232820958
2.5032713718693875
2.5032931933193856
2.503261760488199
2.5032872840295166
2.503299065745881
2.5032857315429125
2.5032900082786984
2.50327965131678
2.50332778971979
2.5032601148105007
2.5033242065837165
2.5032712128967227
2.5032736851455937
2.503256081891895
2.503283540862181
2.5032440246787306
2.503296810013218
2.5032551767208853
2.5032496577256667
2.5032635669021825
2.503262064045079
2.503295417648894
2.5032988918452483
2.503272048537348
2.503288934161105
2.503285637693016
2.503278078639201
2.5032913602532765
2.5032665378129995
2.5032781518313683
2.50326183656007
2.5032813764131823
2.5032702136613594
2.5032594143279057
2.5032608534879257
2.5032777212187796
2.503265281001093
2.5032630949939163
2.5032889357612116
2.5032777592262314
2.503257008845274
2.503280195746434
2.50328231259398
2.503265708726894
2.5032839957903383
2.503307182187268
2.5032719040596048
2.50325918054428
2.5032747478124775
2.5032974960112044
2.50324519689011
2.5032901440161646
2.503297426695563
2.5032699493968424
2.5032821150552502
2.5032766763847096
2.503252344436178
2.5032742098938474
2.50328825313505
2.5032862437036814
2.503302434953826
2.5032848692726297
2.503300708699798
2.503259527051998
2.5032861133322912
2.5032383128312237
2.503292561223322
2.503283320551304
2.503255377872257
2.5032865233423527
2.5032664813328744
2.503278700691734
2.503303547743866
2.5032726927686286
2.5032713075995976
2.503251061675285
2.50327721666805
2.503255701463119
2.5032701706494627
2.503273838105746
2.5032648335309515
2.5032867685520337
2.5032593945928268
2.503281934113462
2.503286774081766
2.503299259891558
2.5032927074704565
2.5032832951139685
2.503297980109814
2.5032652516103027
2.503293501012817
2.5032941770103254
2.5032926939489393
2.503305568975463
2.503257814449693
2.503268974409373
2.5032650743730986
2.5032726499421756
2.503281811558331
2.5032651378438815
2.5032741082369934
2.5032828594372654
2.5032816030209424
2.503294766337671
2.5032947040888414
2.5032791248858217
2.5032806334654496
2.503263625344108
2.5032822055490924
2.5033017672343876
2.5032730984605958
2.503287590730003
2.503292237426313
2.5032851419269457
2.5032882769874383
2.5032724476342247
2.503248059910613
2.5032674233057506
2.503267304318544
2.503276180677538
2.5033035026987336
2.5032764173346815
2.503274904418946
2.503282760942527
2.5032790258422803
2.503255054532915
2.503261805294301
2.503283835690899
2.5032751767006296
2.503256636607543
2.503272350966999
2.503277370105055
2.503280012393567
2.5032777806303166
2.503265845576009
2.503294217599702
2.503292464469732
2.5032937116933573
2.5032742803373633
2.5032754933378407
2.503266675569362
2.503277868937317
2.5032858100321267
2.503278296491992
2.503282767369981
2.5032849936772634
2.5032815268909236
2.5032736626935796
2.503281723292735
2.503270761503676
2.50330055712092
2.5032811374207795
2.5032911374395623
2.5032712482661603
2.5032566162642755
2.5032842867279306
2.503267912896385
2.5032975362339203
2.503276572413117
2.5032890006762365
2.503279534864045
2.503280406454997
2.5032751156925768
2.503278144105804
2.503274996032832
2.503283155134511
2.503269771673668
2.5032811184204053
2.5032731803900243
2.5032913340652927
2.5032752938260487
2.503285393054948
2.503299228996649
2.503271859651299
2.503300384296621
2.5032844077530743
2.5032879382428446
2.503285296584777
2.503280892585482
2.5032813890151306
2.503294690618954
2.5032934238131594
2.503287413075987
2.503264431677583
2.5032827058495006
2.5032933026427573
2.5032773931188395
2.5032697484423725
2.5032697773046975
2.5032773317784835
2.50327811926028
2.5032839927367787
2.5032883448515815
2.5032835544919725
2.5032911776668114
2.503271868223267
2.503289808379427
2.5032570107215255
2.5032653964777802
2.5032805090684156
2.5032658955881075
2.503278778398977
2.5032826483471142
2.50328639599683
2.503268308775605
2.503271692652169
2.503278768958534
2.5032834358350815
2.5032600918307564
2.5032814185106615
2.5032874265158607
2.5032872811051674
2.503283225729856
2.5032552792955425
2.5032769680255433
2.503287447978943
2.503279094727403
2.50328110363579
2.5032686458166995
2.5032863386224085
2.5032785807447717
2.503270578562135
2.5032920453425525
2.5032806297615613
2.5032879003664834
2.5032891598155467
2.5032957599545838
2.5032888475571826
2.5032746907768684
2.5032804462945863
2.503288567634352
2.5032758434903384
2.503260190960938
2.503262194784117
2.5032786331341508
2.5032882515020787
2.5032788583257695
2.5032724098727566
2.503266909046186
2.5032776381386364
2.5032690859526316
2.5032712832531323
2.503285556734015
2.50328105544816
2.5032859315431093
2.5032787510739043
2.5032869300211447
2.503274475517593
2.503287948600728
2.50327998701221
2.503277699876447
2.5032759323384046
2.5032839361772834
2.5032912737837427
2.5032748742456365
2.503276719108487
2.503285543560395
2.503274689704684
2.5032871146845515
2.503291088880248
2.503280067499949
2.5032809009304247
2.5032685199082594
2.503268762151075
2.503280750455701
2.5032875280951865
2.5032809154067293
2.5032779391020545
2.5032790309699102
2.5032797533827824
2.503277923518396
2.5032765731251994
2.5032806019197187
2.503279143552621
2.503272860817311
2.5032807025610504
2.503281413817222
2.503275202335529
2.503282524482365
2.503284919348223
2.5032864924886944
2.5032789182899564
2.5032774870590146
2.503281048584684
2.5032820198256025
2.5032737928222524
2.503276240519156
2.5032806419119455
2.503281982285904
2.50327984874811
2.503278719273887
2.5032804934572246
2.5032804775428787
2.503279320047883
2.503279293934544
2.503280689761389
2.503279698744907
