0.09051852257161494
0.06425545645552086
0.052124116959099076
0.04499936364046949
0.0403253048769901
0.03693904423206103
0.03403361231286709
0.03189487005703233
0.03024873196316672
0.028418314531794414
0.027178141932843056
0.026033642266203187
0.025200227879973582
0.024056815818264833
0.023261266842707233
0.022409786948489857
0.021522838943649862
0.021271850688961074
0.020276489676745856
0.020125755524571666
0.01960069427100691
0.019084267835240355
0.018795790066020435
0.018240221754426637
0.018070264528118836
0.01728989331488994
0.01715319986979924
0.01696561711357746
0.016358586163631603
0.016166889309588612
0.01587922108504504
0.015579097538350328
0.015462099156516876
0.015313361639789304
0.015036692552916583
0.014862089801352292
0.014594227201448054
0.014434659897676082
0.014180800000323526
0.014138536573176009
0.01391353010742859
0.013814856061771508
0.01353536859299277
0.01323388994278046
0.013265004609285423
0.012919318580941341
0.012952589920483674
0.012743275090128755
0.012617741850418944
0.0124132301428589
0.012330737779950971
0.01219523927982139
0.01203037542769757
0.01198261791909394
0.011758438774818768
0.011586977632728788
0.011530932013460504
0.011517439967789268
0.011336955041314305
0.011294216362546525
0.011337252933758882
0.011005684768694656
0.01104369416653784
0.010978524952261367
0.010878933570566305
0.010698264799503168
0.010656419900875604
0.010613573402457478
0.010420714947618927
0.010505062469377047
0.010423204411997799
0.010288392537696018
0.010202549150420119
0.010196525340979829
0.009972286494141086
0.009954609716348598
0.009909758671565955
0.009672651706937138
0.009607939415948846
0.009695210419747777
0.009629383829882673
0.00959422681847878
0.009493246520518818
0.009393431651531612
0.009400883313604409
0.009374870712121154
0.00915877110751883
0.009261538907972091
0.009136298038212308
0.009068004016611439
0.008964225832508877
0.008947927999788267
0.008759202735336794
0.008834158020668312
0.008868370929187554
0.008800928363975509
0.008693593225970228
0.008692402961738002
0.0085913077442298
0.008597264118107021
0.008447939222680551
0.00846267898894758
0.008419371842320889
0.00850277194851571
0.008352589822791932
0.00828413761228237
0.008152048833716436
0.008088485122356064
0.008164913249733757
0.008150716520896027
0.00806926204688117
0.00815023719304885
0.00798568276122653
0.007927789463390924
0.007873455864133813
0.007890806398123831
0.007824247244922708
0.007792080862805988
0.007778751996836993
0.007741355780730614
0.007853084770324412
0.007725900629757422
0.007596263093939939
0.007702466086311839
0.007573275211501875
0.00757089031427911
0.007491869744739145
0.007441119388172798
0.007423605150715145
0.007324795160524405
0.007332547914230509
0.007336578936378576
0.007380185898535353
0.007350428603029595
0.007277655358531506
0.00726097112300505
0.007139262384980006
0.007105734322585197
0.007084102061058044
0.007135473942039594
0.0070323854623178346
0.006940228067581475
0.006940261891020022
0.006923283521539953
0.006992075914185458
0.006880285381475788
0.006864727818101859
0.006854659799261537
0.006819651734396911
0.0067788669144115965
0.006817658195329534
0.006753683037221572
0.006629556028265523
0.00666774240744373
0.006753920188215104
0.006686788677441794
0.006707695595935941
0.006601107551461688
0.006546169063143406
0.006532784947318908
0.006564449976554926
0.006513729749183097
0.006506154628939097
0.006504631332766916
0.006421836704503497
0.006433870796946642
0.006308165267183188
0.006294733991639766
0.006299197625278443
0.0063644422826489135
0.006296717437015468
0.006207129061816884
0.00620350566108173
0.006254201269505782
0.0061624209920380845
0.006221736741381877
0.006120338623532959
0.006207545708155529
0.006069739462036495
0.006097629345280115
0.006084721574682045
0.006039219102172979
0.006023873582341341
0.006000546305566566
0.006016009218598185
0.005964124598615421
0.005965746159072589
0.005940515157985903
0.005946197893823625
0.005838475813586587
0.005897758744644964
0.005916924992612604
0.005888972969406974
0.005802111158790451
0.005862734317839481
0.005809881138842968
0.005747890278324919
0.005789576991763367
0.0057605331161866705
0.005680018744885177
0.005679709048991289
0.005696101899177355
0.005663874780476918
0.005682837950648694
0.005682739831719114
0.005634894109125261
0.005649389025418049
0.005614549658924197
0.005596879725530108
0.005566071410537807
0.005533106289151781
0.005489723052655326
0.005467549932074914
0.005485211618461496
0.005508840325332998
0.005414652013417167
0.005424575984808798
0.0053680626730539475
0.005373931498940563
0.005465790216246608
0.005360037733315457
0.005351760033748854
0.005265115398121424
0.005240353641887079
0.0053765117439242924
0.00527051730538059
0.005309036478301929
0.005189303799886379
0.005286582091582723
0.005173056146444371
0.005275499952510969
0.005108606436820128
0.0051880914045185494
0.005186253859869195
0.005178714017737573
0.005208710918378533
0.005197288673737511
0.005102382159491841
0.005107348426656645
0.00503317326349521
0.005007383982541678
0.005080136991314206
0.004993199760499641
0.005093017415997592
0.0050072466599749375
0.0050094919906904746
0.004970233391834929
0.004989622316034856
0.004984701663248826
0.004917576208404835
0.004912924824858152
0.004887782633556538
0.004956260555179553
0.004892143329704518
0.004916353256441765
0.004822433330047198
0.004861145720132507
0.004843951290765287
0.004842000962188894
0.004826159259728767
0.004800737986224287
0.004832999158010602
0.0047896434718946255
0.0048098537337258745
0.004823276331447764
0.004720801586439051
0.004706377920529628
0.004695184951056685
0.004728905875072707
0.00470161773762532
0.004703042404871931
0.00467528823135171
0.004641078680724777
0.004645071528642328
0.004630552988726234
0.004635894059199683
0.004547909252981004
0.00458641277134636
0.004652802378418268
0.004570864706471081
0.004551980068552542
0.004542047291215658
0.004494288352015468
0.004534616420572606
0.004458151613381368
0.00453129251854617
0.0044995846817350044
0.0044508677845633065
0.0045168595546794844
0.004472457692802352
0.0044738922895697615
0.004459091250322361
0.0044914268945632245
0.004505725364109077
0.0043966119421689305
0.004401195076734875
0.004428010699927355
0.004412314134017646
0.004395291273313523
0.004361750101522121
0.00436944464696375
0.004366758194219876
0.004344919366020589
0.004291710961519482
0.004285697692914405
0.004341412624962316
0.004226772605070357
0.004348310461002232
0.004284475718785219
0.004241392523526079
0.004246157498576918
0.004231520055811495
0.004277905371942342
0.004256703601385934
0.004241504641549945
0.0042074818716959965
0.004187825038458442
0.00416678971038243
0.004138779613813014
0.004127362239543409
0.004173470456277611
0.0041570050942495015
0.004086496796209519
0.0041588785456535245
0.004136765827059411
0.004116956741256357
0.004115712066362706
0.00407489995798791
0.004059297870213583
0.004065266229233217
0.0040537331736743894
0.00411377132291768
0.004056986779306969
0.004048989624322337
0.004029407852261798
0.004053148308432507
0.0039692069714023165
0.00403623938668226
0.003952002061498209
0.003949847502952493
0.003941427823252308
0.003941472379076122
0.003936318478683466
0.003954629056695612
0.003918990030538586
0.003941663019843887
0.003910397724733817
0.003945474995375608
0.0038932406551655955
0.003874262033363913
0.003886557484889637
0.0038549058710069745
0.003822587649700245
0.0038772409912921097
0.0039030831985126663
0.0038325521706867385
0.003857191223415676
0.0038286961586789917
0.003809380053470806
0.0038251099001476124
0.0037960021028319033
0.00381862103000375
0.003754399673672496
0.0037716460862708976
0.003708174034815045
0.0037528242126412
0.003728941141130546
0.0037928659341450103
0.0037061344714036278
0.0037601438773094673
0.0037162331088313925
0.0036827613529514217
0.0036640336115645574
0.0037080733737584605
0.0036650142905452552
0.0036757157329374043
0.003656229302902357
0.0036807797930612364
0.0036717652996112794
0.0036436526430486576
0.003617041304979972
0.0036626771877538533
0.003642558893684751
0.0036274346869966316
0.0035911452773539597
0.0036060133182958254
0.0036143066636169694
0.0036190660673259102
0.0035699120009154155
0.0035857122279348303
0.0035538288649274406
0.0035594567521235135
0.0036032902999486873
0.00352578019521049
0.003480571544844388
0.0034961081845429265
0.0035127108571755593
0.0035213276923216617
0.003480235013056962
0.0035395030049275096
0.003487877588258135
0.0034821507920455093
0.003503438199945979
0.0034861082974448994
0.00346932650151698
0.0033969783457719646
0.0034372970010508198
0.0034478162862057746
0.0034475866491070145
0.0034503507995624883
0.003431214012419695
0.003388728142907661
0.003414643542425458
0.0033860539330460206
0.0034187275161191915
0.0033529784450529593
0.0033884132434288264
0.003386047556277775
0.00338797744028754
0.0033709117638729847
0.003352385644209479
0.003327759424458713
0.003394970502351065
0.0033510551766842388
0.0033023980099777406
0.0033081962095787188
0.003294851402053606
0.0033293646953290275
0.0033236638331558196
0.0033001297860412978
0.0032874231278333887
0.003295530120631631
0.003235161319707572
0.0032889097742552047
0.003250186839921122
0.003253644478237959
0.003212150409365233
0.0032261134734376056
0.003251016210988397
0.0032203914400066834
0.003199118055601019
0.0032250267346602937
0.0031805764203745174
0.0032337468200444243
0.003235840891435506
0.0032127094779306627
0.0031815782501191867
0.003177725722669551
0.0031820515245819967
0.00315531809462117
0.0031297288678942088
0.003155739242394688
0.0031608688751294254
0.0031568791210076427
0.003132682700008952
0.003132412667322564
0.003137025723675964
0.0031780193754892285
0.0030941906659511455
0.0030568764731046852
0.003121180148730113
0.0031229507977660435
0.0030907266455926148
0.0031058334544191548
0.0030796051831725895
0.003062090883035494
0.003038989727626719
0.003051308895915062
0.003049976651934155
0.003064042177933878
0.003022804873494819
0.003017271292786007
0.0030151615729263883
0.0030130990081644895
0.0029787435993298135
0.002974657404251421
0.0030411226112155264
0.0030072396714046026
0.0029776571301473606
0.0030065804639577095
0.0029906776126769493
0.0029622353291148848
0.002947081664300247
0.002949299505494297
0.0029216379678264365
0.0029642399651400404
0.002939997715721888
0.00295516434177725
0.002944766196203385
0.0029165751968693054
0.0028859763640978957
0.002887711741247917
0.0028635086176659955
0.002860696016768147
0.0028699477449069598
0.0028813694327222625
0.0028989214791499364
0.002850221943677179
0.0028690758267434745
0.002873028472187283
0.0028550417314265586
0.0028694792451486296
0.002846909242719764
0.0028584239315965388
0.002821448825240852
0.0028435007814842806
0.002808148050266163
0.0028110887589933454
0.0028088586216897574
0.0028149654054789226
0.0027962293314540373
0.0027807556923839408
0.0028131583261426585
0.002776552569578189
0.0027778733276416384
0.0027537736743623088
0.0027665819899579747
0.00276693646470859
0.002726812818285192
0.0027622059082020693
0.0027275754651915453
0.0027028964658254045
0.0027178380955410362
0.002745319172945258
0.002711376255691655
0.0027323277215204386
0.002741578065172681
0.002686853713686194
0.002710867752108743
0.0026783068326327376
0.0026846894396208797
0.002692579433360138
0.002664145250401
0.0026878387787406433
0.002692571489046863
0.002681040997394105
0.002652851098583867
0.0026333199641935413
0.0026552530748719556
0.0026445212832765033
0.00264654067665001
0.0026382312678432584
0.0026352749970869438
0.0026109123103035523
0.0026049685231632445
0.0026062864435389514
0.002590751181293207
0.0025805010480456463
0.0025587789502839933
0.0025884521828345875
0.002628798994781247
0.0025701549282008446
0.002535615360166822
0.0025618677597058674
0.0025327646102755686
0.0025840952349277485
0.0025398228932263143
0.002525654934357588
0.002509273844540616
0.002518168529259842
0.002516571309315417
0.002534141910709798
0.002517055599946147
0.0025285653650271404
0.0025147359243595808
0.002481954298056465
0.002514727092809622
0.0024900078494237217
0.0024717661424268227
0.002481311649893667
0.0024699702116263065
0.0024688741713218415
0.0024897025052123536
0.0024761743503027268
0.0024621343669630614
0.002454495537237443
0.0024723331303383514
0.0024554755325012466
0.002442382326523862
0.002467329132781661
0.002452839502332319
0.0024110008287403758
0.0024208945861898465
0.002434801459691146
0.002411906447955355
0.0023850326806666437
0.002405445554615679
0.0023953389193626324
0.0023697116815312594
0.0023705035576732517
0.002348716849400104
0.0023783200788211225
0.002362429653089311
0.002373127408182604
0.0023830012953576546
0.0023809117584611644
0.002338289480783454
0.002370797431243075
0.00236159410259712
0.002316254249605359
0.0023403775085446966
0.0022965705928589255
0.0023202611287677544
0.002348421687184939
0.00230503262226541
0.0022979780333957623
0.0022938278604854863
0.0023099249379877683
0.0022875140028243137
0.00227908628141293
0.002277945383047373
0.002309101843452703
0.0022854106110510642
0.0022651133610176043
0.0022988094172309522
0.002264697889344069
0.0022636920474745086
0.0022421128491084516
0.0022514911338209465
0.0022307335514572344
0.0022392241072688836
0.0022278838684812972
0.0022128476394462416
0.0021884687198108926
0.002190253076789554
0.002201399447135071
0.002191276464401538
0.0022072498181537684
0.002208217942391512
0.00217280412187639
0.002183741232420311
0.002193263593849954
0.002179929263063065
0.0021878036169823574
0.0021804591504421857
0.0021527329034699053
0.002154728099421771
0.002149067569118617
0.0021608104783781014
0.0021377525109277005
0.002109932170282317
0.002109427461401202
0.002121996426149308
0.0021200809608603655
0.002107925708879832
0.0021208604010005726
0.0020905945771915167
0.0021109308288863194
0.0021102438058497627
0.0020997990464191423
0.002071935165989772
0.0020803343433263327
0.002105697298639305
0.0020717844638242907
0.002077419178592462
0.0020846526189647915
0.002080122295100552
0.002051653269674457
0.002053739618679603
0.00203523676316023
0.002043436579542241
0.0020015399129416204
0.002032802614296015
0.0020117988627706435
0.002047312310976483
0.0020150778838135238
0.0020030176790538303
0.0020236542232613176
0.002000345750869332
0.0020147974909411645
0.002010039080677687
0.0019896405976065614
0.0019888835800236627
0.0019804174659544516
0.001974638246734915
0.0019870433491337566
0.0019864427202336294
0.001978518140747832
0.0019500735885234698
0.001958089220498517
0.0019545588705663225
0.0019565630385688726
0.0019458770494679824
0.0019501710404811407
0.0019201777865360018
0.001939673881809088
0.0019267871042178105
0.0019438226531833427
0.0019010088273884874
0.0019140325511578238
0.001927931817537896
0.0019062345667172625
0.0019078640637220717
0.001906577651583909
0.0019074569830696223
0.001878751656885979
0.0018937236762900454
0.0019020054374559031
0.0018875505536820028
0.0018854920441014559
0.001874039697222115
0.001853991016382451
0.0018616525455876982
0.0018289721601766156
0.0018436683639417712
0.0018398670839066627
0.0018453325691653185
0.0018444336396505263
0.001838396096178186
0.001827407927101647
0.001834624508925449
0.0018425303036856602
0.0018147651860753883
0.001806711107348966
0.0018110905952112698
0.0018244337900081918
0.0017636468252232827
0.0017639028837584632
0.0017692564943538524
0.0017970697185236714
0.0017593985854786596
0.001773676544939714
0.0017823480227782515
0.001788273123443784
0.0017573952742851624
0.001762397805216239
0.0017351030115492696
0.0017618183530860884
0.0017288204848763947
0.0017388284765562242
0.0017520656888680957
0.0017286465617649732
0.001722104998015004
0.0017201078582967724
0.0017140224949968104
0.0017045587191366533
0.0016953879186351755
0.0016948954101435013
0.0017013282609818683
0.0016817990710119618
0.0016687463274398236
0.0016926609404541372
0.0016875713427437799
0.0016590806487925996
0.00167027132091397
0.0016793039682120774
0.001655311308810994
0.0016584646536743084
0.0016626840250835587
0.0016610974029874902
0.0016450204063837165
0.0016302168161750985
0.0016210918392587869
0.0016163218129445244
0.0016085847391730797
0.0016067317356696531
0.0016047107477918253
0.0016177619043832045
0.001598392527344443
0.0015965659728592748
0.0015824370403049004
0.0016061416695690837
0.001584448302805407
0.001581983074118758
0.0015843022455779565
0.0015893389753199546
0.0015586086940473363
0.0015783209591758742
0.0015541472511812486
0.0015854350315640398
0.0015564837547559097
0.001566024141297617
0.0015358891046039298
0.0015057062536484615
0.0015332132334398925
0.0015342916408832576
0.0015181091335828597
0.0015363535052764431
0.0015175434434669
0.0015187766885292645
0.0015083691162119926
0.0014961500596269678
0.0015249100832923175
0.0015073193571008183
0.001510024732964583
0.0014927814797365384
0.0014844084128374153
0.0014579106491316165
0.0014970569969710783
0.001493214827032438
0.0014616740068574023
0.001464592280662511
0.0014543394377796994
0.0014610219528557468
0.0014690547694698717
0.0014512039801791484
0.001429758674124125
0.0014312856118425619
0.0014251227522813132
0.001431579265619289
0.0014223984988865203
0.0014227931325110999
0.0014066284208408318
0.0014085175688903747
0.0014055955584556963
0.0014008367114115316
0.0013955209168936987
0.001404505609657122
0.0013744866991839712
0.0013759500688091553
0.001380013234744468
0.0013770931158275984
0.0013489151775149056
0.0013726007301309811
0.0013549021317633653
0.001371033733988248
0.0013652287532001759
0.0013665422267915173
0.0013416146053543926
0.0013310159582025326
0.0013533340482993635
0.0013409096353702687
0.0013177945490634258
0.0013090837687694979
0.0013093649547244283
0.00131232020073754
0.0013165409939829684
0.0012973902469093548
0.0013020866004567221
0.0012954792967962683
0.0012919513546108543
0.001276185066961687
0.0012788185212044448
0.0012640887332322041
0.001272268880508397
0.0012485202025393255
0.001261572610027997
0.001259647179870299
0.0012426642256725628
0.0012590061464965148
0.001247291290736653
0.0012565291197235789
0.0012316054112853254
0.001231445825488914
0.0012145671556936452
0.0012115471997008313
0.0012060369496079638
0.001210169697655027
0.0012063664288441158
0.0012144047193667616
0.0011953289633553261
0.0011863781806660833
0.0011869441213175737
0.0011800331484068712
0.0011822024062218917
0.0011674537644095664
0.0011679711060159257
0.001167364686321333
0.0011539996937397522
0.0011523894683900123
0.0011324686018889336
0.0011394910594020795
0.0011392489629136703
0.0011278629313481536
0.0011322146271219781
0.0011419272501572194
0.001110947867511418
0.0011103497927869405
0.0011123264086406821
0.0011096134297029115
0.0010873461520893347
0.001103776588101429
0.0010926641635794975
0.0010981260723609667
0.001088346618146629
0.001076638009382955
0.0010640497540316287
0.0010687406166355082
0.0010554149784068525
0.0010589643625400311
0.001041296243898865
0.001029734896521784
0.001058296574060255
0.0010418613273556916
0.0010378486805005624
0.0010211172982027407
0.001025888359055885
0.0010179165944993647
0.0010049181116700246
0.0010089344439828058
0.0009964589942196508
0.0009945421446843322
0.0009759632691031748
0.0009888733653055212
0.0009758271979733834
0.000975729343006817
0.000981355629066248
0.000959328733724708
0.0009491084825941958
0.0009588147585566384
0.0009467293592009663
0.0009394990042712408
0.0009385599743075416
0.0009267860349324845
0.0009152403016632989
0.0009154874812647779
0.000920867663553817
0.0009117086073134682
0.0008958620171285673
0.0008969515674984729
0.0008950067959663423
0.0008811581244358539
0.0008921410321964896
0.0008875955798396798
0.0008646050064322685
0.0008633538909472695
0.0008681151327261794
0.0008616196601482702
0.0008480798410909372
0.0008418244055963291
0.0008402742787330963
0.0008173625979295697
0.0008321709729535894
0.0008122677012395094
0.000815465862606769
0.0008061703008354699
0.0008043958232009494
0.0008001898926437129
0.0007933450150419361
0.0007785987906629848
0.0007677707978266906
0.0007671481441309778
0.0007622436224640265
0.0007653576004567154
0.0007526783610501922
0.0007535974118750062
0.0007463060460543893
0.0007368204193729293
0.0007294292141742918
0.0007168398615888483
0.0007168677229291489
0.0007098479515064024
0.0007081009791442794
0.0006944229629022663
0.0006928407970934481
0.0006910192030971227
0.0006759127892389448
0.0006738711748163765
0.0006603628219940689
0.000660650101012246
0.0006484373772687276
0.0006458977853630388
0.0006380334014826648
0.0006275256792361467
0.0006229629822853503
0.0006154792525247931
0.0006021221780388019
0.0006042902128228239
0.0005967927456397799
0.0005818353535653435
0.0005750327568515571
0.0005665572046857435
0.0005595803110203028
0.0005523550836675371
0.000545129627754334
0.0005350416358582908
0.0005276777641753142
0.0005205194551358979
0.0005081655182473202
0.0004993716965668175
0.0004907764183033443
0.0004784784432879742
0.0004755522949182397
0.00046798016412308286
0.00045338980869781396
0.0004480555819252326
0.0004329771656493865
0.00042388642522136024
0.00042020515025675663
0.00040578830643050475
0.0003990987142014987
0.0003839786868995894
0.0003745228361276369
0.0003656134124946952
0.0003551503119127265
0.00034263538297152937
0.0003295735848522551
0.0003172769035209466
0.00030290188275699533
0.00028897207408714546
0.00027224434485475954
0.00025488745546100303
0.00023978268414337546
0.0002221501836637807
0.00020319789947046834
0.00018008065154231893
0.00015735676892231575
0.00012891211819677164
8.944871828203842e-05
3.1275989552275633e-16
